8.000000    0.0000000e+00 
8.070250    2.8100000e-19 
8.140500    5.6200000e-19 
8.210750    8.4300000e-19 
8.281000    1.1240000e-18 
8.351250    1.4050000e-18 
8.421500    1.6860000e-18 
8.491750    1.9670000e-18 
8.562000    2.2480000e-18 
8.632250    2.5290000e-18 
8.702500    2.8100000e-18 
8.772750    3.0910000e-18 
8.843000    3.3720000e-18 
8.913250    3.6530000e-18 
8.983500    3.9340000e-18 
9.053750    4.2150000e-18 
9.124000    4.4960000e-18 
9.194250    4.7770000e-18 
9.264500    5.0580000e-18 
9.334750    5.3390000e-18 
9.405000    5.6200000e-18 
9.475250    5.9010000e-18 
9.545500    6.1820000e-18 
9.615750    6.4630000e-18 
9.686000    6.7440000e-18 
9.756250    7.0250000e-18 
9.826500    7.3060000e-18 
9.896750    7.5870000e-18 
9.967000    7.8680000e-18 
10.037250    8.1490000e-18 
10.107500    8.4300000e-18 
10.177750    8.7110000e-18 
10.248000    8.9920000e-18 
10.318250    9.2730000e-18 
10.388500    9.5540000e-18 
10.458750    9.8350000e-18 
10.529000    1.0116000e-17 
10.599250    1.0397000e-17 
10.669500    1.0678000e-17 
10.739750    1.0959000e-17 
10.810000    1.1240000e-17 
10.880250    1.1521000e-17 
10.950500    1.1802000e-17 
11.020750    1.2083000e-17 
11.091000    1.2364000e-17 
11.161250    1.2645000e-17 
11.231500    1.2926000e-17 
11.301750    1.3207000e-17 
11.372000    1.3488000e-17 
11.442250    1.3769000e-17 
11.512500    1.4050000e-17 
11.582750    1.4331000e-17 
11.653000    1.4612000e-17 
11.723250    1.4893000e-17 
11.793500    1.5174000e-17 
11.863750    1.5455000e-17 
11.934000    1.5736000e-17 
12.004250    1.6017000e-17 
12.074500    1.6298000e-17 
12.144750    1.6579000e-17 
12.215000    1.6860000e-17 
12.285250    1.7141000e-17 
12.355500    1.7422000e-17 
12.425750    1.7703000e-17 
12.496000    1.7984000e-17 
12.566250    1.8265000e-17 
12.636500    1.8546000e-17 
12.706750    1.8827000e-17 
12.777000    1.9108000e-17 
12.847250    1.9389000e-17 
12.917500    1.9670000e-17 
12.987750    1.9951000e-17 
13.058000    2.0232000e-17 
13.128250    2.0513000e-17 
13.198500    2.0794000e-17 
13.268750    2.1075000e-17 
13.339000    2.1356000e-17 
13.409250    2.1637000e-17 
13.479500    2.1918000e-17 
13.549750    2.2308450e-17 
13.620000    2.2744000e-17 
13.690250    2.3179550e-17 
13.760500    2.3615100e-17 
13.830750    2.4050650e-17 
13.901000    2.4486200e-17 
13.971250    2.4921750e-17 
14.041500    2.5357300e-17 
14.111750    2.5792850e-17 
14.182000    2.6228400e-17 
14.252250    2.6663950e-17 
14.322500    2.7099500e-17 
14.392750    2.7535050e-17 
14.463000    2.7970600e-17 
14.533250    2.8406150e-17 
14.603500    2.8841700e-17 
14.673750    2.9277250e-17 
14.744000    2.9712800e-17 
14.814250    3.0148350e-17 
14.884500    3.0583900e-17 
14.954750    3.1019450e-17 
15.025000    3.1455000e-17 
15.095250    3.1890550e-17 
15.165500    3.2326100e-17 
15.235750    3.2761650e-17 
15.306000    3.3197200e-17 
15.376250    3.3632750e-17 
15.446500    3.4068300e-17 
15.516750    3.4503850e-17 
15.587000    3.4939400e-17 
15.657250    3.5374950e-17 
15.727500    3.5810500e-17 
15.797750    3.6246050e-17 
15.868000    3.6681600e-17 
15.938250    3.7117150e-17 
16.008500    3.7552700e-17 
16.078750    3.7988250e-17 
16.149000    3.8423800e-17 
16.219250    3.8859350e-17 
16.289500    3.9294900e-17 
16.359750    3.9730450e-17 
16.430000    4.0166000e-17 
16.500250    4.0601550e-17 
16.570500    4.1037100e-17 
16.640750    4.1472650e-17 
16.711000    4.1908200e-17 
16.781250    4.2343750e-17 
16.851500    4.2779300e-17 
16.921750    4.3214850e-17 
16.992000    4.3650400e-17 
17.062250    4.4085950e-17 
17.132500    4.4521500e-17 
17.202750    4.4957050e-17 
17.273000    4.5392600e-17 
17.343250    4.5828150e-17 
17.413500    4.6263700e-17 
17.483750    4.6699250e-17 
17.554000    4.7134800e-17 
17.624250    4.7570350e-17 
17.694500    4.8005900e-17 
17.764750    4.8441450e-17 
17.835000    4.8877000e-17 
17.905250    4.9312550e-17 
17.975500    4.9748100e-17 
18.045750    5.0183650e-17 
18.116000    5.0619200e-17 
18.186250    5.1054750e-17 
18.256500    5.1490300e-17 
18.326750    5.1925850e-17 
18.397000    5.2361400e-17 
18.467250    5.2796950e-17 
18.537500    5.3045000e-17 
18.607750    5.3129300e-17 
18.678000    5.3213600e-17 
18.748250    5.3297900e-17 
18.818500    5.3382200e-17 
18.888750    5.3466500e-17 
18.959000    5.3550800e-17 
19.029250    5.3635100e-17 
19.099500    5.3719400e-17 
19.169750    5.3803700e-17 
19.240000    5.3888000e-17 
19.310250    5.3972300e-17 
19.380500    5.4056600e-17 
19.450750    5.4140900e-17 
19.521000    5.4225200e-17 
19.591250    5.4309500e-17 
19.661500    5.4393800e-17 
19.731750    5.4478100e-17 
19.802000    5.4562400e-17 
19.872250    5.4646700e-17 
19.942500    5.4731000e-17 
20.012750    5.4815300e-17 
20.083000    5.4899600e-17 
20.153250    5.4983900e-17 
20.223500    5.5068200e-17 
20.293750    5.5152500e-17 
20.364000    5.5236800e-17 
20.434250    5.5321100e-17 
20.504500    5.5405400e-17 
20.574750    5.5489700e-17 
20.645000    5.5574000e-17 
20.715250    5.5658300e-17 
20.785500    5.5742600e-17 
20.855750    5.5826900e-17 
20.926000    5.5911200e-17 
20.996250    5.5995500e-17 
21.066500    5.5893600e-17 
21.136750    5.5781200e-17 
21.207000    5.5668800e-17 
21.277250    5.5556400e-17 
21.347500    5.5444000e-17 
21.417750    5.5331600e-17 
21.488000    5.5219200e-17 
21.558250    5.5106800e-17 
21.628500    5.4994400e-17 
21.698750    5.4882000e-17 
21.769000    5.4769600e-17 
21.839250    5.4657200e-17 
21.909500    5.4544800e-17 
21.979750    5.4432400e-17 
22.050000    5.4320000e-17 
22.120250    5.4207600e-17 
22.190500    5.4095200e-17 
22.260750    5.3982800e-17 
22.331000    5.3870400e-17 
22.401250    5.3758000e-17 
22.471500    5.3645600e-17 
22.541750    5.3533200e-17 
22.612000    5.3420800e-17 
22.682250    5.3308400e-17 
22.752500    5.3196000e-17 
22.822750    5.3083600e-17 
22.893000    5.2971200e-17 
22.963250    5.2858800e-17 
23.033500    5.2746400e-17 
23.103750    5.2634000e-17 
23.174000    5.2521600e-17 
23.244250    5.2409200e-17 
23.314500    5.2296800e-17 
23.384750    5.2184400e-17 
23.455000    5.2072000e-17 
23.525250    5.2035350e-17 
23.595500    5.2133700e-17 
23.665750    5.2232050e-17 
23.736000    5.2330400e-17 
23.806250    5.2428750e-17 
23.876500    5.2527100e-17 
23.946750    5.2625450e-17 
24.017000    5.2723800e-17 
24.087250    5.2822150e-17 
24.157500    5.2920500e-17 
24.227750    5.3018850e-17 
24.298000    5.3117200e-17 
24.368250    5.3215550e-17 
24.438500    5.3313900e-17 
24.508750    5.3412250e-17 
24.579000    5.3510600e-17 
24.649250    5.3608950e-17 
24.719500    5.3707300e-17 
24.789750    5.3805650e-17 
24.860000    5.3904000e-17 
24.930250    5.4002350e-17 
25.000500    5.4100700e-17 
25.070750    5.4199050e-17 
25.141000    5.4297400e-17 
25.211250    5.4395750e-17 
25.281500    5.4494100e-17 
25.351750    5.4592450e-17 
25.422000    5.4690800e-17 
25.492250    5.4789150e-17 
25.562500    5.4887500e-17 
25.632750    5.4985850e-17 
25.703000    5.5084200e-17 
25.773250    5.5182550e-17 
25.843500    5.5280900e-17 
25.913750    5.5379250e-17 
25.984000    5.5477600e-17 
26.054250    5.5575950e-17 
26.124500    5.5674300e-17 
26.194750    5.5772650e-17 
26.265000    5.5871000e-17 
26.335250    5.5969350e-17 
26.405500    5.6067700e-17 
26.475750    5.6166050e-17 
26.546000    5.6264400e-17 
26.616250    5.6362750e-17 
26.686500    5.6461100e-17 
26.756750    5.6559450e-17 
26.827000    5.6657800e-17 
26.897250    5.6756150e-17 
26.967500    5.6854500e-17 
27.037750    5.6952850e-17 
27.108000    5.7051200e-17 
27.178250    5.7149550e-17 
27.248500    5.7247900e-17 
27.318750    5.7346250e-17 
27.389000    5.7444600e-17 
27.459250    5.7542950e-17 
27.529500    5.7641300e-17 
27.599750    5.7739650e-17 
27.670000    5.7838000e-17 
27.740250    5.7936350e-17 
27.810500    5.8034700e-17 
27.880750    5.8133050e-17 
27.951000    5.8231400e-17 
28.021250    5.8329750e-17 
28.091500    5.8428100e-17 
28.161750    5.8526450e-17 
28.232000    5.8624800e-17 
28.302250    5.8723150e-17 
28.372500    5.8821500e-17 
28.442750    5.8919850e-17 
28.513000    5.9018200e-17 
28.583250    5.9116550e-17 
28.653500    5.9214900e-17 
28.723750    5.9313250e-17 
28.794000    5.9411600e-17 
28.864250    5.9509950e-17 
28.934500    5.9608300e-17 
29.004750    5.9706650e-17 
29.075000    5.9805000e-17 
29.145250    5.9903350e-17 
29.215500    6.0001700e-17 
29.285750    6.0100050e-17 
29.356000    6.0198400e-17 
29.426250    6.0296750e-17 
29.496500    6.0395100e-17 
29.566750    6.0493450e-17 
29.637000    6.0591800e-17 
29.707250    6.0690150e-17 
29.777500    6.0788500e-17 
29.847750    6.0886850e-17 
29.918000    6.0985200e-17 
29.988250    6.1083550e-17 
30.058500    6.1181900e-17 
30.128750    6.1280250e-17 
30.199000    6.1378600e-17 
30.269250    6.1476950e-17 
30.339500    6.1575300e-17 
30.409750    6.1673650e-17 
30.480000    6.1772000e-17 
30.550250    6.1870350e-17 
30.620500    6.1968700e-17 
30.690750    6.2067050e-17 
30.761000    6.2165400e-17 
30.831250    6.2263750e-17 
30.901500    6.2362100e-17 
30.971750    6.2460450e-17 
31.042000    6.2558800e-17 
31.112250    6.2657150e-17 
31.182500    6.2755500e-17 
31.252750    6.2853850e-17 
31.323000    6.2952200e-17 
31.393250    6.3050550e-17 
31.463500    6.3148900e-17 
31.533750    6.3247250e-17 
31.604000    6.3345600e-17 
31.674250    6.3443950e-17 
31.744500    6.3542300e-17 
31.814750    6.3640650e-17 
31.885000    6.3739000e-17 
31.955250    6.3837350e-17 
32.025500    6.3935700e-17 
32.095750    6.4034050e-17 
32.166000    6.4132400e-17 
32.236250    6.4230750e-17 
32.306500    6.4329100e-17 
32.376750    6.4427450e-17 
32.447000    6.4525800e-17 
32.517250    6.4624150e-17 
32.587500    6.4722500e-17 
32.657750    6.4820850e-17 
32.728000    6.4919200e-17 
32.798250    6.5017550e-17 
32.868500    6.5115900e-17 
32.938750    6.5214250e-17 
33.009000    6.5312600e-17 
33.079250    6.5410950e-17 
33.149500    6.5509300e-17 
33.219750    6.5607650e-17 
33.290000    6.5706000e-17 
33.360250    6.5804350e-17 
33.430500    6.5902700e-17 
33.500750    6.5999250e-17 
33.571000    6.5929000e-17 
33.641250    6.5858750e-17 
33.711500    6.5788500e-17 
33.781750    6.5718250e-17 
33.852000    6.5648000e-17 
33.922250    6.5577750e-17 
33.992500    6.5507500e-17 
34.062750    6.5437250e-17 
34.133000    6.5367000e-17 
34.203250    6.5296750e-17 
34.273500    6.5226500e-17 
34.343750    6.5156250e-17 
34.414000    6.5086000e-17 
34.484250    6.5015750e-17 
34.554500    6.4945500e-17 
34.624750    6.4875250e-17 
34.695000    6.4805000e-17 
34.765250    6.4734750e-17 
34.835500    6.4664500e-17 
34.905750    6.4594250e-17 
34.976000    6.4524000e-17 
35.046250    6.4453750e-17 
35.116500    6.4383500e-17 
35.186750    6.4313250e-17 
35.257000    6.4243000e-17 
35.327250    6.4172750e-17 
35.397500    6.4102500e-17 
35.467750    6.4032250e-17 
35.538000    6.3962000e-17 
35.608250    6.3891750e-17 
35.678500    6.3821500e-17 
35.748750    6.3751250e-17 
35.819000    6.3681000e-17 
35.889250    6.3610750e-17 
35.959500    6.3540500e-17 
36.029750    6.3470250e-17 
36.100000    6.3400000e-17 
36.170250    6.3329750e-17 
36.240500    6.3259500e-17 
36.310750    6.3189250e-17 
36.381000    6.3119000e-17 
36.451250    6.3048750e-17 
36.521500    6.2978500e-17 
36.591750    6.2908250e-17 
36.662000    6.2838000e-17 
36.732250    6.2767750e-17 
36.802500    6.2697500e-17 
36.872750    6.2627250e-17 
36.943000    6.2557000e-17 
37.013250    6.2486750e-17 
37.083500    6.2416500e-17 
37.153750    6.2346250e-17 
37.224000    6.2276000e-17 
37.294250    6.2205750e-17 
37.364500    6.2135500e-17 
37.434750    6.2065250e-17 
37.505000    6.1995000e-17 
37.575250    6.1924750e-17 
37.645500    6.1854500e-17 
37.715750    6.1784250e-17 
37.786000    6.1714000e-17 
37.856250    6.1643750e-17 
37.926500    6.1573500e-17 
37.996750    6.1503250e-17 
38.067000    6.1433000e-17 
38.137250    6.1362750e-17 
38.207500    6.1292500e-17 
38.277750    6.1222250e-17 
38.348000    6.1152000e-17 
38.418250    6.1081750e-17 
38.488500    6.1011500e-17 
38.558750    6.0953000e-17 
38.629000    6.0896800e-17 
38.699250    6.0840600e-17 
38.769500    6.0784400e-17 
38.839750    6.0728200e-17 
38.910000    6.0672000e-17 
38.980250    6.0615800e-17 
39.050500    6.0559600e-17 
39.120750    6.0503400e-17 
39.191000    6.0447200e-17 
39.261250    6.0391000e-17 
39.331500    6.0334800e-17 
39.401750    6.0278600e-17 
39.472000    6.0222400e-17 
39.542250    6.0166200e-17 
39.612500    6.0110000e-17 
39.682750    6.0053800e-17 
39.753000    5.9997600e-17 
39.823250    5.9941400e-17 
39.893500    5.9885200e-17 
39.963750    5.9829000e-17 
40.034000    5.9772800e-17 
40.104250    5.9716600e-17 
40.174500    5.9660400e-17 
40.244750    5.9604200e-17 
40.315000    5.9548000e-17 
40.385250    5.9491800e-17 
40.455500    5.9435600e-17 
40.525750    5.9379400e-17 
40.596000    5.9323200e-17 
40.666250    5.9267000e-17 
40.736500    5.9210800e-17 
40.806750    5.9154600e-17 
40.877000    5.9098400e-17 
40.947250    5.9042200e-17 
41.017500    5.8986000e-17 
41.087750    5.8929800e-17 
41.158000    5.8873600e-17 
41.228250    5.8817400e-17 
41.298500    5.8761200e-17 
41.368750    5.8705000e-17 
41.439000    5.8648800e-17 
41.509250    5.8592600e-17 
41.579500    5.8536400e-17 
41.649750    5.8480200e-17 
41.720000    5.8424000e-17 
41.790250    5.8367800e-17 
41.860500    5.8311600e-17 
41.930750    5.8255400e-17 
42.001000    5.8199200e-17 
42.071250    5.8143000e-17 
42.141500    5.8086800e-17 
42.211750    5.8030600e-17 
42.282000    5.7974400e-17 
42.352250    5.7918200e-17 
42.422500    5.7862000e-17 
42.492750    5.7805800e-17 
42.563000    5.7749600e-17 
42.633250    5.7693400e-17 
42.703500    5.7637200e-17 
42.773750    5.7581000e-17 
42.844000    5.7524800e-17 
42.914250    5.7468600e-17 
42.984500    5.7412400e-17 
43.054750    5.7356200e-17 
43.125000    5.7300000e-17 
43.195250    5.7243800e-17 
43.265500    5.7187600e-17 
43.335750    5.7131400e-17 
43.406000    5.7075200e-17 
43.476250    5.7019000e-17 
43.546500    5.6962800e-17 
43.616750    5.6906600e-17 
43.687000    5.6850400e-17 
43.757250    5.6794200e-17 
43.827500    5.6738000e-17 
43.897750    5.6681800e-17 
43.968000    5.6625600e-17 
44.038250    5.6569400e-17 
44.108500    5.6513200e-17 
44.178750    5.6457000e-17 
44.249000    5.6400800e-17 
44.319250    5.6344600e-17 
44.389500    5.6288400e-17 
44.459750    5.6232200e-17 
44.530000    5.6176000e-17 
44.600250    5.6119800e-17 
44.670500    5.6063600e-17 
44.740750    5.6007400e-17 
44.811000    5.5951200e-17 
44.881250    5.5895000e-17 
44.951500    5.5838800e-17 
45.021750    5.5782600e-17 
45.092000    5.5726400e-17 
45.162250    5.5670200e-17 
45.232500    5.5614000e-17 
45.302750    5.5557800e-17 
45.373000    5.5501600e-17 
45.443250    5.5445400e-17 
45.513500    5.5389200e-17 
45.583750    5.5333000e-17 
45.654000    5.5276800e-17 
45.724250    5.5220600e-17 
45.794500    5.5164400e-17 
45.864750    5.5108200e-17 
45.935000    5.5052000e-17 
46.005250    5.4995800e-17 
46.075500    5.4939600e-17 
46.145750    5.4883400e-17 
46.216000    5.4827200e-17 
46.286250    5.4771000e-17 
46.356500    5.4714800e-17 
46.426750    5.4658600e-17 
46.497000    5.4602400e-17 
46.567250    5.4546200e-17 
46.637500    5.4490000e-17 
46.707750    5.4433800e-17 
46.778000    5.4377600e-17 
46.848250    5.4321400e-17 
46.918500    5.4265200e-17 
46.988750    5.4209000e-17 
47.059000    5.4152800e-17 
47.129250    5.4096600e-17 
47.199500    5.4040400e-17 
47.269750    5.3984200e-17 
47.340000    5.3928000e-17 
47.410250    5.3871800e-17 
47.480500    5.3815600e-17 
47.550750    5.3759400e-17 
47.621000    5.3703200e-17 
47.691250    5.3647000e-17 
47.761500    5.3590800e-17 
47.831750    5.3534600e-17 
47.902000    5.3478400e-17 
47.972250    5.3422200e-17 
48.042500    5.3366000e-17 
48.112750    5.3309800e-17 
48.183000    5.3253600e-17 
48.253250    5.3197400e-17 
48.323500    5.3141200e-17 
48.393750    5.3085000e-17 
48.464000    5.3028800e-17 
48.534250    5.2969175e-17 
48.604500    5.2905950e-17 
48.674750    5.2842725e-17 
48.745000    5.2779500e-17 
48.815250    5.2716275e-17 
48.885500    5.2653050e-17 
48.955750    5.2589825e-17 
49.026000    5.2526600e-17 
49.096250    5.2463375e-17 
49.166500    5.2400150e-17 
49.236750    5.2336925e-17 
49.307000    5.2273700e-17 
49.377250    5.2210475e-17 
49.447500    5.2147250e-17 
49.517750    5.2084025e-17 
49.588000    5.2020800e-17 
49.658250    5.1957575e-17 
49.728500    5.1894350e-17 
49.798750    5.1831125e-17 
49.869000    5.1767900e-17 
49.939250    5.1704675e-17 
50.009500    5.1641450e-17 
50.079750    5.1578225e-17 
50.150000    5.1515000e-17 
50.220250    5.1451775e-17 
50.290500    5.1388550e-17 
50.360750    5.1325325e-17 
50.431000    5.1262100e-17 
50.501250    5.1198875e-17 
50.571500    5.1135650e-17 
50.641750    5.1072425e-17 
50.712000    5.1009200e-17 
50.782250    5.0945975e-17 
50.852500    5.0882750e-17 
50.922750    5.0819525e-17 
50.993000    5.0756300e-17 
51.063250    5.0693075e-17 
51.133500    5.0629850e-17 
51.203750    5.0566625e-17 
51.274000    5.0503400e-17 
51.344250    5.0440175e-17 
51.414500    5.0376950e-17 
51.484750    5.0313725e-17 
51.555000    5.0250500e-17 
51.625250    5.0187275e-17 
51.695500    5.0124050e-17 
51.765750    5.0060825e-17 
51.836000    4.9997600e-17 
51.906250    4.9934375e-17 
51.976500    4.9871150e-17 
52.046750    4.9807925e-17 
52.117000    4.9744700e-17 
52.187250    4.9681475e-17 
52.257500    4.9618250e-17 
52.327750    4.9555025e-17 
52.398000    4.9491800e-17 
52.468250    4.9428575e-17 
52.538500    4.9365350e-17 
52.608750    4.9302125e-17 
52.679000    4.9238900e-17 
52.749250    4.9175675e-17 
52.819500    4.9112450e-17 
52.889750    4.9049225e-17 
52.960000    4.8986000e-17 
53.030250    4.8922775e-17 
53.100500    4.8859550e-17 
53.170750    4.8796325e-17 
53.241000    4.8733100e-17 
53.311250    4.8669875e-17 
53.381500    4.8606650e-17 
53.451750    4.8543425e-17 
53.522000    4.8480200e-17 
53.592250    4.8416975e-17 
53.662500    4.8353750e-17 
53.732750    4.8290525e-17 
53.803000    4.8227300e-17 
53.873250    4.8164075e-17 
53.943500    4.8100850e-17 
54.013750    4.8037625e-17 
54.084000    4.7974400e-17 
54.154250    4.7911175e-17 
54.224500    4.7847950e-17 
54.294750    4.7784725e-17 
54.365000    4.7721500e-17 
54.435250    4.7658275e-17 
54.505500    4.7595050e-17 
54.575750    4.7531825e-17 
54.646000    4.7468600e-17 
54.716250    4.7405375e-17 
54.786500    4.7342150e-17 
54.856750    4.7278925e-17 
54.927000    4.7215700e-17 
54.997250    4.7152475e-17 
55.067500    4.7089250e-17 
55.137750    4.7026025e-17 
55.208000    4.6962800e-17 
55.278250    4.6899575e-17 
55.348500    4.6836350e-17 
55.418750    4.6773125e-17 
55.489000    4.6709900e-17 
55.559250    4.6646675e-17 
55.629500    4.6583450e-17 
55.699750    4.6520225e-17 
55.770000    4.6457000e-17 
55.840250    4.6393775e-17 
55.910500    4.6330550e-17 
55.980750    4.6267325e-17 
56.051000    4.6204100e-17 
56.121250    4.6140875e-17 
56.191500    4.6077650e-17 
56.261750    4.6014425e-17 
56.332000    4.5951200e-17 
56.402250    4.5887975e-17 
56.472500    4.5824750e-17 
56.542750    4.5761525e-17 
56.613000    4.5698300e-17 
56.683250    4.5635075e-17 
56.753500    4.5571850e-17 
56.823750    4.5508625e-17 
56.894000    4.5445400e-17 
56.964250    4.5382175e-17 
57.034500    4.5318950e-17 
57.104750    4.5255725e-17 
57.175000    4.5192500e-17 
57.245250    4.5129275e-17 
57.315500    4.5066050e-17 
57.385750    4.5002825e-17 
57.456000    4.4939600e-17 
57.526250    4.4876375e-17 
57.596500    4.4813150e-17 
57.666750    4.4749925e-17 
57.737000    4.4686700e-17 
57.807250    4.4623475e-17 
57.877500    4.4560250e-17 
57.947750    4.4497025e-17 
58.018000    4.4433800e-17 
58.088250    4.4370575e-17 
58.158500    4.4307350e-17 
58.228750    4.4244125e-17 
58.299000    4.4180900e-17 
58.369250    4.4117675e-17 
58.439500    4.4054450e-17 
58.509750    4.3995450e-17 
58.580000    4.3962667e-17 
58.650250    4.3929883e-17 
58.720500    4.3897100e-17 
58.790750    4.3864317e-17 
58.861000    4.3831533e-17 
58.931250    4.3798750e-17 
59.001500    4.3765967e-17 
59.071750    4.3733183e-17 
59.142000    4.3700400e-17 
59.212250    4.3667617e-17 
59.282500    4.3634833e-17 
59.352750    4.3602050e-17 
59.423000    4.3569267e-17 
59.493250    4.3536483e-17 
59.563500    4.3503700e-17 
59.633750    4.3470917e-17 
59.704000    4.3438133e-17 
59.774250    4.3405350e-17 
59.844500    4.3372567e-17 
59.914750    4.3339783e-17 
59.985000    4.3307000e-17 
60.055250    4.3274217e-17 
60.125500    4.3241433e-17 
60.195750    4.3208650e-17 
60.266000    4.3175867e-17 
60.336250    4.3143083e-17 
60.406500    4.3110300e-17 
60.476750    4.3077517e-17 
60.547000    4.3044733e-17 
60.617250    4.3011950e-17 
60.687500    4.2979167e-17 
60.757750    4.2946383e-17 
60.828000    4.2913600e-17 
60.898250    4.2880817e-17 
60.968500    4.2848033e-17 
61.038750    4.2815250e-17 
61.109000    4.2782467e-17 
61.179250    4.2749683e-17 
61.249500    4.2716900e-17 
61.319750    4.2684117e-17 
61.390000    4.2651333e-17 
61.460250    4.2618550e-17 
61.530500    4.2585767e-17 
61.600750    4.2552983e-17 
61.671000    4.2520200e-17 
61.741250    4.2487417e-17 
61.811500    4.2454633e-17 
61.881750    4.2421850e-17 
61.952000    4.2389067e-17 
62.022250    4.2356283e-17 
62.092500    4.2323500e-17 
62.162750    4.2290717e-17 
62.233000    4.2257933e-17 
62.303250    4.2225150e-17 
62.373500    4.2192367e-17 
62.443750    4.2159583e-17 
62.514000    4.2126800e-17 
62.584250    4.2094017e-17 
62.654500    4.2061233e-17 
62.724750    4.2028450e-17 
62.795000    4.1995667e-17 
62.865250    4.1962883e-17 
62.935500    4.1930100e-17 
63.005750    4.1897317e-17 
63.076000    4.1864533e-17 
63.146250    4.1831750e-17 
63.216500    4.1798967e-17 
63.286750    4.1766183e-17 
63.357000    4.1733400e-17 
63.427250    4.1700617e-17 
63.497500    4.1667833e-17 
63.567750    4.1635050e-17 
63.638000    4.1602267e-17 
63.708250    4.1569483e-17 
63.778500    4.1536700e-17 
63.848750    4.1503917e-17 
63.919000    4.1471133e-17 
63.989250    4.1438350e-17 
64.059500    4.1405567e-17 
64.129750    4.1372783e-17 
64.200000    4.1340000e-17 
64.270250    4.1307217e-17 
64.340500    4.1274433e-17 
64.410750    4.1241650e-17 
64.481000    4.1208867e-17 
64.551250    4.1176083e-17 
64.621500    4.1143300e-17 
64.691750    4.1110517e-17 
64.762000    4.1077733e-17 
64.832250    4.1044950e-17 
64.902500    4.1012167e-17 
64.972750    4.0979383e-17 
65.043000    4.0946600e-17 
65.113250    4.0913817e-17 
65.183500    4.0881033e-17 
65.253750    4.0848250e-17 
65.324000    4.0815467e-17 
65.394250    4.0782683e-17 
65.464500    4.0749900e-17 
65.534750    4.0717117e-17 
65.605000    4.0684333e-17 
65.675250    4.0651550e-17 
65.745500    4.0618767e-17 
65.815750    4.0585983e-17 
65.886000    4.0553200e-17 
65.956250    4.0520417e-17 
66.026500    4.0487633e-17 
66.096750    4.0454850e-17 
66.167000    4.0422067e-17 
66.237250    4.0389283e-17 
66.307500    4.0356500e-17 
66.377750    4.0323717e-17 
66.448000    4.0290933e-17 
66.518250    4.0258150e-17 
66.588500    4.0225367e-17 
66.658750    4.0192583e-17 
66.729000    4.0159800e-17 
66.799250    4.0127017e-17 
66.869500    4.0094233e-17 
66.939750    4.0061450e-17 
67.010000    4.0028667e-17 
67.080250    3.9995883e-17 
67.150500    3.9963100e-17 
67.220750    3.9930317e-17 
67.291000    3.9897533e-17 
67.361250    3.9864750e-17 
67.431500    3.9831967e-17 
67.501750    3.9799183e-17 
67.572000    3.9766400e-17 
67.642250    3.9733617e-17 
67.712500    3.9700833e-17 
67.782750    3.9668050e-17 
67.853000    3.9635267e-17 
67.923250    3.9602483e-17 
67.993500    3.9569700e-17 
68.063750    3.9536917e-17 
68.134000    3.9504133e-17 
68.204250    3.9471350e-17 
68.274500    3.9438567e-17 
68.344750    3.9405783e-17 
68.415000    3.9373000e-17 
68.485250    3.9340217e-17 
68.555500    3.9307433e-17 
68.625750    3.9274650e-17 
68.696000    3.9241867e-17 
68.766250    3.9209083e-17 
68.836500    3.9176300e-17 
68.906750    3.9143517e-17 
68.977000    3.9110733e-17 
69.047250    3.9077950e-17 
69.117500    3.9045167e-17 
69.187750    3.9012383e-17 
69.258000    3.8979600e-17 
69.328250    3.8946817e-17 
69.398500    3.8914033e-17 
69.468750    3.8881250e-17 
69.539000    3.8848467e-17 
69.609250    3.8815683e-17 
69.679500    3.8782900e-17 
69.749750    3.8750117e-17 
69.820000    3.8717333e-17 
69.890250    3.8684550e-17 
69.960500    3.8651767e-17 
70.030750    3.8618983e-17 
70.101000    3.8586200e-17 
70.171250    3.8553417e-17 
70.241500    3.8520633e-17 
70.311750    3.8487850e-17 
70.382000    3.8455067e-17 
70.452250    3.8422283e-17 
70.522500    3.8389500e-17 
70.592750    3.8356717e-17 
70.663000    3.8323933e-17 
70.733250    3.8291150e-17 
70.803500    3.8258367e-17 
70.873750    3.8225583e-17 
70.944000    3.8192800e-17 
71.014250    3.8160017e-17 
71.084500    3.8127233e-17 
71.154750    3.8094450e-17 
71.225000    3.8061667e-17 
71.295250    3.8028883e-17 
71.365500    3.7996100e-17 
71.435750    3.7963317e-17 
71.506000    3.7930533e-17 
71.576250    3.7897750e-17 
71.646500    3.7864967e-17 
71.716750    3.7832183e-17 
71.787000    3.7799400e-17 
71.857250    3.7766617e-17 
71.927500    3.7733833e-17 
71.997750    3.7701050e-17 
72.068000    3.7668267e-17 
72.138250    3.7635483e-17 
72.208500    3.7602700e-17 
72.278750    3.7569917e-17 
72.349000    3.7537133e-17 
72.419250    3.7504350e-17 
72.489500    3.7471567e-17 
72.559750    3.7438783e-17 
72.630000    3.7406000e-17 
72.700250    3.7373217e-17 
72.770500    3.7340433e-17 
72.840750    3.7307650e-17 
72.911000    3.7274867e-17 
72.981250    3.7242083e-17 
73.051500    3.7209300e-17 
73.121750    3.7176517e-17 
73.192000    3.7143733e-17 
73.262250    3.7110950e-17 
73.332500    3.7078167e-17 
73.402750    3.7045383e-17 
73.473000    3.7012600e-17 
73.543250    3.6993080e-17 
73.613500    3.6981840e-17 
73.683750    3.6970600e-17 
73.754000    3.6959360e-17 
73.824250    3.6948120e-17 
73.894500    3.6936880e-17 
73.964750    3.6925640e-17 
74.035000    3.6914400e-17 
74.105250    3.6903160e-17 
74.175500    3.6891920e-17 
74.245750    3.6880680e-17 
74.316000    3.6869440e-17 
74.386250    3.6858200e-17 
74.456500    3.6846960e-17 
74.526750    3.6835720e-17 
74.597000    3.6824480e-17 
74.667250    3.6813240e-17 
74.737500    3.6802000e-17 
74.807750    3.6790760e-17 
74.878000    3.6779520e-17 
74.948250    3.6768280e-17 
75.018500    3.6757040e-17 
75.088750    3.6745800e-17 
75.159000    3.6734560e-17 
75.229250    3.6723320e-17 
75.299500    3.6712080e-17 
75.369750    3.6700840e-17 
75.440000    3.6689600e-17 
75.510250    3.6678360e-17 
75.580500    3.6667120e-17 
75.650750    3.6655880e-17 
75.721000    3.6644640e-17 
75.791250    3.6633400e-17 
75.861500    3.6622160e-17 
75.931750    3.6610920e-17 
76.002000    3.6599680e-17 
76.072250    3.6588440e-17 
76.142500    3.6577200e-17 
76.212750    3.6565960e-17 
76.283000    3.6554720e-17 
76.353250    3.6543480e-17 
76.423500    3.6532240e-17 
76.493750    3.6521000e-17 
76.564000    3.6509760e-17 
76.634250    3.6498520e-17 
76.704500    3.6487280e-17 
76.774750    3.6476040e-17 
76.845000    3.6464800e-17 
76.915250    3.6453560e-17 
76.985500    3.6442320e-17 
77.055750    3.6431080e-17 
77.126000    3.6419840e-17 
77.196250    3.6408600e-17 
77.266500    3.6397360e-17 
77.336750    3.6386120e-17 
77.407000    3.6374880e-17 
77.477250    3.6363640e-17 
77.547500    3.6352400e-17 
77.617750    3.6341160e-17 
77.688000    3.6329920e-17 
77.758250    3.6318680e-17 
77.828500    3.6307440e-17 
77.898750    3.6296200e-17 
77.969000    3.6284960e-17 
78.039250    3.6273720e-17 
78.109500    3.6262480e-17 
78.179750    3.6251240e-17 
78.250000    3.6240000e-17 
78.320250    3.6228760e-17 
78.390500    3.6217520e-17 
78.460750    3.6206280e-17 
78.531000    3.6195040e-17 
78.601250    3.6183800e-17 
78.671500    3.6172560e-17 
78.741750    3.6161320e-17 
78.812000    3.6150080e-17 
78.882250    3.6138840e-17 
78.952500    3.6127600e-17 
79.022750    3.6116360e-17 
79.093000    3.6105120e-17 
79.163250    3.6093880e-17 
79.233500    3.6082640e-17 
79.303750    3.6071400e-17 
79.374000    3.6060160e-17 
79.444250    3.6048920e-17 
79.514500    3.6037680e-17 
79.584750    3.6026440e-17 
79.655000    3.6015200e-17 
79.725250    3.6003960e-17 
79.795500    3.5992720e-17 
79.865750    3.5981480e-17 
79.936000    3.5970240e-17 
80.006250    3.5959000e-17 
80.076500    3.5947760e-17 
80.146750    3.5936520e-17 
80.217000    3.5925280e-17 
80.287250    3.5914040e-17 
80.357500    3.5902800e-17 
80.427750    3.5891560e-17 
80.498000    3.5880320e-17 
80.568250    3.5869080e-17 
80.638500    3.5857840e-17 
80.708750    3.5846600e-17 
80.779000    3.5835360e-17 
80.849250    3.5824120e-17 
80.919500    3.5812880e-17 
80.989750    3.5801640e-17 
81.060000    3.5790400e-17 
81.130250    3.5779160e-17 
81.200500    3.5767920e-17 
81.270750    3.5756680e-17 
81.341000    3.5745440e-17 
81.411250    3.5734200e-17 
81.481500    3.5722960e-17 
81.551750    3.5711720e-17 
81.622000    3.5700480e-17 
81.692250    3.5689240e-17 
81.762500    3.5678000e-17 
81.832750    3.5666760e-17 
81.903000    3.5655520e-17 
81.973250    3.5644280e-17 
82.043500    3.5633040e-17 
82.113750    3.5621800e-17 
82.184000    3.5610560e-17 
82.254250    3.5599320e-17 
82.324500    3.5588080e-17 
82.394750    3.5576840e-17 
82.465000    3.5565600e-17 
82.535250    3.5554360e-17 
82.605500    3.5543120e-17 
82.675750    3.5531880e-17 
82.746000    3.5520640e-17 
82.816250    3.5509400e-17 
82.886500    3.5498160e-17 
82.956750    3.5486920e-17 
83.027000    3.5475680e-17 
83.097250    3.5464440e-17 
83.167500    3.5453200e-17 
83.237750    3.5441960e-17 
83.308000    3.5430720e-17 
83.378250    3.5419480e-17 
83.448500    3.5408240e-17 
83.518750    3.5397000e-17 
83.589000    3.5385760e-17 
83.659250    3.5374520e-17 
83.729500    3.5363280e-17 
83.799750    3.5352040e-17 
83.870000    3.5340800e-17 
83.940250    3.5329560e-17 
84.010500    3.5318320e-17 
84.080750    3.5307080e-17 
84.151000    3.5295840e-17 
84.221250    3.5284600e-17 
84.291500    3.5273360e-17 
84.361750    3.5262120e-17 
84.432000    3.5250880e-17 
84.502250    3.5239640e-17 
84.572500    3.5228400e-17 
84.642750    3.5217160e-17 
84.713000    3.5205920e-17 
84.783250    3.5194680e-17 
84.853500    3.5183440e-17 
84.923750    3.5172200e-17 
84.994000    3.5160960e-17 
85.064250    3.5149720e-17 
85.134500    3.5138480e-17 
85.204750    3.5127240e-17 
85.275000    3.5116000e-17 
85.345250    3.5104760e-17 
85.415500    3.5093520e-17 
85.485750    3.5082280e-17 
85.556000    3.5071040e-17 
85.626250    3.5059800e-17 
85.696500    3.5048560e-17 
85.766750    3.5037320e-17 
85.837000    3.5026080e-17 
85.907250    3.5014840e-17 
85.977500    3.5003600e-17 
86.047750    3.4992360e-17 
86.118000    3.4981120e-17 
86.188250    3.4969880e-17 
86.258500    3.4958640e-17 
86.328750    3.4947400e-17 
86.399000    3.4936160e-17 
86.469250    3.4924920e-17 
86.539500    3.4913680e-17 
86.609750    3.4902440e-17 
86.680000    3.4891200e-17 
86.750250    3.4879960e-17 
86.820500    3.4868720e-17 
86.890750    3.4857480e-17 
86.961000    3.4846240e-17 
87.031250    3.4835000e-17 
87.101500    3.4823760e-17 
87.171750    3.4812520e-17 
87.242000    3.4801280e-17 
87.312250    3.4790040e-17 
87.382500    3.4778800e-17 
87.452750    3.4767560e-17 
87.523000    3.4756320e-17 
87.593250    3.4745080e-17 
87.663500    3.4733840e-17 
87.733750    3.4722600e-17 
87.804000    3.4711360e-17 
87.874250    3.4700120e-17 
87.944500    3.4688880e-17 
88.014750    3.4677640e-17 
88.085000    3.4666400e-17 
88.155250    3.4655160e-17 
88.225500    3.4643920e-17 
88.295750    3.4632680e-17 
88.366000    3.4621440e-17 
88.436250    3.4610200e-17 
88.506500    3.4598960e-17 
88.576750    3.4587720e-17 
88.647000    3.4576480e-17 
88.717250    3.4565240e-17 
88.787500    3.4554000e-17 
88.857750    3.4542760e-17 
88.928000    3.4531520e-17 
88.998250    3.4520280e-17 
89.068500    3.4509040e-17 
89.138750    3.4497800e-17 
89.209000    3.4486560e-17 
89.279250    3.4475320e-17 
89.349500    3.4464080e-17 
89.419750    3.4452840e-17 
89.490000    3.4441600e-17 
89.560250    3.4430360e-17 
89.630500    3.4419120e-17 
89.700750    3.4407880e-17 
89.771000    3.4396640e-17 
89.841250    3.4385400e-17 
89.911500    3.4374160e-17 
89.981750    3.4362920e-17 
90.052000    3.4351680e-17 
90.122250    3.4340440e-17 
90.192500    3.4329200e-17 
90.262750    3.4317960e-17 
90.333000    3.4306720e-17 
90.403250    3.4295480e-17 
90.473500    3.4284240e-17 
90.543750    3.4273000e-17 
90.614000    3.4261760e-17 
90.684250    3.4250520e-17 
90.754500    3.4239280e-17 
90.824750    3.4228040e-17 
90.895000    3.4216800e-17 
90.965250    3.4205560e-17 
91.035500    3.4194320e-17 
91.105750    3.4183080e-17 
91.176000    3.4171840e-17 
91.246250    3.4160600e-17 
91.316500    3.4149360e-17 
91.386750    3.4138120e-17 
91.457000    3.4126880e-17 
91.527250    3.4115640e-17 
91.597500    3.4104400e-17 
91.667750    3.4093160e-17 
91.738000    3.4081920e-17 
91.808250    3.4070680e-17 
91.878500    3.4059440e-17 
91.948750    3.4048200e-17 
92.019000    3.4036960e-17 
92.089250    3.4025720e-17 
92.159500    3.4014480e-17 
92.229750    3.4003240e-17 
92.300000    3.3992000e-17 
92.370250    3.3980760e-17 
92.440500    3.3969520e-17 
92.510750    3.3958280e-17 
92.581000    3.3947040e-17 
92.651250    3.3935800e-17 
92.721500    3.3924560e-17 
92.791750    3.3913320e-17 
92.862000    3.3902080e-17 
92.932250    3.3890840e-17 
93.002500    3.3879600e-17 
93.072750    3.3868360e-17 
93.143000    3.3857120e-17 
93.213250    3.3845880e-17 
93.283500    3.3834640e-17 
93.353750    3.3823400e-17 
93.424000    3.3812160e-17 
93.494250    3.3800920e-17 
93.564500    3.3789680e-17 
93.634750    3.3778440e-17 
93.705000    3.3767200e-17 
93.775250    3.3755960e-17 
93.845500    3.3744720e-17 
93.915750    3.3733480e-17 
93.986000    3.3722240e-17 
94.056250    3.3711000e-17 
94.126500    3.3699760e-17 
94.196750    3.3688520e-17 
94.267000    3.3677280e-17 
94.337250    3.3666040e-17 
94.407500    3.3654800e-17 
94.477750    3.3643560e-17 
94.548000    3.3632320e-17 
94.618250    3.3621080e-17 
94.688500    3.3609840e-17 
94.758750    3.3598600e-17 
94.829000    3.3587360e-17 
94.899250    3.3576120e-17 
94.969500    3.3564880e-17 
95.039750    3.3553640e-17 
95.110000    3.3542400e-17 
95.180250    3.3531160e-17 
95.250500    3.3519920e-17 
95.320750    3.3508680e-17 
95.391000    3.3497440e-17 
95.461250    3.3486200e-17 
95.531500    3.3474960e-17 
95.601750    3.3463720e-17 
95.672000    3.3452480e-17 
95.742250    3.3441240e-17 
95.812500    3.3430000e-17 
95.882750    3.3418760e-17 
95.953000    3.3407520e-17 
96.023250    3.3396280e-17 
96.093500    3.3385040e-17 
96.163750    3.3373800e-17 
96.234000    3.3362560e-17 
96.304250    3.3351320e-17 
96.374500    3.3340080e-17 
96.444750    3.3328840e-17 
96.515000    3.3317600e-17 
96.585250    3.3306360e-17 
96.655500    3.3295120e-17 
96.725750    3.3283880e-17 
96.796000    3.3272640e-17 
96.866250    3.3261400e-17 
96.936500    3.3250160e-17 
97.006750    3.3238920e-17 
97.077000    3.3227680e-17 
97.147250    3.3216440e-17 
97.217500    3.3205200e-17 
97.287750    3.3193960e-17 
97.358000    3.3182720e-17 
97.428250    3.3171480e-17 
97.498500    3.3160240e-17 
97.568750    3.3149000e-17 
97.639000    3.3137760e-17 
97.709250    3.3126520e-17 
97.779500    3.3115280e-17 
97.849750    3.3104040e-17 
97.920000    3.3092800e-17 
97.990250    3.3081560e-17 
98.060500    3.3070320e-17 
98.130750    3.3059080e-17 
98.201000    3.3047840e-17 
98.271250    3.3036600e-17 
98.341500    3.3025360e-17 
98.411750    3.3014120e-17 
98.482000    3.3002880e-17 
98.552250    3.2996865e-17 
98.622500    3.2992650e-17 
98.692750    3.2988435e-17 
98.763000    3.2984220e-17 
98.833250    3.2980005e-17 
98.903500    3.2975790e-17 
98.973750    3.2971575e-17 
99.044000    3.2967360e-17 
99.114250    3.2963145e-17 
99.184500    3.2958930e-17 
99.254750    3.2954715e-17 
99.325000    3.2950500e-17 
99.395250    3.2946285e-17 
99.465500    3.2942070e-17 
99.535750    3.2937855e-17 
99.606000    3.2933640e-17 
99.676250    3.2929425e-17 
99.746500    3.2925210e-17 
99.816750    3.2920995e-17 
99.887000    3.2916780e-17 
99.957250    3.2912565e-17 
100.027500    3.2908350e-17 
100.097750    3.2904135e-17 
100.168000    3.2899920e-17 
100.238250    3.2895705e-17 
100.308500    3.2891490e-17 
100.378750    3.2887275e-17 
100.449000    3.2883060e-17 
100.519250    3.2878845e-17 
100.589500    3.2874630e-17 
100.659750    3.2870415e-17 
100.730000    3.2866200e-17 
100.800250    3.2861985e-17 
100.870500    3.2857770e-17 
100.940750    3.2853555e-17 
101.011000    3.2849340e-17 
101.081250    3.2845125e-17 
101.151500    3.2840910e-17 
101.221750    3.2836695e-17 
101.292000    3.2832480e-17 
101.362250    3.2828265e-17 
101.432500    3.2824050e-17 
101.502750    3.2819835e-17 
101.573000    3.2815620e-17 
101.643250    3.2811405e-17 
101.713500    3.2807190e-17 
101.783750    3.2802975e-17 
101.854000    3.2798760e-17 
101.924250    3.2794545e-17 
101.994500    3.2790330e-17 
102.064750    3.2786115e-17 
102.135000    3.2781900e-17 
102.205250    3.2777685e-17 
102.275500    3.2773470e-17 
102.345750    3.2769255e-17 
102.416000    3.2765040e-17 
102.486250    3.2760825e-17 
102.556500    3.2756610e-17 
102.626750    3.2752395e-17 
102.697000    3.2748180e-17 
102.767250    3.2743965e-17 
102.837500    3.2739750e-17 
102.907750    3.2735535e-17 
102.978000    3.2731320e-17 
103.048250    3.2727105e-17 
103.118500    3.2722890e-17 
103.188750    3.2718675e-17 
103.259000    3.2714460e-17 
103.329250    3.2710245e-17 
103.399500    3.2706030e-17 
103.469750    3.2701815e-17 
103.540000    3.2697600e-17 
103.610250    3.2693385e-17 
103.680500    3.2689170e-17 
103.750750    3.2684955e-17 
103.821000    3.2680740e-17 
103.891250    3.2676525e-17 
103.961500    3.2672310e-17 
104.031750    3.2668095e-17 
104.102000    3.2663880e-17 
104.172250    3.2659665e-17 
104.242500    3.2655450e-17 
104.312750    3.2651235e-17 
104.383000    3.2647020e-17 
104.453250    3.2642805e-17 
104.523500    3.2638590e-17 
104.593750    3.2634375e-17 
104.664000    3.2630160e-17 
104.734250    3.2625945e-17 
104.804500    3.2621730e-17 
104.874750    3.2617515e-17 
104.945000    3.2613300e-17 
105.015250    3.2609085e-17 
105.085500    3.2604870e-17 
105.155750    3.2600655e-17 
105.226000    3.2596440e-17 
105.296250    3.2592225e-17 
105.366500    3.2588010e-17 
105.436750    3.2583795e-17 
105.507000    3.2579580e-17 
105.577250    3.2575365e-17 
105.647500    3.2571150e-17 
105.717750    3.2566935e-17 
105.788000    3.2562720e-17 
105.858250    3.2558505e-17 
105.928500    3.2554290e-17 
105.998750    3.2550075e-17 
106.069000    3.2545860e-17 
106.139250    3.2541645e-17 
106.209500    3.2537430e-17 
106.279750    3.2533215e-17 
106.350000    3.2529000e-17 
106.420250    3.2524785e-17 
106.490500    3.2520570e-17 
106.560750    3.2516355e-17 
106.631000    3.2512140e-17 
106.701250    3.2507925e-17 
106.771500    3.2503710e-17 
106.841750    3.2499495e-17 
106.912000    3.2495280e-17 
106.982250    3.2491065e-17 
107.052500    3.2486850e-17 
107.122750    3.2482635e-17 
107.193000    3.2478420e-17 
107.263250    3.2474205e-17 
107.333500    3.2469990e-17 
107.403750    3.2465775e-17 
107.474000    3.2461560e-17 
107.544250    3.2457345e-17 
107.614500    3.2453130e-17 
107.684750    3.2448915e-17 
107.755000    3.2444700e-17 
107.825250    3.2440485e-17 
107.895500    3.2436270e-17 
107.965750    3.2432055e-17 
108.036000    3.2427840e-17 
108.106250    3.2423625e-17 
108.176500    3.2419410e-17 
108.246750    3.2415195e-17 
108.317000    3.2410980e-17 
108.387250    3.2406765e-17 
108.457500    3.2402550e-17 
108.527750    3.2398335e-17 
108.598000    3.2394120e-17 
108.668250    3.2389905e-17 
108.738500    3.2385690e-17 
108.808750    3.2381475e-17 
108.879000    3.2377260e-17 
108.949250    3.2373045e-17 
109.019500    3.2368830e-17 
109.089750    3.2364615e-17 
109.160000    3.2360400e-17 
109.230250    3.2356185e-17 
109.300500    3.2351970e-17 
109.370750    3.2347755e-17 
109.441000    3.2343540e-17 
109.511250    3.2339325e-17 
109.581500    3.2335110e-17 
109.651750    3.2330895e-17 
109.722000    3.2326680e-17 
109.792250    3.2322465e-17 
109.862500    3.2318250e-17 
109.932750    3.2314035e-17 
110.003000    3.2309820e-17 
110.073250    3.2305605e-17 
110.143500    3.2301390e-17 
110.213750    3.2297175e-17 
110.284000    3.2292960e-17 
110.354250    3.2288745e-17 
110.424500    3.2284530e-17 
110.494750    3.2280315e-17 
110.565000    3.2276100e-17 
110.635250    3.2271885e-17 
110.705500    3.2267670e-17 
110.775750    3.2263455e-17 
110.846000    3.2259240e-17 
110.916250    3.2255025e-17 
110.986500    3.2250810e-17 
111.056750    3.2246595e-17 
111.127000    3.2242380e-17 
111.197250    3.2238165e-17 
111.267500    3.2233950e-17 
111.337750    3.2229735e-17 
111.408000    3.2225520e-17 
111.478250    3.2221305e-17 
111.548500    3.2217090e-17 
111.618750    3.2212875e-17 
111.689000    3.2208660e-17 
111.759250    3.2204445e-17 
111.829500    3.2200230e-17 
111.899750    3.2196015e-17 
111.970000    3.2191800e-17 
112.040250    3.2187585e-17 
112.110500    3.2183370e-17 
112.180750    3.2179155e-17 
112.251000    3.2174940e-17 
112.321250    3.2170725e-17 
112.391500    3.2166510e-17 
112.461750    3.2162295e-17 
112.532000    3.2158080e-17 
112.602250    3.2153865e-17 
112.672500    3.2149650e-17 
112.742750    3.2145435e-17 
112.813000    3.2141220e-17 
112.883250    3.2137005e-17 
112.953500    3.2132790e-17 
113.023750    3.2128575e-17 
113.094000    3.2124360e-17 
113.164250    3.2120145e-17 
113.234500    3.2115930e-17 
113.304750    3.2111715e-17 
113.375000    3.2107500e-17 
113.445250    3.2103285e-17 
113.515500    3.2099070e-17 
113.585750    3.2094855e-17 
113.656000    3.2090640e-17 
113.726250    3.2086425e-17 
113.796500    3.2082210e-17 
113.866750    3.2077995e-17 
113.937000    3.2073780e-17 
114.007250    3.2069565e-17 
114.077500    3.2065350e-17 
114.147750    3.2061135e-17 
114.218000    3.2056920e-17 
114.288250    3.2052705e-17 
114.358500    3.2048490e-17 
114.428750    3.2044275e-17 
114.499000    3.2040060e-17 
114.569250    3.2035845e-17 
114.639500    3.2031630e-17 
114.709750    3.2027415e-17 
114.780000    3.2023200e-17 
114.850250    3.2018985e-17 
114.920500    3.2014770e-17 
114.990750    3.2010555e-17 
115.061000    3.2006340e-17 
115.131250    3.2002125e-17 
115.201500    3.1997910e-17 
115.271750    3.1993695e-17 
115.342000    3.1989480e-17 
115.412250    3.1985265e-17 
115.482500    3.1981050e-17 
115.552750    3.1976835e-17 
115.623000    3.1972620e-17 
115.693250    3.1968405e-17 
115.763500    3.1964190e-17 
115.833750    3.1959975e-17 
115.904000    3.1955760e-17 
115.974250    3.1951545e-17 
116.044500    3.1947330e-17 
116.114750    3.1943115e-17 
116.185000    3.1938900e-17 
116.255250    3.1934685e-17 
116.325500    3.1930470e-17 
116.395750    3.1926255e-17 
116.466000    3.1922040e-17 
116.536250    3.1917825e-17 
116.606500    3.1913610e-17 
116.676750    3.1909395e-17 
116.747000    3.1905180e-17 
116.817250    3.1900965e-17 
116.887500    3.1896750e-17 
116.957750    3.1892535e-17 
117.028000    3.1888320e-17 
117.098250    3.1884105e-17 
117.168500    3.1879890e-17 
117.238750    3.1875675e-17 
117.309000    3.1871460e-17 
117.379250    3.1867245e-17 
117.449500    3.1863030e-17 
117.519750    3.1858815e-17 
117.590000    3.1854600e-17 
117.660250    3.1850385e-17 
117.730500    3.1846170e-17 
117.800750    3.1841955e-17 
117.871000    3.1837740e-17 
117.941250    3.1833525e-17 
118.011500    3.1829310e-17 
118.081750    3.1825095e-17 
118.152000    3.1820880e-17 
118.222250    3.1816665e-17 
118.292500    3.1812450e-17 
118.362750    3.1808235e-17 
118.433000    3.1804020e-17 
118.503250    3.1799805e-17 
118.573500    3.1795590e-17 
118.643750    3.1791375e-17 
118.714000    3.1787160e-17 
118.784250    3.1782945e-17 
118.854500    3.1778730e-17 
118.924750    3.1774515e-17 
118.995000    3.1770300e-17 
119.065250    3.1766085e-17 
119.135500    3.1761870e-17 
119.205750    3.1757655e-17 
119.276000    3.1753440e-17 
119.346250    3.1749225e-17 
119.416500    3.1745010e-17 
119.486750    3.1740795e-17 
119.557000    3.1736580e-17 
119.627250    3.1732365e-17 
119.697500    3.1728150e-17 
119.767750    3.1723935e-17 
119.838000    3.1719720e-17 
119.908250    3.1715505e-17 
119.978500    3.1711290e-17 
120.048750    3.1707075e-17 
120.119000    3.1702860e-17 
120.189250    3.1698645e-17 
120.259500    3.1694430e-17 
120.329750    3.1690215e-17 
120.400000    3.1686000e-17 
120.470250    3.1681785e-17 
120.540500    3.1677570e-17 
120.610750    3.1673355e-17 
120.681000    3.1669140e-17 
120.751250    3.1664925e-17 
120.821500    3.1660710e-17 
120.891750    3.1656495e-17 
120.962000    3.1652280e-17 
121.032250    3.1648065e-17 
121.102500    3.1643850e-17 
121.172750    3.1639635e-17 
121.243000    3.1635420e-17 
121.313250    3.1631205e-17 
121.383500    3.1626990e-17 
121.453750    3.1622775e-17 
121.524000    3.1618560e-17 
121.594250    3.1614345e-17 
121.664500    3.1610130e-17 
121.734750    3.1605915e-17 
121.805000    3.1601700e-17 
121.875250    3.1597485e-17 
121.945500    3.1593270e-17 
122.015750    3.1589055e-17 
122.086000    3.1584840e-17 
122.156250    3.1580625e-17 
122.226500    3.1576410e-17 
122.296750    3.1572195e-17 
122.367000    3.1567980e-17 
122.437250    3.1563765e-17 
122.507500    3.1559550e-17 
122.577750    3.1555335e-17 
122.648000    3.1551120e-17 
122.718250    3.1546905e-17 
122.788500    3.1542690e-17 
122.858750    3.1538475e-17 
122.929000    3.1534260e-17 
122.999250    3.1530045e-17 
123.069500    3.1525830e-17 
123.139750    3.1521615e-17 
123.210000    3.1517400e-17 
123.280250    3.1513185e-17 
123.350500    3.1508970e-17 
123.420750    3.1504755e-17 
123.491000    3.1500540e-17 
123.561250    3.1496325e-17 
123.631500    3.1492110e-17 
123.701750    3.1487895e-17 
123.772000    3.1483680e-17 
123.842250    3.1479465e-17 
123.912500    3.1475250e-17 
123.982750    3.1471035e-17 
124.053000    3.1466820e-17 
124.123250    3.1462605e-17 
124.193500    3.1458390e-17 
124.263750    3.1454175e-17 
124.334000    3.1449960e-17 
124.404250    3.1445745e-17 
124.474500    3.1441530e-17 
124.544750    3.1437315e-17 
124.615000    3.1433100e-17 
124.685250    3.1428885e-17 
124.755500    3.1424670e-17 
124.825750    3.1420455e-17 
124.896000    3.1416240e-17 
124.966250    3.1412025e-17 
125.036500    3.1407810e-17 
125.106750    3.1403595e-17 
125.177000    3.1399380e-17 
125.247250    3.1395165e-17 
125.317500    3.1390950e-17 
125.387750    3.1386735e-17 
125.458000    3.1382520e-17 
125.528250    3.1378305e-17 
125.598500    3.1374090e-17 
125.668750    3.1369875e-17 
125.739000    3.1365660e-17 
125.809250    3.1361445e-17 
125.879500    3.1357230e-17 
125.949750    3.1353015e-17 
126.020000    3.1348800e-17 
126.090250    3.1344585e-17 
126.160500    3.1340370e-17 
126.230750    3.1336155e-17 
126.301000    3.1331940e-17 
126.371250    3.1327725e-17 
126.441500    3.1323510e-17 
126.511750    3.1319295e-17 
126.582000    3.1315080e-17 
126.652250    3.1310865e-17 
126.722500    3.1306650e-17 
126.792750    3.1302435e-17 
126.863000    3.1298220e-17 
126.933250    3.1294005e-17 
127.003500    3.1289790e-17 
127.073750    3.1285575e-17 
127.144000    3.1281360e-17 
127.214250    3.1277145e-17 
127.284500    3.1272930e-17 
127.354750    3.1268715e-17 
127.425000    3.1264500e-17 
127.495250    3.1260285e-17 
127.565500    3.1256070e-17 
127.635750    3.1251855e-17 
127.706000    3.1247640e-17 
127.776250    3.1243425e-17 
127.846500    3.1239210e-17 
127.916750    3.1234995e-17 
127.987000    3.1230780e-17 
128.057250    3.1226565e-17 
128.127500    3.1222350e-17 
128.197750    3.1218135e-17 
128.268000    3.1213920e-17 
128.338250    3.1209705e-17 
128.408500    3.1205490e-17 
128.478750    3.1201275e-17 
128.549000    3.1197060e-17 
128.619250    3.1192845e-17 
128.689500    3.1188630e-17 
128.759750    3.1184415e-17 
128.830000    3.1180200e-17 
128.900250    3.1175985e-17 
128.970500    3.1171770e-17 
129.040750    3.1167555e-17 
129.111000    3.1163340e-17 
129.181250    3.1159125e-17 
129.251500    3.1154910e-17 
129.321750    3.1150695e-17 
129.392000    3.1146480e-17 
129.462250    3.1142265e-17 
129.532500    3.1138050e-17 
129.602750    3.1133835e-17 
129.673000    3.1129620e-17 
129.743250    3.1125405e-17 
129.813500    3.1121190e-17 
129.883750    3.1116975e-17 
129.954000    3.1112760e-17 
130.024250    3.1108545e-17 
130.094500    3.1104330e-17 
130.164750    3.1100115e-17 
130.235000    3.1095900e-17 
130.305250    3.1091685e-17 
130.375500    3.1087470e-17 
130.445750    3.1083255e-17 
130.516000    3.1079040e-17 
130.586250    3.1074825e-17 
130.656500    3.1070610e-17 
130.726750    3.1066395e-17 
130.797000    3.1062180e-17 
130.867250    3.1057965e-17 
130.937500    3.1053750e-17 
131.007750    3.1049535e-17 
131.078000    3.1045320e-17 
131.148250    3.1041105e-17 
131.218500    3.1036890e-17 
131.288750    3.1032675e-17 
131.359000    3.1028460e-17 
131.429250    3.1024245e-17 
131.499500    3.1020030e-17 
131.569750    3.1015815e-17 
131.640000    3.1011600e-17 
131.710250    3.1007385e-17 
131.780500    3.1003170e-17 
131.850750    3.0998955e-17 
131.921000    3.0994740e-17 
131.991250    3.0990525e-17 
132.061500    3.0986310e-17 
132.131750    3.0982095e-17 
132.202000    3.0977880e-17 
132.272250    3.0973665e-17 
132.342500    3.0969450e-17 
132.412750    3.0965235e-17 
132.483000    3.0961020e-17 
132.553250    3.0956805e-17 
132.623500    3.0952590e-17 
132.693750    3.0948375e-17 
132.764000    3.0944160e-17 
132.834250    3.0939945e-17 
132.904500    3.0935730e-17 
132.974750    3.0931515e-17 
133.045000    3.0927300e-17 
133.115250    3.0923085e-17 
133.185500    3.0918870e-17 
133.255750    3.0914655e-17 
133.326000    3.0910440e-17 
133.396250    3.0906225e-17 
133.466500    3.0902010e-17 
133.536750    3.0897795e-17 
133.607000    3.0893580e-17 
133.677250    3.0889365e-17 
133.747500    3.0885150e-17 
133.817750    3.0880935e-17 
133.888000    3.0876720e-17 
133.958250    3.0872505e-17 
134.028500    3.0868290e-17 
134.098750    3.0864075e-17 
134.169000    3.0859860e-17 
134.239250    3.0855645e-17 
134.309500    3.0851430e-17 
134.379750    3.0847215e-17 
134.450000    3.0843000e-17 
134.520250    3.0838785e-17 
134.590500    3.0834570e-17 
134.660750    3.0830355e-17 
134.731000    3.0826140e-17 
134.801250    3.0821925e-17 
134.871500    3.0817710e-17 
134.941750    3.0813495e-17 
135.012000    3.0809280e-17 
135.082250    3.0805065e-17 
135.152500    3.0800850e-17 
135.222750    3.0796635e-17 
135.293000    3.0792420e-17 
135.363250    3.0788205e-17 
135.433500    3.0783990e-17 
135.503750    3.0779775e-17 
135.574000    3.0775560e-17 
135.644250    3.0771345e-17 
135.714500    3.0767130e-17 
135.784750    3.0762915e-17 
135.855000    3.0758700e-17 
135.925250    3.0754485e-17 
135.995500    3.0750270e-17 
136.065750    3.0746055e-17 
136.136000    3.0741840e-17 
136.206250    3.0737625e-17 
136.276500    3.0733410e-17 
136.346750    3.0729195e-17 
136.417000    3.0724980e-17 
136.487250    3.0720765e-17 
136.557500    3.0716550e-17 
136.627750    3.0712335e-17 
136.698000    3.0708120e-17 
136.768250    3.0703905e-17 
136.838500    3.0699690e-17 
136.908750    3.0695475e-17 
136.979000    3.0691260e-17 
137.049250    3.0687045e-17 
137.119500    3.0682830e-17 
137.189750    3.0678615e-17 
137.260000    3.0674400e-17 
137.330250    3.0670185e-17 
137.400500    3.0665970e-17 
137.470750    3.0661755e-17 
137.541000    3.0657540e-17 
137.611250    3.0653325e-17 
137.681500    3.0649110e-17 
137.751750    3.0644895e-17 
137.822000    3.0640680e-17 
137.892250    3.0636465e-17 
137.962500    3.0632250e-17 
138.032750    3.0628035e-17 
138.103000    3.0623820e-17 
138.173250    3.0619605e-17 
138.243500    3.0615390e-17 
138.313750    3.0611175e-17 
138.384000    3.0606960e-17 
138.454250    3.0602745e-17 
138.524500    3.0598530e-17 
138.594750    3.0594315e-17 
138.665000    3.0590100e-17 
138.735250    3.0585885e-17 
138.805500    3.0581670e-17 
138.875750    3.0577455e-17 
138.946000    3.0573240e-17 
139.016250    3.0569025e-17 
139.086500    3.0564810e-17 
139.156750    3.0560595e-17 
139.227000    3.0556380e-17 
139.297250    3.0552165e-17 
139.367500    3.0547950e-17 
139.437750    3.0543735e-17 
139.508000    3.0539520e-17 
139.578250    3.0535305e-17 
139.648500    3.0531090e-17 
139.718750    3.0526875e-17 
139.789000    3.0522660e-17 
139.859250    3.0518445e-17 
139.929500    3.0514230e-17 
139.999750    3.0510015e-17 
140.070000    3.0505800e-17 
140.140250    3.0501585e-17 
140.210500    3.0497370e-17 
140.280750    3.0493155e-17 
140.351000    3.0488940e-17 
140.421250    3.0484725e-17 
140.491500    3.0480510e-17 
140.561750    3.0476295e-17 
140.632000    3.0472080e-17 
140.702250    3.0467865e-17 
140.772500    3.0463650e-17 
140.842750    3.0459435e-17 
140.913000    3.0455220e-17 
140.983250    3.0451005e-17 
141.053500    3.0446790e-17 
141.123750    3.0442575e-17 
141.194000    3.0438360e-17 
141.264250    3.0434145e-17 
141.334500    3.0429930e-17 
141.404750    3.0425715e-17 
141.475000    3.0421500e-17 
141.545250    3.0417285e-17 
141.615500    3.0413070e-17 
141.685750    3.0408855e-17 
141.756000    3.0404640e-17 
141.826250    3.0400425e-17 
141.896500    3.0396210e-17 
141.966750    3.0391995e-17 
142.037000    3.0387780e-17 
142.107250    3.0383565e-17 
142.177500    3.0379350e-17 
142.247750    3.0375135e-17 
142.318000    3.0370920e-17 
142.388250    3.0366705e-17 
142.458500    3.0362490e-17 
142.528750    3.0358275e-17 
142.599000    3.0354060e-17 
142.669250    3.0349845e-17 
142.739500    3.0345630e-17 
142.809750    3.0341415e-17 
142.880000    3.0337200e-17 
142.950250    3.0332985e-17 
143.020500    3.0328770e-17 
143.090750    3.0324555e-17 
143.161000    3.0320340e-17 
143.231250    3.0316125e-17 
143.301500    3.0311910e-17 
143.371750    3.0307695e-17 
143.442000    3.0303480e-17 
143.512250    3.0299265e-17 
143.582500    3.0295050e-17 
143.652750    3.0290835e-17 
143.723000    3.0286620e-17 
143.793250    3.0282405e-17 
143.863500    3.0278190e-17 
143.933750    3.0273975e-17 
144.004000    3.0269760e-17 
144.074250    3.0265545e-17 
144.144500    3.0261330e-17 
144.214750    3.0257115e-17 
144.285000    3.0252900e-17 
144.355250    3.0248685e-17 
144.425500    3.0244470e-17 
144.495750    3.0240255e-17 
144.566000    3.0236040e-17 
144.636250    3.0231825e-17 
144.706500    3.0227610e-17 
144.776750    3.0223395e-17 
144.847000    3.0219180e-17 
144.917250    3.0214965e-17 
144.987500    3.0210750e-17 
145.057750    3.0206535e-17 
145.128000    3.0202320e-17 
145.198250    3.0198105e-17 
145.268500    3.0193890e-17 
145.338750    3.0189675e-17 
145.409000    3.0185460e-17 
145.479250    3.0181245e-17 
145.549500    3.0177030e-17 
145.619750    3.0172815e-17 
145.690000    3.0168600e-17 
145.760250    3.0164385e-17 
145.830500    3.0160170e-17 
145.900750    3.0155955e-17 
145.971000    3.0151740e-17 
146.041250    3.0147525e-17 
146.111500    3.0143310e-17 
146.181750    3.0139095e-17 
146.252000    3.0134880e-17 
146.322250    3.0130665e-17 
146.392500    3.0126450e-17 
146.462750    3.0122235e-17 
146.533000    3.0118020e-17 
146.603250    3.0113805e-17 
146.673500    3.0109590e-17 
146.743750    3.0105375e-17 
146.814000    3.0101160e-17 
146.884250    3.0096945e-17 
146.954500    3.0092730e-17 
147.024750    3.0088515e-17 
147.095000    3.0084300e-17 
147.165250    3.0080085e-17 
147.235500    3.0075870e-17 
147.305750    3.0071655e-17 
147.376000    3.0067440e-17 
147.446250    3.0063225e-17 
147.516500    3.0059010e-17 
147.586750    3.0054795e-17 
147.657000    3.0050580e-17 
147.727250    3.0046365e-17 
147.797500    3.0042150e-17 
147.867750    3.0037935e-17 
147.938000    3.0033720e-17 
148.008250    3.0029505e-17 
148.078500    3.0025290e-17 
148.148750    3.0021075e-17 
148.219000    3.0016860e-17 
148.289250    3.0012645e-17 
148.359500    3.0008430e-17 
148.429750    3.0004215e-17 
148.500000    3.0000000e-17 
