0.000000    3.5000000e-17 
0.015000    8.7000000e-17 
0.030000    1.2400000e-16 
0.045000    1.5200000e-16 
0.060000    1.8500000e-16 
0.075000    2.1666667e-16 
0.090000    2.3666667e-16 
0.105000    2.5750000e-16 
0.120000    2.8000000e-16 
0.135000    2.9500000e-16 
0.150000    3.1000000e-16 
0.165000    3.2500000e-16 
0.180000    3.4000000e-16 
0.195000    3.5500000e-16 
0.210000    3.7000000e-16 
0.225000    3.8500000e-16 
0.240000    4.0000000e-16 
0.255000    4.1400000e-16 
0.270000    4.2600000e-16 
0.285000    4.3800000e-16 
0.300000    4.5000000e-16 
0.315000    4.5600000e-16 
0.330000    4.6200000e-16 
0.345000    4.6800000e-16 
0.360000    4.8000000e-16 
0.375000    4.9500000e-16 
0.390000    5.1000000e-16 
0.405000    5.2250000e-16 
0.420000    5.3000000e-16 
0.435000    5.3750000e-16 
0.450000    5.4500000e-16 
0.465000    5.5250000e-16 
0.480000    5.6000000e-16 
0.495000    5.6750000e-16 
0.510000    5.7200000e-16 
0.525000    5.7500000e-16 
0.540000    5.7800000e-16 
0.555000    5.8100000e-16 
0.570000    5.8400000e-16 
0.585000    5.8700000e-16 
0.600000    5.9000000e-16 
0.615000    5.9300000e-16 
0.630000    5.9600000e-16 
0.645000    5.9900000e-16 
0.660000    6.0200000e-16 
0.675000    6.0500000e-16 
0.690000    6.0800000e-16 
0.705000    6.1183333e-16 
0.720000    6.1733333e-16 
0.735000    6.2283333e-16 
0.750000    6.2833333e-16 
0.765000    6.3383333e-16 
0.780000    6.3933333e-16 
0.795000    6.4483333e-16 
0.810000    6.5033333e-16 
0.825000    6.5583333e-16 
0.840000    6.6133333e-16 
0.855000    6.6683333e-16 
0.870000    6.7233333e-16 
0.885000    6.7783333e-16 
0.900000    6.8333333e-16 
0.915000    6.8883333e-16 
0.930000    6.9433333e-16 
0.945000    6.9983333e-16 
0.960000    7.0533333e-16 
0.975000    7.1083333e-16 
0.990000    7.1633333e-16 
1.005000    7.2175000e-16 
1.020000    7.2700000e-16 
1.035000    7.3225000e-16 
1.050000    7.3750000e-16 
1.065000    7.4275000e-16 
1.080000    7.4800000e-16 
1.095000    7.5325000e-16 
1.110000    7.5850000e-16 
1.125000    7.6375000e-16 
1.140000    7.6900000e-16 
1.155000    7.7425000e-16 
1.170000    7.7950000e-16 
1.185000    7.8475000e-16 
1.200000    7.9000000e-16 
1.215000    7.9000000e-16 
1.230000    7.9000000e-16 
1.245000    7.9000000e-16 
1.260000    7.9000000e-16 
1.275000    7.9000000e-16 
1.290000    7.9000000e-16 
1.305000    7.8925000e-16 
1.320000    7.8700000e-16 
1.335000    7.8475000e-16 
1.350000    7.8250000e-16 
1.365000    7.8025000e-16 
1.380000    7.7800000e-16 
1.395000    7.7575000e-16 
1.410000    7.7350000e-16 
1.425000    7.7125000e-16 
1.440000    7.6900000e-16 
1.455000    7.6675000e-16 
1.470000    7.6450000e-16 
1.485000    7.6225000e-16 
1.500000    7.6000000e-16 
1.515000    7.5775000e-16 
1.530000    7.5550000e-16 
1.545000    7.5325000e-16 
1.560000    7.5100000e-16 
1.575000    7.4875000e-16 
1.590000    7.4650000e-16 
1.605000    7.4425000e-16 
1.620000    7.4200000e-16 
1.635000    7.3975000e-16 
1.650000    7.3750000e-16 
1.665000    7.3525000e-16 
1.680000    7.3300000e-16 
1.695000    7.3075000e-16 
1.710000    7.2800000e-16 
1.725000    7.2500000e-16 
1.740000    7.2200000e-16 
1.755000    7.1900000e-16 
1.770000    7.1600000e-16 
1.785000    7.1300000e-16 
1.800000    7.1000000e-16 
1.815000    7.0700000e-16 
1.830000    7.0400000e-16 
1.845000    7.0100000e-16 
1.860000    6.9800000e-16 
1.875000    6.9500000e-16 
1.890000    6.9200000e-16 
1.905000    6.8925000e-16 
1.920000    6.8700000e-16 
1.935000    6.8475000e-16 
1.950000    6.8250000e-16 
1.965000    6.8025000e-16 
1.980000    6.7800000e-16 
1.995000    6.7575000e-16 
2.010000    6.7350000e-16 
2.025000    6.7125000e-16 
2.040000    6.6900000e-16 
2.055000    6.6675000e-16 
2.070000    6.6450000e-16 
2.085000    6.6225000e-16 
2.100000    6.6000000e-16 
2.115000    6.5850000e-16 
2.130000    6.5700000e-16 
2.145000    6.5550000e-16 
2.160000    6.5400000e-16 
2.175000    6.5250000e-16 
2.190000    6.5100000e-16 
2.205000    6.4933333e-16 
2.220000    6.4733333e-16 
2.235000    6.4533333e-16 
2.250000    6.4333333e-16 
2.265000    6.4133333e-16 
2.280000    6.3933333e-16 
2.295000    6.3733333e-16 
2.310000    6.3533333e-16 
2.325000    6.3333333e-16 
2.340000    6.3133333e-16 
2.355000    6.2933333e-16 
2.370000    6.2733333e-16 
2.385000    6.2533333e-16 
2.400000    6.2333333e-16 
2.415000    6.2133333e-16 
2.430000    6.1933333e-16 
2.445000    6.1733333e-16 
2.460000    6.1533333e-16 
2.475000    6.1333333e-16 
2.490000    6.1133333e-16 
2.505000    6.0950000e-16 
2.520000    6.0800000e-16 
2.535000    6.0650000e-16 
2.550000    6.0500000e-16 
2.565000    6.0350000e-16 
2.580000    6.0200000e-16 
2.595000    6.0050000e-16 
2.610000    5.9900000e-16 
2.625000    5.9750000e-16 
2.640000    5.9600000e-16 
2.655000    5.9450000e-16 
2.670000    5.9300000e-16 
2.685000    5.9150000e-16 
2.700000    5.9000000e-16 
2.715000    5.8850000e-16 
2.730000    5.8700000e-16 
2.745000    5.8550000e-16 
2.760000    5.8400000e-16 
2.775000    5.8250000e-16 
2.790000    5.8100000e-16 
2.805000    5.7975000e-16 
2.820000    5.7900000e-16 
2.835000    5.7825000e-16 
2.850000    5.7750000e-16 
2.865000    5.7675000e-16 
2.880000    5.7600000e-16 
2.895000    5.7525000e-16 
2.910000    5.7450000e-16 
2.925000    5.7375000e-16 
2.940000    5.7300000e-16 
2.955000    5.7225000e-16 
2.970000    5.7150000e-16 
2.985000    5.7075000e-16 
3.000000    5.7000000e-16 
3.015000    5.6900000e-16 
3.030000    5.6800000e-16 
3.045000    5.6700000e-16 
3.060000    5.6600000e-16 
3.075000    5.6500000e-16 
3.090000    5.6400000e-16 
3.105000    5.6300000e-16 
3.120000    5.6200000e-16 
3.135000    5.6100000e-16 
3.150000    5.6000000e-16 
3.165000    5.5900000e-16 
3.180000    5.5800000e-16 
3.195000    5.5700000e-16 
3.210000    5.5600000e-16 
3.225000    5.5500000e-16 
3.240000    5.5400000e-16 
3.255000    5.5300000e-16 
3.270000    5.5200000e-16 
3.285000    5.5100000e-16 
3.300000    5.5000000e-16 
3.315000    5.4975000e-16 
3.330000    5.4950000e-16 
3.345000    5.4925000e-16 
3.360000    5.4900000e-16 
3.375000    5.4875000e-16 
3.390000    5.4850000e-16 
3.405000    5.4825000e-16 
3.420000    5.4800000e-16 
3.435000    5.4775000e-16 
3.450000    5.4750000e-16 
3.465000    5.4725000e-16 
3.480000    5.4700000e-16 
3.495000    5.4675000e-16 
3.510000    5.4650000e-16 
3.525000    5.4625000e-16 
3.540000    5.4600000e-16 
3.555000    5.4575000e-16 
3.570000    5.4550000e-16 
3.585000    5.4525000e-16 
3.600000    5.4500000e-16 
3.615000    5.4518750e-16 
3.630000    5.4537500e-16 
3.645000    5.4556250e-16 
3.660000    5.4575000e-16 
3.675000    5.4593750e-16 
3.690000    5.4612500e-16 
3.705000    5.4631250e-16 
3.720000    5.4650000e-16 
3.735000    5.4668750e-16 
3.750000    5.4687500e-16 
3.765000    5.4706250e-16 
3.780000    5.4725000e-16 
3.795000    5.4743750e-16 
3.810000    5.4762500e-16 
3.825000    5.4781250e-16 
3.840000    5.4800000e-16 
3.855000    5.4818750e-16 
3.870000    5.4837500e-16 
3.885000    5.4856250e-16 
3.900000    5.4875000e-16 
3.915000    5.4893750e-16 
3.930000    5.4912500e-16 
3.945000    5.4931250e-16 
3.960000    5.4950000e-16 
3.975000    5.4968750e-16 
3.990000    5.4987500e-16 
4.005000    5.5005000e-16 
4.020000    5.5020000e-16 
4.035000    5.5035000e-16 
4.050000    5.5050000e-16 
4.065000    5.5065000e-16 
4.080000    5.5080000e-16 
4.095000    5.5095000e-16 
4.110000    5.5110000e-16 
4.125000    5.5125000e-16 
4.140000    5.5140000e-16 
4.155000    5.5155000e-16 
4.170000    5.5170000e-16 
4.185000    5.5185000e-16 
4.200000    5.5200000e-16 
4.215000    5.5215000e-16 
4.230000    5.5230000e-16 
4.245000    5.5245000e-16 
4.260000    5.5260000e-16 
4.275000    5.5275000e-16 
4.290000    5.5290000e-16 
4.305000    5.5305000e-16 
4.320000    5.5320000e-16 
4.335000    5.5335000e-16 
4.350000    5.5350000e-16 
4.365000    5.5365000e-16 
4.380000    5.5380000e-16 
4.395000    5.5395000e-16 
4.410000    5.5410000e-16 
4.425000    5.5425000e-16 
4.440000    5.5440000e-16 
4.455000    5.5455000e-16 
4.470000    5.5470000e-16 
4.485000    5.5485000e-16 
4.500000    5.5500000e-16 
4.515000    5.5515000e-16 
4.530000    5.5530000e-16 
4.545000    5.5545000e-16 
4.560000    5.5560000e-16 
4.575000    5.5575000e-16 
4.590000    5.5590000e-16 
4.605000    5.5605000e-16 
4.620000    5.5620000e-16 
4.635000    5.5635000e-16 
4.650000    5.5650000e-16 
4.665000    5.5665000e-16 
4.680000    5.5680000e-16 
4.695000    5.5695000e-16 
4.710000    5.5710000e-16 
4.725000    5.5725000e-16 
4.740000    5.5740000e-16 
4.755000    5.5755000e-16 
4.770000    5.5770000e-16 
4.785000    5.5785000e-16 
4.800000    5.5800000e-16 
4.815000    5.5815000e-16 
4.830000    5.5830000e-16 
4.845000    5.5845000e-16 
4.860000    5.5860000e-16 
4.875000    5.5875000e-16 
4.890000    5.5890000e-16 
4.905000    5.5905000e-16 
4.920000    5.5920000e-16 
4.935000    5.5935000e-16 
4.950000    5.5950000e-16 
4.965000    5.5965000e-16 
4.980000    5.5980000e-16 
4.995000    5.5995000e-16 
5.010000    5.6040000e-16 
5.025000    5.6100000e-16 
5.040000    5.6160000e-16 
5.055000    5.6220000e-16 
5.070000    5.6280000e-16 
5.085000    5.6340000e-16 
5.100000    5.6400000e-16 
5.115000    5.6460000e-16 
5.130000    5.6520000e-16 
5.145000    5.6580000e-16 
5.160000    5.6640000e-16 
5.175000    5.6700000e-16 
5.190000    5.6760000e-16 
5.205000    5.6820000e-16 
5.220000    5.6880000e-16 
5.235000    5.6940000e-16 
5.250000    5.7000000e-16 
5.265000    5.7060000e-16 
5.280000    5.7120000e-16 
5.295000    5.7180000e-16 
5.310000    5.7240000e-16 
5.325000    5.7300000e-16 
5.340000    5.7360000e-16 
5.355000    5.7420000e-16 
5.370000    5.7480000e-16 
5.385000    5.7540000e-16 
5.400000    5.7600000e-16 
5.415000    5.7660000e-16 
5.430000    5.7720000e-16 
5.445000    5.7780000e-16 
5.460000    5.7840000e-16 
5.475000    5.7900000e-16 
5.490000    5.7960000e-16 
5.505000    5.8020000e-16 
5.520000    5.8080000e-16 
5.535000    5.8140000e-16 
5.550000    5.8200000e-16 
5.565000    5.8260000e-16 
5.580000    5.8320000e-16 
5.595000    5.8380000e-16 
5.610000    5.8440000e-16 
5.625000    5.8500000e-16 
5.640000    5.8560000e-16 
5.655000    5.8620000e-16 
5.670000    5.8680000e-16 
5.685000    5.8740000e-16 
5.700000    5.8800000e-16 
5.715000    5.8860000e-16 
5.730000    5.8920000e-16 
5.745000    5.8980000e-16 
5.760000    5.9040000e-16 
5.775000    5.9100000e-16 
5.790000    5.9160000e-16 
5.805000    5.9220000e-16 
5.820000    5.9280000e-16 
5.835000    5.9340000e-16 
5.850000    5.9400000e-16 
5.865000    5.9460000e-16 
5.880000    5.9520000e-16 
5.895000    5.9580000e-16 
5.910000    5.9640000e-16 
5.925000    5.9700000e-16 
5.940000    5.9760000e-16 
5.955000    5.9820000e-16 
5.970000    5.9880000e-16 
5.985000    5.9940000e-16 
6.000000    6.0000000e-16 
6.015000    6.0090000e-16 
6.030000    6.0180000e-16 
6.045000    6.0270000e-16 
6.060000    6.0360000e-16 
6.075000    6.0450000e-16 
6.090000    6.0540000e-16 
6.105000    6.0630000e-16 
6.120000    6.0720000e-16 
6.135000    6.0810000e-16 
6.150000    6.0900000e-16 
6.165000    6.0990000e-16 
6.180000    6.1080000e-16 
6.195000    6.1170000e-16 
6.210000    6.1260000e-16 
6.225000    6.1350000e-16 
6.240000    6.1440000e-16 
6.255000    6.1530000e-16 
6.270000    6.1620000e-16 
6.285000    6.1710000e-16 
6.300000    6.1800000e-16 
6.315000    6.1890000e-16 
6.330000    6.1980000e-16 
6.345000    6.2070000e-16 
6.360000    6.2160000e-16 
6.375000    6.2250000e-16 
6.390000    6.2340000e-16 
6.405000    6.2430000e-16 
6.420000    6.2520000e-16 
6.435000    6.2610000e-16 
6.450000    6.2700000e-16 
6.465000    6.2790000e-16 
6.480000    6.2880000e-16 
6.495000    6.2970000e-16 
6.510000    6.3060000e-16 
6.525000    6.3150000e-16 
6.540000    6.3240000e-16 
6.555000    6.3330000e-16 
6.570000    6.3420000e-16 
6.585000    6.3510000e-16 
6.600000    6.3600000e-16 
6.615000    6.3690000e-16 
6.630000    6.3780000e-16 
6.645000    6.3870000e-16 
6.660000    6.3960000e-16 
6.675000    6.4050000e-16 
6.690000    6.4140000e-16 
6.705000    6.4230000e-16 
6.720000    6.4320000e-16 
6.735000    6.4410000e-16 
6.750000    6.4500000e-16 
6.765000    6.4590000e-16 
6.780000    6.4680000e-16 
6.795000    6.4770000e-16 
6.810000    6.4860000e-16 
6.825000    6.4950000e-16 
6.840000    6.5040000e-16 
6.855000    6.5130000e-16 
6.870000    6.5220000e-16 
6.885000    6.5310000e-16 
6.900000    6.5400000e-16 
6.915000    6.5490000e-16 
6.930000    6.5580000e-16 
6.945000    6.5670000e-16 
6.960000    6.5760000e-16 
6.975000    6.5850000e-16 
6.990000    6.5940000e-16 
7.005000    6.6025000e-16 
7.020000    6.6100000e-16 
7.035000    6.6175000e-16 
7.050000    6.6250000e-16 
7.065000    6.6325000e-16 
7.080000    6.6400000e-16 
7.095000    6.6475000e-16 
7.110000    6.6550000e-16 
7.125000    6.6625000e-16 
7.140000    6.6700000e-16 
7.155000    6.6775000e-16 
7.170000    6.6850000e-16 
7.185000    6.6925000e-16 
7.200000    6.7000000e-16 
7.215000    6.7075000e-16 
7.230000    6.7150000e-16 
7.245000    6.7225000e-16 
7.260000    6.7300000e-16 
7.275000    6.7375000e-16 
7.290000    6.7450000e-16 
7.305000    6.7525000e-16 
7.320000    6.7600000e-16 
7.335000    6.7675000e-16 
7.350000    6.7750000e-16 
7.365000    6.7825000e-16 
7.380000    6.7900000e-16 
7.395000    6.7975000e-16 
7.410000    6.8050000e-16 
7.425000    6.8125000e-16 
7.440000    6.8200000e-16 
7.455000    6.8275000e-16 
7.470000    6.8350000e-16 
7.485000    6.8425000e-16 
7.500000    6.8500000e-16 
7.515000    6.8575000e-16 
7.530000    6.8650000e-16 
7.545000    6.8725000e-16 
7.560000    6.8800000e-16 
7.575000    6.8875000e-16 
7.590000    6.8950000e-16 
7.605000    6.9025000e-16 
7.620000    6.9100000e-16 
7.635000    6.9175000e-16 
7.650000    6.9250000e-16 
7.665000    6.9325000e-16 
7.680000    6.9400000e-16 
7.695000    6.9475000e-16 
7.710000    6.9550000e-16 
7.725000    6.9625000e-16 
7.740000    6.9700000e-16 
7.755000    6.9775000e-16 
7.770000    6.9850000e-16 
7.785000    6.9925000e-16 
7.800000    7.0000000e-16 
7.815000    7.0075000e-16 
7.830000    7.0150000e-16 
7.845000    7.0225000e-16 
7.860000    7.0300000e-16 
7.875000    7.0375000e-16 
7.890000    7.0450000e-16 
7.905000    7.0525000e-16 
7.920000    7.0600000e-16 
7.935000    7.0675000e-16 
7.950000    7.0750000e-16 
7.965000    7.0825000e-16 
7.980000    7.0900000e-16 
7.995000    7.0975000e-16 
8.010000    7.1045000e-16 
8.025000    7.1112500e-16 
8.040000    7.1180000e-16 
8.055000    7.1247500e-16 
8.070000    7.1315000e-16 
8.085000    7.1382500e-16 
8.100000    7.1450000e-16 
8.115000    7.1517500e-16 
8.130000    7.1585000e-16 
8.145000    7.1652500e-16 
8.160000    7.1720000e-16 
8.175000    7.1787500e-16 
8.190000    7.1855000e-16 
8.205000    7.1922500e-16 
8.220000    7.1990000e-16 
8.235000    7.2057500e-16 
8.250000    7.2125000e-16 
8.265000    7.2192500e-16 
8.280000    7.2260000e-16 
8.295000    7.2327500e-16 
8.310000    7.2395000e-16 
8.325000    7.2462500e-16 
8.340000    7.2530000e-16 
8.355000    7.2597500e-16 
8.370000    7.2665000e-16 
8.385000    7.2732500e-16 
8.400000    7.2800000e-16 
8.415000    7.2867500e-16 
8.430000    7.2935000e-16 
8.445000    7.3002500e-16 
8.460000    7.3070000e-16 
8.475000    7.3137500e-16 
8.490000    7.3205000e-16 
8.505000    7.3272500e-16 
8.520000    7.3340000e-16 
8.535000    7.3407500e-16 
8.550000    7.3475000e-16 
8.565000    7.3542500e-16 
8.580000    7.3610000e-16 
8.595000    7.3677500e-16 
8.610000    7.3745000e-16 
8.625000    7.3812500e-16 
8.640000    7.3880000e-16 
8.655000    7.3947500e-16 
8.670000    7.4015000e-16 
8.685000    7.4082500e-16 
8.700000    7.4150000e-16 
8.715000    7.4217500e-16 
8.730000    7.4285000e-16 
8.745000    7.4352500e-16 
8.760000    7.4420000e-16 
8.775000    7.4487500e-16 
8.790000    7.4555000e-16 
8.805000    7.4622500e-16 
8.820000    7.4690000e-16 
8.835000    7.4757500e-16 
8.850000    7.4825000e-16 
8.865000    7.4892500e-16 
8.880000    7.4960000e-16 
8.895000    7.5027500e-16 
8.910000    7.5095000e-16 
8.925000    7.5162500e-16 
8.940000    7.5230000e-16 
8.955000    7.5297500e-16 
8.970000    7.5365000e-16 
8.985000    7.5432500e-16 
9.000000    7.5500000e-16 
9.015000    7.5567500e-16 
9.030000    7.5635000e-16 
9.045000    7.5702500e-16 
9.060000    7.5770000e-16 
9.075000    7.5837500e-16 
9.090000    7.5905000e-16 
9.105000    7.5972500e-16 
9.120000    7.6040000e-16 
9.135000    7.6107500e-16 
9.150000    7.6175000e-16 
9.165000    7.6242500e-16 
9.180000    7.6310000e-16 
9.195000    7.6377500e-16 
9.210000    7.6445000e-16 
9.225000    7.6512500e-16 
9.240000    7.6580000e-16 
9.255000    7.6647500e-16 
9.270000    7.6715000e-16 
9.285000    7.6782500e-16 
9.300000    7.6850000e-16 
9.315000    7.6917500e-16 
9.330000    7.6985000e-16 
9.345000    7.7052500e-16 
9.360000    7.7120000e-16 
9.375000    7.7187500e-16 
9.390000    7.7255000e-16 
9.405000    7.7322500e-16 
9.420000    7.7390000e-16 
9.435000    7.7457500e-16 
9.450000    7.7525000e-16 
9.465000    7.7592500e-16 
9.480000    7.7660000e-16 
9.495000    7.7727500e-16 
9.510000    7.7795000e-16 
9.525000    7.7862500e-16 
9.540000    7.7930000e-16 
9.555000    7.7997500e-16 
9.570000    7.8065000e-16 
9.585000    7.8132500e-16 
9.600000    7.8200000e-16 
9.615000    7.8267500e-16 
9.630000    7.8335000e-16 
9.645000    7.8402500e-16 
9.660000    7.8470000e-16 
9.675000    7.8537500e-16 
9.690000    7.8605000e-16 
9.705000    7.8672500e-16 
9.720000    7.8740000e-16 
9.735000    7.8807500e-16 
9.750000    7.8875000e-16 
9.765000    7.8942500e-16 
9.780000    7.9010000e-16 
9.795000    7.9077500e-16 
9.810000    7.9145000e-16 
9.825000    7.9212500e-16 
9.840000    7.9280000e-16 
9.855000    7.9347500e-16 
9.870000    7.9415000e-16 
9.885000    7.9482500e-16 
9.900000    7.9550000e-16 
9.915000    7.9617500e-16 
9.930000    7.9685000e-16 
9.945000    7.9752500e-16 
9.960000    7.9820000e-16 
9.975000    7.9887500e-16 
9.990000    7.9955000e-16 
10.005000    8.0012500e-16 
10.020000    8.0050000e-16 
10.035000    8.0087500e-16 
10.050000    8.0125000e-16 
10.065000    8.0162500e-16 
10.080000    8.0200000e-16 
10.095000    8.0237500e-16 
10.110000    8.0275000e-16 
10.125000    8.0312500e-16 
10.140000    8.0350000e-16 
10.155000    8.0387500e-16 
10.170000    8.0425000e-16 
10.185000    8.0462500e-16 
10.200000    8.0500000e-16 
10.215000    8.0537500e-16 
10.230000    8.0575000e-16 
10.245000    8.0612500e-16 
10.260000    8.0650000e-16 
10.275000    8.0687500e-16 
10.290000    8.0725000e-16 
10.305000    8.0762500e-16 
10.320000    8.0800000e-16 
10.335000    8.0837500e-16 
10.350000    8.0875000e-16 
10.365000    8.0912500e-16 
10.380000    8.0950000e-16 
10.395000    8.0987500e-16 
10.410000    8.1025000e-16 
10.425000    8.1062500e-16 
10.440000    8.1100000e-16 
10.455000    8.1137500e-16 
10.470000    8.1175000e-16 
10.485000    8.1212500e-16 
10.500000    8.1250000e-16 
10.515000    8.1287500e-16 
10.530000    8.1325000e-16 
10.545000    8.1362500e-16 
10.560000    8.1400000e-16 
10.575000    8.1437500e-16 
10.590000    8.1475000e-16 
10.605000    8.1512500e-16 
10.620000    8.1550000e-16 
10.635000    8.1587500e-16 
10.650000    8.1625000e-16 
10.665000    8.1662500e-16 
10.680000    8.1700000e-16 
10.695000    8.1737500e-16 
10.710000    8.1775000e-16 
10.725000    8.1812500e-16 
10.740000    8.1850000e-16 
10.755000    8.1887500e-16 
10.770000    8.1925000e-16 
10.785000    8.1962500e-16 
10.800000    8.2000000e-16 
10.815000    8.2037500e-16 
10.830000    8.2075000e-16 
10.845000    8.2112500e-16 
10.860000    8.2150000e-16 
10.875000    8.2187500e-16 
10.890000    8.2225000e-16 
10.905000    8.2262500e-16 
10.920000    8.2300000e-16 
10.935000    8.2337500e-16 
10.950000    8.2375000e-16 
10.965000    8.2412500e-16 
10.980000    8.2450000e-16 
10.995000    8.2487500e-16 
11.010000    8.2525000e-16 
11.025000    8.2562500e-16 
11.040000    8.2600000e-16 
11.055000    8.2637500e-16 
11.070000    8.2675000e-16 
11.085000    8.2712500e-16 
11.100000    8.2750000e-16 
11.115000    8.2787500e-16 
11.130000    8.2825000e-16 
11.145000    8.2862500e-16 
11.160000    8.2900000e-16 
11.175000    8.2937500e-16 
11.190000    8.2975000e-16 
11.205000    8.3012500e-16 
11.220000    8.3050000e-16 
11.235000    8.3087500e-16 
11.250000    8.3125000e-16 
11.265000    8.3162500e-16 
11.280000    8.3200000e-16 
11.295000    8.3237500e-16 
11.310000    8.3275000e-16 
11.325000    8.3312500e-16 
11.340000    8.3350000e-16 
11.355000    8.3387500e-16 
11.370000    8.3425000e-16 
11.385000    8.3462500e-16 
11.400000    8.3500000e-16 
11.415000    8.3537500e-16 
11.430000    8.3575000e-16 
11.445000    8.3612500e-16 
11.460000    8.3650000e-16 
11.475000    8.3687500e-16 
11.490000    8.3725000e-16 
11.505000    8.3762500e-16 
11.520000    8.3800000e-16 
11.535000    8.3837500e-16 
11.550000    8.3875000e-16 
11.565000    8.3912500e-16 
11.580000    8.3950000e-16 
11.595000    8.3987500e-16 
11.610000    8.4025000e-16 
11.625000    8.4062500e-16 
11.640000    8.4100000e-16 
11.655000    8.4137500e-16 
11.670000    8.4175000e-16 
11.685000    8.4212500e-16 
11.700000    8.4250000e-16 
11.715000    8.4287500e-16 
11.730000    8.4325000e-16 
11.745000    8.4362500e-16 
11.760000    8.4400000e-16 
11.775000    8.4437500e-16 
11.790000    8.4475000e-16 
11.805000    8.4512500e-16 
11.820000    8.4550000e-16 
11.835000    8.4587500e-16 
11.850000    8.4625000e-16 
11.865000    8.4662500e-16 
11.880000    8.4700000e-16 
11.895000    8.4737500e-16 
11.910000    8.4775000e-16 
11.925000    8.4812500e-16 
11.940000    8.4850000e-16 
11.955000    8.4887500e-16 
11.970000    8.4925000e-16 
11.985000    8.4962500e-16 
12.000000    8.5000000e-16 
12.015000    8.5015000e-16 
12.030000    8.5030000e-16 
12.045000    8.5045000e-16 
12.060000    8.5060000e-16 
12.075000    8.5075000e-16 
12.090000    8.5090000e-16 
12.105000    8.5105000e-16 
12.120000    8.5120000e-16 
12.135000    8.5135000e-16 
12.150000    8.5150000e-16 
12.165000    8.5165000e-16 
12.180000    8.5180000e-16 
12.195000    8.5195000e-16 
12.210000    8.5210000e-16 
12.225000    8.5225000e-16 
12.240000    8.5240000e-16 
12.255000    8.5255000e-16 
12.270000    8.5270000e-16 
12.285000    8.5285000e-16 
12.300000    8.5300000e-16 
12.315000    8.5315000e-16 
12.330000    8.5330000e-16 
12.345000    8.5345000e-16 
12.360000    8.5360000e-16 
12.375000    8.5375000e-16 
12.390000    8.5390000e-16 
12.405000    8.5405000e-16 
12.420000    8.5420000e-16 
12.435000    8.5435000e-16 
12.450000    8.5450000e-16 
12.465000    8.5465000e-16 
12.480000    8.5480000e-16 
12.495000    8.5495000e-16 
12.510000    8.5510000e-16 
12.525000    8.5525000e-16 
12.540000    8.5540000e-16 
12.555000    8.5555000e-16 
12.570000    8.5570000e-16 
12.585000    8.5585000e-16 
12.600000    8.5600000e-16 
12.615000    8.5615000e-16 
12.630000    8.5630000e-16 
12.645000    8.5645000e-16 
12.660000    8.5660000e-16 
12.675000    8.5675000e-16 
12.690000    8.5690000e-16 
12.705000    8.5705000e-16 
12.720000    8.5720000e-16 
12.735000    8.5735000e-16 
12.750000    8.5750000e-16 
12.765000    8.5765000e-16 
12.780000    8.5780000e-16 
12.795000    8.5795000e-16 
12.810000    8.5810000e-16 
12.825000    8.5825000e-16 
12.840000    8.5840000e-16 
12.855000    8.5855000e-16 
12.870000    8.5870000e-16 
12.885000    8.5885000e-16 
12.900000    8.5900000e-16 
12.915000    8.5915000e-16 
12.930000    8.5930000e-16 
12.945000    8.5945000e-16 
12.960000    8.5960000e-16 
12.975000    8.5975000e-16 
12.990000    8.5990000e-16 
13.005000    8.6005000e-16 
13.020000    8.6020000e-16 
13.035000    8.6035000e-16 
13.050000    8.6050000e-16 
13.065000    8.6065000e-16 
13.080000    8.6080000e-16 
13.095000    8.6095000e-16 
13.110000    8.6110000e-16 
13.125000    8.6125000e-16 
13.140000    8.6140000e-16 
13.155000    8.6155000e-16 
13.170000    8.6170000e-16 
13.185000    8.6185000e-16 
13.200000    8.6200000e-16 
13.215000    8.6215000e-16 
13.230000    8.6230000e-16 
13.245000    8.6245000e-16 
13.260000    8.6260000e-16 
13.275000    8.6275000e-16 
13.290000    8.6290000e-16 
13.305000    8.6305000e-16 
13.320000    8.6320000e-16 
13.335000    8.6335000e-16 
13.350000    8.6350000e-16 
13.365000    8.6365000e-16 
13.380000    8.6380000e-16 
13.395000    8.6395000e-16 
13.410000    8.6410000e-16 
13.425000    8.6425000e-16 
13.440000    8.6440000e-16 
13.455000    8.6455000e-16 
13.470000    8.6470000e-16 
13.485000    8.6485000e-16 
13.500000    8.6500000e-16 
13.515000    8.6515000e-16 
13.530000    8.6530000e-16 
13.545000    8.6545000e-16 
13.560000    8.6560000e-16 
13.575000    8.6575000e-16 
13.590000    8.6590000e-16 
13.605000    8.6605000e-16 
13.620000    8.6620000e-16 
13.635000    8.6635000e-16 
13.650000    8.6650000e-16 
13.665000    8.6665000e-16 
13.680000    8.6680000e-16 
13.695000    8.6695000e-16 
13.710000    8.6710000e-16 
13.725000    8.6725000e-16 
13.740000    8.6740000e-16 
13.755000    8.6755000e-16 
13.770000    8.6770000e-16 
13.785000    8.6785000e-16 
13.800000    8.6800000e-16 
13.815000    8.6815000e-16 
13.830000    8.6830000e-16 
13.845000    8.6845000e-16 
13.860000    8.6860000e-16 
13.875000    8.6875000e-16 
13.890000    8.6890000e-16 
13.905000    8.6905000e-16 
13.920000    8.6920000e-16 
13.935000    8.6935000e-16 
13.950000    8.6950000e-16 
13.965000    8.6965000e-16 
13.980000    8.6980000e-16 
13.995000    8.6995000e-16 
14.010000    8.7010000e-16 
14.025000    8.7025000e-16 
14.040000    8.7040000e-16 
14.055000    8.7055000e-16 
14.070000    8.7070000e-16 
14.085000    8.7085000e-16 
14.100000    8.7100000e-16 
14.115000    8.7115000e-16 
14.130000    8.7130000e-16 
14.145000    8.7145000e-16 
14.160000    8.7160000e-16 
14.175000    8.7175000e-16 
14.190000    8.7190000e-16 
14.205000    8.7205000e-16 
14.220000    8.7220000e-16 
14.235000    8.7235000e-16 
14.250000    8.7250000e-16 
14.265000    8.7265000e-16 
14.280000    8.7280000e-16 
14.295000    8.7295000e-16 
14.310000    8.7310000e-16 
14.325000    8.7325000e-16 
14.340000    8.7340000e-16 
14.355000    8.7355000e-16 
14.370000    8.7370000e-16 
14.385000    8.7385000e-16 
14.400000    8.7400000e-16 
14.415000    8.7415000e-16 
14.430000    8.7430000e-16 
14.445000    8.7445000e-16 
14.460000    8.7460000e-16 
14.475000    8.7475000e-16 
14.490000    8.7490000e-16 
14.505000    8.7505000e-16 
14.520000    8.7520000e-16 
14.535000    8.7535000e-16 
14.550000    8.7550000e-16 
14.565000    8.7565000e-16 
14.580000    8.7580000e-16 
14.595000    8.7595000e-16 
14.610000    8.7610000e-16 
14.625000    8.7625000e-16 
14.640000    8.7640000e-16 
14.655000    8.7655000e-16 
14.670000    8.7670000e-16 
14.685000    8.7685000e-16 
14.700000    8.7700000e-16 
14.715000    8.7715000e-16 
14.730000    8.7730000e-16 
14.745000    8.7745000e-16 
14.760000    8.7760000e-16 
14.775000    8.7775000e-16 
14.790000    8.7790000e-16 
14.805000    8.7805000e-16 
14.820000    8.7820000e-16 
14.835000    8.7835000e-16 
14.850000    8.7850000e-16 
14.865000    8.7865000e-16 
14.880000    8.7880000e-16 
14.895000    8.7895000e-16 
14.910000    8.7910000e-16 
14.925000    8.7925000e-16 
14.940000    8.7940000e-16 
14.955000    8.7955000e-16 
14.970000    8.7970000e-16 
14.985000    8.7985000e-16 
15.000000    8.8000000e-16 
15.015000    8.7992500e-16 
15.030000    8.7985000e-16 
15.045000    8.7977500e-16 
15.060000    8.7970000e-16 
15.075000    8.7962500e-16 
15.090000    8.7955000e-16 
15.105000    8.7947500e-16 
15.120000    8.7940000e-16 
15.135000    8.7932500e-16 
15.150000    8.7925000e-16 
15.165000    8.7917500e-16 
15.180000    8.7910000e-16 
15.195000    8.7902500e-16 
15.210000    8.7895000e-16 
15.225000    8.7887500e-16 
15.240000    8.7880000e-16 
15.255000    8.7872500e-16 
15.270000    8.7865000e-16 
15.285000    8.7857500e-16 
15.300000    8.7850000e-16 
15.315000    8.7842500e-16 
15.330000    8.7835000e-16 
15.345000    8.7827500e-16 
15.360000    8.7820000e-16 
15.375000    8.7812500e-16 
15.390000    8.7805000e-16 
15.405000    8.7797500e-16 
15.420000    8.7790000e-16 
15.435000    8.7782500e-16 
15.450000    8.7775000e-16 
15.465000    8.7767500e-16 
15.480000    8.7760000e-16 
15.495000    8.7752500e-16 
15.510000    8.7745000e-16 
15.525000    8.7737500e-16 
15.540000    8.7730000e-16 
15.555000    8.7722500e-16 
15.570000    8.7715000e-16 
15.585000    8.7707500e-16 
15.600000    8.7700000e-16 
15.615000    8.7692500e-16 
15.630000    8.7685000e-16 
15.645000    8.7677500e-16 
15.660000    8.7670000e-16 
15.675000    8.7662500e-16 
15.690000    8.7655000e-16 
15.705000    8.7647500e-16 
15.720000    8.7640000e-16 
15.735000    8.7632500e-16 
15.750000    8.7625000e-16 
15.765000    8.7617500e-16 
15.780000    8.7610000e-16 
15.795000    8.7602500e-16 
15.810000    8.7595000e-16 
15.825000    8.7587500e-16 
15.840000    8.7580000e-16 
15.855000    8.7572500e-16 
15.870000    8.7565000e-16 
15.885000    8.7557500e-16 
15.900000    8.7550000e-16 
15.915000    8.7542500e-16 
15.930000    8.7535000e-16 
15.945000    8.7527500e-16 
15.960000    8.7520000e-16 
15.975000    8.7512500e-16 
15.990000    8.7505000e-16 
16.005000    8.7497500e-16 
16.020000    8.7490000e-16 
16.035000    8.7482500e-16 
16.050000    8.7475000e-16 
16.065000    8.7467500e-16 
16.080000    8.7460000e-16 
16.095000    8.7452500e-16 
16.110000    8.7445000e-16 
16.125000    8.7437500e-16 
16.140000    8.7430000e-16 
16.155000    8.7422500e-16 
16.170000    8.7415000e-16 
16.185000    8.7407500e-16 
16.200000    8.7400000e-16 
16.215000    8.7392500e-16 
16.230000    8.7385000e-16 
16.245000    8.7377500e-16 
16.260000    8.7370000e-16 
16.275000    8.7362500e-16 
16.290000    8.7355000e-16 
16.305000    8.7347500e-16 
16.320000    8.7340000e-16 
16.335000    8.7332500e-16 
16.350000    8.7325000e-16 
16.365000    8.7317500e-16 
16.380000    8.7310000e-16 
16.395000    8.7302500e-16 
16.410000    8.7295000e-16 
16.425000    8.7287500e-16 
16.440000    8.7280000e-16 
16.455000    8.7272500e-16 
16.470000    8.7265000e-16 
16.485000    8.7257500e-16 
16.500000    8.7250000e-16 
16.515000    8.7242500e-16 
16.530000    8.7235000e-16 
16.545000    8.7227500e-16 
16.560000    8.7220000e-16 
16.575000    8.7212500e-16 
16.590000    8.7205000e-16 
16.605000    8.7197500e-16 
16.620000    8.7190000e-16 
16.635000    8.7182500e-16 
16.650000    8.7175000e-16 
16.665000    8.7167500e-16 
16.680000    8.7160000e-16 
16.695000    8.7152500e-16 
16.710000    8.7145000e-16 
16.725000    8.7137500e-16 
16.740000    8.7130000e-16 
16.755000    8.7122500e-16 
16.770000    8.7115000e-16 
16.785000    8.7107500e-16 
16.800000    8.7100000e-16 
16.815000    8.7092500e-16 
16.830000    8.7085000e-16 
16.845000    8.7077500e-16 
16.860000    8.7070000e-16 
16.875000    8.7062500e-16 
16.890000    8.7055000e-16 
16.905000    8.7047500e-16 
16.920000    8.7040000e-16 
16.935000    8.7032500e-16 
16.950000    8.7025000e-16 
16.965000    8.7017500e-16 
16.980000    8.7010000e-16 
16.995000    8.7002500e-16 
17.010000    8.6996667e-16 
17.025000    8.6991667e-16 
17.040000    8.6986667e-16 
17.055000    8.6981667e-16 
17.070000    8.6976667e-16 
17.085000    8.6971667e-16 
17.100000    8.6966667e-16 
17.115000    8.6961667e-16 
17.130000    8.6956667e-16 
17.145000    8.6951667e-16 
17.160000    8.6946667e-16 
17.175000    8.6941667e-16 
17.190000    8.6936667e-16 
17.205000    8.6931667e-16 
17.220000    8.6926667e-16 
17.235000    8.6921667e-16 
17.250000    8.6916667e-16 
17.265000    8.6911667e-16 
17.280000    8.6906667e-16 
17.295000    8.6901667e-16 
17.310000    8.6896667e-16 
17.325000    8.6891667e-16 
17.340000    8.6886667e-16 
17.355000    8.6881667e-16 
17.370000    8.6876667e-16 
17.385000    8.6871667e-16 
17.400000    8.6866667e-16 
17.415000    8.6861667e-16 
17.430000    8.6856667e-16 
17.445000    8.6851667e-16 
17.460000    8.6846667e-16 
17.475000    8.6841667e-16 
17.490000    8.6836667e-16 
17.505000    8.6831667e-16 
17.520000    8.6826667e-16 
17.535000    8.6821667e-16 
17.550000    8.6816667e-16 
17.565000    8.6811667e-16 
17.580000    8.6806667e-16 
17.595000    8.6801667e-16 
17.610000    8.6796667e-16 
17.625000    8.6791667e-16 
17.640000    8.6786667e-16 
17.655000    8.6781667e-16 
17.670000    8.6776667e-16 
17.685000    8.6771667e-16 
17.700000    8.6766667e-16 
17.715000    8.6761667e-16 
17.730000    8.6756667e-16 
17.745000    8.6751667e-16 
17.760000    8.6746667e-16 
17.775000    8.6741667e-16 
17.790000    8.6736667e-16 
17.805000    8.6731667e-16 
17.820000    8.6726667e-16 
17.835000    8.6721667e-16 
17.850000    8.6716667e-16 
17.865000    8.6711667e-16 
17.880000    8.6706667e-16 
17.895000    8.6701667e-16 
17.910000    8.6696667e-16 
17.925000    8.6691667e-16 
17.940000    8.6686667e-16 
17.955000    8.6681667e-16 
17.970000    8.6676667e-16 
17.985000    8.6671667e-16 
18.000000    8.6666667e-16 
18.015000    8.6661667e-16 
18.030000    8.6656667e-16 
18.045000    8.6651667e-16 
18.060000    8.6646667e-16 
18.075000    8.6641667e-16 
18.090000    8.6636667e-16 
18.105000    8.6631667e-16 
18.120000    8.6626667e-16 
18.135000    8.6621667e-16 
18.150000    8.6616667e-16 
18.165000    8.6611667e-16 
18.180000    8.6606667e-16 
18.195000    8.6601667e-16 
18.210000    8.6596667e-16 
18.225000    8.6591667e-16 
18.240000    8.6586667e-16 
18.255000    8.6581667e-16 
18.270000    8.6576667e-16 
18.285000    8.6571667e-16 
18.300000    8.6566667e-16 
18.315000    8.6561667e-16 
18.330000    8.6556667e-16 
18.345000    8.6551667e-16 
18.360000    8.6546667e-16 
18.375000    8.6541667e-16 
18.390000    8.6536667e-16 
18.405000    8.6531667e-16 
18.420000    8.6526667e-16 
18.435000    8.6521667e-16 
18.450000    8.6516667e-16 
18.465000    8.6511667e-16 
18.480000    8.6506667e-16 
18.495000    8.6501667e-16 
18.510000    8.6496667e-16 
18.525000    8.6491667e-16 
18.540000    8.6486667e-16 
18.555000    8.6481667e-16 
18.570000    8.6476667e-16 
18.585000    8.6471667e-16 
18.600000    8.6466667e-16 
18.615000    8.6461667e-16 
18.630000    8.6456667e-16 
18.645000    8.6451667e-16 
18.660000    8.6446667e-16 
18.675000    8.6441667e-16 
18.690000    8.6436667e-16 
18.705000    8.6431667e-16 
18.720000    8.6426667e-16 
18.735000    8.6421667e-16 
18.750000    8.6416667e-16 
18.765000    8.6411667e-16 
18.780000    8.6406667e-16 
18.795000    8.6401667e-16 
18.810000    8.6396667e-16 
18.825000    8.6391667e-16 
18.840000    8.6386667e-16 
18.855000    8.6381667e-16 
18.870000    8.6376667e-16 
18.885000    8.6371667e-16 
18.900000    8.6366667e-16 
18.915000    8.6361667e-16 
18.930000    8.6356667e-16 
18.945000    8.6351667e-16 
18.960000    8.6346667e-16 
18.975000    8.6341667e-16 
18.990000    8.6336667e-16 
19.005000    8.6331667e-16 
19.020000    8.6326667e-16 
19.035000    8.6321667e-16 
19.050000    8.6316667e-16 
19.065000    8.6311667e-16 
19.080000    8.6306667e-16 
19.095000    8.6301667e-16 
19.110000    8.6296667e-16 
19.125000    8.6291667e-16 
19.140000    8.6286667e-16 
19.155000    8.6281667e-16 
19.170000    8.6276667e-16 
19.185000    8.6271667e-16 
19.200000    8.6266667e-16 
19.215000    8.6261667e-16 
19.230000    8.6256667e-16 
19.245000    8.6251667e-16 
19.260000    8.6246667e-16 
19.275000    8.6241667e-16 
19.290000    8.6236667e-16 
19.305000    8.6231667e-16 
19.320000    8.6226667e-16 
19.335000    8.6221667e-16 
19.350000    8.6216667e-16 
19.365000    8.6211667e-16 
19.380000    8.6206667e-16 
19.395000    8.6201667e-16 
19.410000    8.6196667e-16 
19.425000    8.6191667e-16 
19.440000    8.6186667e-16 
19.455000    8.6181667e-16 
19.470000    8.6176667e-16 
19.485000    8.6171667e-16 
19.500000    8.6166667e-16 
19.515000    8.6161667e-16 
19.530000    8.6156667e-16 
19.545000    8.6151667e-16 
19.560000    8.6146667e-16 
19.575000    8.6141667e-16 
19.590000    8.6136667e-16 
19.605000    8.6131667e-16 
19.620000    8.6126667e-16 
19.635000    8.6121667e-16 
19.650000    8.6116667e-16 
19.665000    8.6111667e-16 
19.680000    8.6106667e-16 
19.695000    8.6101667e-16 
19.710000    8.6096667e-16 
19.725000    8.6091667e-16 
19.740000    8.6086667e-16 
19.755000    8.6081667e-16 
19.770000    8.6076667e-16 
19.785000    8.6071667e-16 
19.800000    8.6066667e-16 
19.815000    8.6061667e-16 
19.830000    8.6056667e-16 
19.845000    8.6051667e-16 
19.860000    8.6046667e-16 
19.875000    8.6041667e-16 
19.890000    8.6036667e-16 
19.905000    8.6031667e-16 
19.920000    8.6026667e-16 
19.935000    8.6021667e-16 
19.950000    8.6016667e-16 
19.965000    8.6011667e-16 
19.980000    8.6006667e-16 
19.995000    8.6001667e-16 
20.010000    8.5992000e-16 
20.025000    8.5980000e-16 
20.040000    8.5968000e-16 
20.055000    8.5956000e-16 
20.070000    8.5944000e-16 
20.085000    8.5932000e-16 
20.100000    8.5920000e-16 
20.115000    8.5908000e-16 
20.130000    8.5896000e-16 
20.145000    8.5884000e-16 
20.160000    8.5872000e-16 
20.175000    8.5860000e-16 
20.190000    8.5848000e-16 
20.205000    8.5836000e-16 
20.220000    8.5824000e-16 
20.235000    8.5812000e-16 
20.250000    8.5800000e-16 
20.265000    8.5788000e-16 
20.280000    8.5776000e-16 
20.295000    8.5764000e-16 
20.310000    8.5752000e-16 
20.325000    8.5740000e-16 
20.340000    8.5728000e-16 
20.355000    8.5716000e-16 
20.370000    8.5704000e-16 
20.385000    8.5692000e-16 
20.400000    8.5680000e-16 
20.415000    8.5668000e-16 
20.430000    8.5656000e-16 
20.445000    8.5644000e-16 
20.460000    8.5632000e-16 
20.475000    8.5620000e-16 
20.490000    8.5608000e-16 
20.505000    8.5596000e-16 
20.520000    8.5584000e-16 
20.535000    8.5572000e-16 
20.550000    8.5560000e-16 
20.565000    8.5548000e-16 
20.580000    8.5536000e-16 
20.595000    8.5524000e-16 
20.610000    8.5512000e-16 
20.625000    8.5500000e-16 
20.640000    8.5488000e-16 
20.655000    8.5476000e-16 
20.670000    8.5464000e-16 
20.685000    8.5452000e-16 
20.700000    8.5440000e-16 
20.715000    8.5428000e-16 
20.730000    8.5416000e-16 
20.745000    8.5404000e-16 
20.760000    8.5392000e-16 
20.775000    8.5380000e-16 
20.790000    8.5368000e-16 
20.805000    8.5356000e-16 
20.820000    8.5344000e-16 
20.835000    8.5332000e-16 
20.850000    8.5320000e-16 
20.865000    8.5308000e-16 
20.880000    8.5296000e-16 
20.895000    8.5284000e-16 
20.910000    8.5272000e-16 
20.925000    8.5260000e-16 
20.940000    8.5248000e-16 
20.955000    8.5236000e-16 
20.970000    8.5224000e-16 
20.985000    8.5212000e-16 
21.000000    8.5200000e-16 
21.015000    8.5188000e-16 
21.030000    8.5176000e-16 
21.045000    8.5164000e-16 
21.060000    8.5152000e-16 
21.075000    8.5140000e-16 
21.090000    8.5128000e-16 
21.105000    8.5116000e-16 
21.120000    8.5104000e-16 
21.135000    8.5092000e-16 
21.150000    8.5080000e-16 
21.165000    8.5068000e-16 
21.180000    8.5056000e-16 
21.195000    8.5044000e-16 
21.210000    8.5032000e-16 
21.225000    8.5020000e-16 
21.240000    8.5008000e-16 
21.255000    8.4996000e-16 
21.270000    8.4984000e-16 
21.285000    8.4972000e-16 
21.300000    8.4960000e-16 
21.315000    8.4948000e-16 
21.330000    8.4936000e-16 
21.345000    8.4924000e-16 
21.360000    8.4912000e-16 
21.375000    8.4900000e-16 
21.390000    8.4888000e-16 
21.405000    8.4876000e-16 
21.420000    8.4864000e-16 
21.435000    8.4852000e-16 
21.450000    8.4840000e-16 
21.465000    8.4828000e-16 
21.480000    8.4816000e-16 
21.495000    8.4804000e-16 
21.510000    8.4792000e-16 
21.525000    8.4780000e-16 
21.540000    8.4768000e-16 
21.555000    8.4756000e-16 
21.570000    8.4744000e-16 
21.585000    8.4732000e-16 
21.600000    8.4720000e-16 
21.615000    8.4708000e-16 
21.630000    8.4696000e-16 
21.645000    8.4684000e-16 
21.660000    8.4672000e-16 
21.675000    8.4660000e-16 
21.690000    8.4648000e-16 
21.705000    8.4636000e-16 
21.720000    8.4624000e-16 
21.735000    8.4612000e-16 
21.750000    8.4600000e-16 
21.765000    8.4588000e-16 
21.780000    8.4576000e-16 
21.795000    8.4564000e-16 
21.810000    8.4552000e-16 
21.825000    8.4540000e-16 
21.840000    8.4528000e-16 
21.855000    8.4516000e-16 
21.870000    8.4504000e-16 
21.885000    8.4492000e-16 
21.900000    8.4480000e-16 
21.915000    8.4468000e-16 
21.930000    8.4456000e-16 
21.945000    8.4444000e-16 
21.960000    8.4432000e-16 
21.975000    8.4420000e-16 
21.990000    8.4408000e-16 
22.005000    8.4396000e-16 
22.020000    8.4384000e-16 
22.035000    8.4372000e-16 
22.050000    8.4360000e-16 
22.065000    8.4348000e-16 
22.080000    8.4336000e-16 
22.095000    8.4324000e-16 
22.110000    8.4312000e-16 
22.125000    8.4300000e-16 
22.140000    8.4288000e-16 
22.155000    8.4276000e-16 
22.170000    8.4264000e-16 
22.185000    8.4252000e-16 
22.200000    8.4240000e-16 
22.215000    8.4228000e-16 
22.230000    8.4216000e-16 
22.245000    8.4204000e-16 
22.260000    8.4192000e-16 
22.275000    8.4180000e-16 
22.290000    8.4168000e-16 
22.305000    8.4156000e-16 
22.320000    8.4144000e-16 
22.335000    8.4132000e-16 
22.350000    8.4120000e-16 
22.365000    8.4108000e-16 
22.380000    8.4096000e-16 
22.395000    8.4084000e-16 
22.410000    8.4072000e-16 
22.425000    8.4060000e-16 
22.440000    8.4048000e-16 
22.455000    8.4036000e-16 
22.470000    8.4024000e-16 
22.485000    8.4012000e-16 
22.500000    8.4000000e-16 
22.515000    8.3988000e-16 
22.530000    8.3976000e-16 
22.545000    8.3964000e-16 
22.560000    8.3952000e-16 
22.575000    8.3940000e-16 
22.590000    8.3928000e-16 
22.605000    8.3916000e-16 
22.620000    8.3904000e-16 
22.635000    8.3892000e-16 
22.650000    8.3880000e-16 
22.665000    8.3868000e-16 
22.680000    8.3856000e-16 
22.695000    8.3844000e-16 
22.710000    8.3832000e-16 
22.725000    8.3820000e-16 
22.740000    8.3808000e-16 
22.755000    8.3796000e-16 
22.770000    8.3784000e-16 
22.785000    8.3772000e-16 
22.800000    8.3760000e-16 
22.815000    8.3748000e-16 
22.830000    8.3736000e-16 
22.845000    8.3724000e-16 
22.860000    8.3712000e-16 
22.875000    8.3700000e-16 
22.890000    8.3688000e-16 
22.905000    8.3676000e-16 
22.920000    8.3664000e-16 
22.935000    8.3652000e-16 
22.950000    8.3640000e-16 
22.965000    8.3628000e-16 
22.980000    8.3616000e-16 
22.995000    8.3604000e-16 
23.010000    8.3592000e-16 
23.025000    8.3580000e-16 
23.040000    8.3568000e-16 
23.055000    8.3556000e-16 
23.070000    8.3544000e-16 
23.085000    8.3532000e-16 
23.100000    8.3520000e-16 
23.115000    8.3508000e-16 
23.130000    8.3496000e-16 
23.145000    8.3484000e-16 
23.160000    8.3472000e-16 
23.175000    8.3460000e-16 
23.190000    8.3448000e-16 
23.205000    8.3436000e-16 
23.220000    8.3424000e-16 
23.235000    8.3412000e-16 
23.250000    8.3400000e-16 
23.265000    8.3388000e-16 
23.280000    8.3376000e-16 
23.295000    8.3364000e-16 
23.310000    8.3352000e-16 
23.325000    8.3340000e-16 
23.340000    8.3328000e-16 
23.355000    8.3316000e-16 
23.370000    8.3304000e-16 
23.385000    8.3292000e-16 
23.400000    8.3280000e-16 
23.415000    8.3268000e-16 
23.430000    8.3256000e-16 
23.445000    8.3244000e-16 
23.460000    8.3232000e-16 
23.475000    8.3220000e-16 
23.490000    8.3208000e-16 
23.505000    8.3196000e-16 
23.520000    8.3184000e-16 
23.535000    8.3172000e-16 
23.550000    8.3160000e-16 
23.565000    8.3148000e-16 
23.580000    8.3136000e-16 
23.595000    8.3124000e-16 
23.610000    8.3112000e-16 
23.625000    8.3100000e-16 
23.640000    8.3088000e-16 
23.655000    8.3076000e-16 
23.670000    8.3064000e-16 
23.685000    8.3052000e-16 
23.700000    8.3040000e-16 
23.715000    8.3028000e-16 
23.730000    8.3016000e-16 
23.745000    8.3004000e-16 
23.760000    8.2992000e-16 
23.775000    8.2980000e-16 
23.790000    8.2968000e-16 
23.805000    8.2956000e-16 
23.820000    8.2944000e-16 
23.835000    8.2932000e-16 
23.850000    8.2920000e-16 
23.865000    8.2908000e-16 
23.880000    8.2896000e-16 
23.895000    8.2884000e-16 
23.910000    8.2872000e-16 
23.925000    8.2860000e-16 
23.940000    8.2848000e-16 
23.955000    8.2836000e-16 
23.970000    8.2824000e-16 
23.985000    8.2812000e-16 
24.000000    8.2800000e-16 
24.015000    8.2788000e-16 
24.030000    8.2776000e-16 
24.045000    8.2764000e-16 
24.060000    8.2752000e-16 
24.075000    8.2740000e-16 
24.090000    8.2728000e-16 
24.105000    8.2716000e-16 
24.120000    8.2704000e-16 
24.135000    8.2692000e-16 
24.150000    8.2680000e-16 
24.165000    8.2668000e-16 
24.180000    8.2656000e-16 
24.195000    8.2644000e-16 
24.210000    8.2632000e-16 
24.225000    8.2620000e-16 
24.240000    8.2608000e-16 
24.255000    8.2596000e-16 
24.270000    8.2584000e-16 
24.285000    8.2572000e-16 
24.300000    8.2560000e-16 
24.315000    8.2548000e-16 
24.330000    8.2536000e-16 
24.345000    8.2524000e-16 
24.360000    8.2512000e-16 
24.375000    8.2500000e-16 
24.390000    8.2488000e-16 
24.405000    8.2476000e-16 
24.420000    8.2464000e-16 
24.435000    8.2452000e-16 
24.450000    8.2440000e-16 
24.465000    8.2428000e-16 
24.480000    8.2416000e-16 
24.495000    8.2404000e-16 
24.510000    8.2392000e-16 
24.525000    8.2380000e-16 
24.540000    8.2368000e-16 
24.555000    8.2356000e-16 
24.570000    8.2344000e-16 
24.585000    8.2332000e-16 
24.600000    8.2320000e-16 
24.615000    8.2308000e-16 
24.630000    8.2296000e-16 
24.645000    8.2284000e-16 
24.660000    8.2272000e-16 
24.675000    8.2260000e-16 
24.690000    8.2248000e-16 
24.705000    8.2236000e-16 
24.720000    8.2224000e-16 
24.735000    8.2212000e-16 
24.750000    8.2200000e-16 
24.765000    8.2188000e-16 
24.780000    8.2176000e-16 
24.795000    8.2164000e-16 
24.810000    8.2152000e-16 
24.825000    8.2140000e-16 
24.840000    8.2128000e-16 
24.855000    8.2116000e-16 
24.870000    8.2104000e-16 
24.885000    8.2092000e-16 
24.900000    8.2080000e-16 
24.915000    8.2068000e-16 
24.930000    8.2056000e-16 
24.945000    8.2044000e-16 
24.960000    8.2032000e-16 
24.975000    8.2020000e-16 
24.990000    8.2008000e-16 
25.005000    8.1998000e-16 
25.020000    8.1992000e-16 
25.035000    8.1986000e-16 
25.050000    8.1980000e-16 
25.065000    8.1974000e-16 
25.080000    8.1968000e-16 
25.095000    8.1962000e-16 
25.110000    8.1956000e-16 
25.125000    8.1950000e-16 
25.140000    8.1944000e-16 
25.155000    8.1938000e-16 
25.170000    8.1932000e-16 
25.185000    8.1926000e-16 
25.200000    8.1920000e-16 
25.215000    8.1914000e-16 
25.230000    8.1908000e-16 
25.245000    8.1902000e-16 
25.260000    8.1896000e-16 
25.275000    8.1890000e-16 
25.290000    8.1884000e-16 
25.305000    8.1878000e-16 
25.320000    8.1872000e-16 
25.335000    8.1866000e-16 
25.350000    8.1860000e-16 
25.365000    8.1854000e-16 
25.380000    8.1848000e-16 
25.395000    8.1842000e-16 
25.410000    8.1836000e-16 
25.425000    8.1830000e-16 
25.440000    8.1824000e-16 
25.455000    8.1818000e-16 
25.470000    8.1812000e-16 
25.485000    8.1806000e-16 
25.500000    8.1800000e-16 
25.515000    8.1794000e-16 
25.530000    8.1788000e-16 
25.545000    8.1782000e-16 
25.560000    8.1776000e-16 
25.575000    8.1770000e-16 
25.590000    8.1764000e-16 
25.605000    8.1758000e-16 
25.620000    8.1752000e-16 
25.635000    8.1746000e-16 
25.650000    8.1740000e-16 
25.665000    8.1734000e-16 
25.680000    8.1728000e-16 
25.695000    8.1722000e-16 
25.710000    8.1716000e-16 
25.725000    8.1710000e-16 
25.740000    8.1704000e-16 
25.755000    8.1698000e-16 
25.770000    8.1692000e-16 
25.785000    8.1686000e-16 
25.800000    8.1680000e-16 
25.815000    8.1674000e-16 
25.830000    8.1668000e-16 
25.845000    8.1662000e-16 
25.860000    8.1656000e-16 
25.875000    8.1650000e-16 
25.890000    8.1644000e-16 
25.905000    8.1638000e-16 
25.920000    8.1632000e-16 
25.935000    8.1626000e-16 
25.950000    8.1620000e-16 
25.965000    8.1614000e-16 
25.980000    8.1608000e-16 
25.995000    8.1602000e-16 
26.010000    8.1596000e-16 
26.025000    8.1590000e-16 
26.040000    8.1584000e-16 
26.055000    8.1578000e-16 
26.070000    8.1572000e-16 
26.085000    8.1566000e-16 
26.100000    8.1560000e-16 
26.115000    8.1554000e-16 
26.130000    8.1548000e-16 
26.145000    8.1542000e-16 
26.160000    8.1536000e-16 
26.175000    8.1530000e-16 
26.190000    8.1524000e-16 
26.205000    8.1518000e-16 
26.220000    8.1512000e-16 
26.235000    8.1506000e-16 
26.250000    8.1500000e-16 
26.265000    8.1494000e-16 
26.280000    8.1488000e-16 
26.295000    8.1482000e-16 
26.310000    8.1476000e-16 
26.325000    8.1470000e-16 
26.340000    8.1464000e-16 
26.355000    8.1458000e-16 
26.370000    8.1452000e-16 
26.385000    8.1446000e-16 
26.400000    8.1440000e-16 
26.415000    8.1434000e-16 
26.430000    8.1428000e-16 
26.445000    8.1422000e-16 
26.460000    8.1416000e-16 
26.475000    8.1410000e-16 
26.490000    8.1404000e-16 
26.505000    8.1398000e-16 
26.520000    8.1392000e-16 
26.535000    8.1386000e-16 
26.550000    8.1380000e-16 
26.565000    8.1374000e-16 
26.580000    8.1368000e-16 
26.595000    8.1362000e-16 
26.610000    8.1356000e-16 
26.625000    8.1350000e-16 
26.640000    8.1344000e-16 
26.655000    8.1338000e-16 
26.670000    8.1332000e-16 
26.685000    8.1326000e-16 
26.700000    8.1320000e-16 
26.715000    8.1314000e-16 
26.730000    8.1308000e-16 
26.745000    8.1302000e-16 
26.760000    8.1296000e-16 
26.775000    8.1290000e-16 
26.790000    8.1284000e-16 
26.805000    8.1278000e-16 
26.820000    8.1272000e-16 
26.835000    8.1266000e-16 
26.850000    8.1260000e-16 
26.865000    8.1254000e-16 
26.880000    8.1248000e-16 
26.895000    8.1242000e-16 
26.910000    8.1236000e-16 
26.925000    8.1230000e-16 
26.940000    8.1224000e-16 
26.955000    8.1218000e-16 
26.970000    8.1212000e-16 
26.985000    8.1206000e-16 
27.000000    8.1200000e-16 
27.015000    8.1194000e-16 
27.030000    8.1188000e-16 
27.045000    8.1182000e-16 
27.060000    8.1176000e-16 
27.075000    8.1170000e-16 
27.090000    8.1164000e-16 
27.105000    8.1158000e-16 
27.120000    8.1152000e-16 
27.135000    8.1146000e-16 
27.150000    8.1140000e-16 
27.165000    8.1134000e-16 
27.180000    8.1128000e-16 
27.195000    8.1122000e-16 
27.210000    8.1116000e-16 
27.225000    8.1110000e-16 
27.240000    8.1104000e-16 
27.255000    8.1098000e-16 
27.270000    8.1092000e-16 
27.285000    8.1086000e-16 
27.300000    8.1080000e-16 
27.315000    8.1074000e-16 
27.330000    8.1068000e-16 
27.345000    8.1062000e-16 
27.360000    8.1056000e-16 
27.375000    8.1050000e-16 
27.390000    8.1044000e-16 
27.405000    8.1038000e-16 
27.420000    8.1032000e-16 
27.435000    8.1026000e-16 
27.450000    8.1020000e-16 
27.465000    8.1014000e-16 
27.480000    8.1008000e-16 
27.495000    8.1002000e-16 
27.510000    8.0996000e-16 
27.525000    8.0990000e-16 
27.540000    8.0984000e-16 
27.555000    8.0978000e-16 
27.570000    8.0972000e-16 
27.585000    8.0966000e-16 
27.600000    8.0960000e-16 
27.615000    8.0954000e-16 
27.630000    8.0948000e-16 
27.645000    8.0942000e-16 
27.660000    8.0936000e-16 
27.675000    8.0930000e-16 
27.690000    8.0924000e-16 
27.705000    8.0918000e-16 
27.720000    8.0912000e-16 
27.735000    8.0906000e-16 
27.750000    8.0900000e-16 
27.765000    8.0894000e-16 
27.780000    8.0888000e-16 
27.795000    8.0882000e-16 
27.810000    8.0876000e-16 
27.825000    8.0870000e-16 
27.840000    8.0864000e-16 
27.855000    8.0858000e-16 
27.870000    8.0852000e-16 
27.885000    8.0846000e-16 
27.900000    8.0840000e-16 
27.915000    8.0834000e-16 
27.930000    8.0828000e-16 
27.945000    8.0822000e-16 
27.960000    8.0816000e-16 
27.975000    8.0810000e-16 
27.990000    8.0804000e-16 
28.005000    8.0798000e-16 
28.020000    8.0792000e-16 
28.035000    8.0786000e-16 
28.050000    8.0780000e-16 
28.065000    8.0774000e-16 
28.080000    8.0768000e-16 
28.095000    8.0762000e-16 
28.110000    8.0756000e-16 
28.125000    8.0750000e-16 
28.140000    8.0744000e-16 
28.155000    8.0738000e-16 
28.170000    8.0732000e-16 
28.185000    8.0726000e-16 
28.200000    8.0720000e-16 
28.215000    8.0714000e-16 
28.230000    8.0708000e-16 
28.245000    8.0702000e-16 
28.260000    8.0696000e-16 
28.275000    8.0690000e-16 
28.290000    8.0684000e-16 
28.305000    8.0678000e-16 
28.320000    8.0672000e-16 
28.335000    8.0666000e-16 
28.350000    8.0660000e-16 
28.365000    8.0654000e-16 
28.380000    8.0648000e-16 
28.395000    8.0642000e-16 
28.410000    8.0636000e-16 
28.425000    8.0630000e-16 
28.440000    8.0624000e-16 
28.455000    8.0618000e-16 
28.470000    8.0612000e-16 
28.485000    8.0606000e-16 
28.500000    8.0600000e-16 
28.515000    8.0594000e-16 
28.530000    8.0588000e-16 
28.545000    8.0582000e-16 
28.560000    8.0576000e-16 
28.575000    8.0570000e-16 
28.590000    8.0564000e-16 
28.605000    8.0558000e-16 
28.620000    8.0552000e-16 
28.635000    8.0546000e-16 
28.650000    8.0540000e-16 
28.665000    8.0534000e-16 
28.680000    8.0528000e-16 
28.695000    8.0522000e-16 
28.710000    8.0516000e-16 
28.725000    8.0510000e-16 
28.740000    8.0504000e-16 
28.755000    8.0498000e-16 
28.770000    8.0492000e-16 
28.785000    8.0486000e-16 
28.800000    8.0480000e-16 
28.815000    8.0474000e-16 
28.830000    8.0468000e-16 
28.845000    8.0462000e-16 
28.860000    8.0456000e-16 
28.875000    8.0450000e-16 
28.890000    8.0444000e-16 
28.905000    8.0438000e-16 
28.920000    8.0432000e-16 
28.935000    8.0426000e-16 
28.950000    8.0420000e-16 
28.965000    8.0414000e-16 
28.980000    8.0408000e-16 
28.995000    8.0402000e-16 
29.010000    8.0396000e-16 
29.025000    8.0390000e-16 
29.040000    8.0384000e-16 
29.055000    8.0378000e-16 
29.070000    8.0372000e-16 
29.085000    8.0366000e-16 
29.100000    8.0360000e-16 
29.115000    8.0354000e-16 
29.130000    8.0348000e-16 
29.145000    8.0342000e-16 
29.160000    8.0336000e-16 
29.175000    8.0330000e-16 
29.190000    8.0324000e-16 
29.205000    8.0318000e-16 
29.220000    8.0312000e-16 
29.235000    8.0306000e-16 
29.250000    8.0300000e-16 
29.265000    8.0294000e-16 
29.280000    8.0288000e-16 
29.295000    8.0282000e-16 
29.310000    8.0276000e-16 
29.325000    8.0270000e-16 
29.340000    8.0264000e-16 
29.355000    8.0258000e-16 
29.370000    8.0252000e-16 
29.385000    8.0246000e-16 
29.400000    8.0240000e-16 
29.415000    8.0234000e-16 
29.430000    8.0228000e-16 
29.445000    8.0222000e-16 
29.460000    8.0216000e-16 
29.475000    8.0210000e-16 
29.490000    8.0204000e-16 
29.505000    8.0198000e-16 
29.520000    8.0192000e-16 
29.535000    8.0186000e-16 
29.550000    8.0180000e-16 
29.565000    8.0174000e-16 
29.580000    8.0168000e-16 
29.595000    8.0162000e-16 
29.610000    8.0156000e-16 
29.625000    8.0150000e-16 
29.640000    8.0144000e-16 
29.655000    8.0138000e-16 
29.670000    8.0132000e-16 
29.685000    8.0126000e-16 
29.700000    8.0120000e-16 
29.715000    8.0114000e-16 
29.730000    8.0108000e-16 
29.745000    8.0102000e-16 
29.760000    8.0096000e-16 
29.775000    8.0090000e-16 
29.790000    8.0084000e-16 
29.805000    8.0078000e-16 
29.820000    8.0072000e-16 
29.835000    8.0066000e-16 
29.850000    8.0060000e-16 
29.865000    8.0054000e-16 
29.880000    8.0048000e-16 
29.895000    8.0042000e-16 
29.910000    8.0036000e-16 
29.925000    8.0030000e-16 
29.940000    8.0024000e-16 
29.955000    8.0018000e-16 
29.970000    8.0012000e-16 
29.985000    8.0006000e-16 
30.000000    8.0000000e-16 
