6.000000    0.0000000e+00 
6.019500    2.9250000e-19 
6.039000    5.8500000e-19 
6.058500    8.7750000e-19 
6.078000    1.1700000e-18 
6.097500    1.4625000e-18 
6.117000    1.7550000e-18 
6.136500    2.0475000e-18 
6.156000    2.3400000e-18 
6.175500    2.6325000e-18 
6.195000    2.9250000e-18 
6.214500    3.2175000e-18 
6.234000    3.5100000e-18 
6.253500    3.8025000e-18 
6.273000    4.0950000e-18 
6.292500    4.3875000e-18 
6.312000    4.6800000e-18 
6.331500    4.9725000e-18 
6.351000    5.2650000e-18 
6.370500    5.5575000e-18 
6.390000    5.8500000e-18 
6.409500    6.1425000e-18 
6.429000    6.4350000e-18 
6.448500    6.7275000e-18 
6.468000    7.0200000e-18 
6.487500    7.3125000e-18 
6.507000    7.6050000e-18 
6.526500    7.8975000e-18 
6.546000    8.1900000e-18 
6.565500    8.4825000e-18 
6.585000    8.7750000e-18 
6.604500    9.0675000e-18 
6.624000    9.3600000e-18 
6.643500    9.6525000e-18 
6.663000    9.9450000e-18 
6.682500    1.0237500e-17 
6.702000    1.0530000e-17 
6.721500    1.0822500e-17 
6.741000    1.1115000e-17 
6.760500    1.1407500e-17 
6.780000    1.1700000e-17 
6.799500    1.1992500e-17 
6.819000    1.2285000e-17 
6.838500    1.2577500e-17 
6.858000    1.2870000e-17 
6.877500    1.3162500e-17 
6.897000    1.3455000e-17 
6.916500    1.3747500e-17 
6.936000    1.4040000e-17 
6.955500    1.4332500e-17 
6.975000    1.4625000e-17 
6.994500    1.4917500e-17 
7.014000    1.5140000e-17 
7.033500    1.5335000e-17 
7.053000    1.5530000e-17 
7.072500    1.5725000e-17 
7.092000    1.5920000e-17 
7.111500    1.6115000e-17 
7.131000    1.6310000e-17 
7.150500    1.6505000e-17 
7.170000    1.6700000e-17 
7.189500    1.6895000e-17 
7.209000    1.7090000e-17 
7.228500    1.7285000e-17 
7.248000    1.7480000e-17 
7.267500    1.7675000e-17 
7.287000    1.7870000e-17 
7.306500    1.8065000e-17 
7.326000    1.8260000e-17 
7.345500    1.8455000e-17 
7.365000    1.8650000e-17 
7.384500    1.8845000e-17 
7.404000    1.9040000e-17 
7.423500    1.9235000e-17 
7.443000    1.9430000e-17 
7.462500    1.9625000e-17 
7.482000    1.9820000e-17 
7.501500    2.0015000e-17 
7.521000    2.0210000e-17 
7.540500    2.0405000e-17 
7.560000    2.0600000e-17 
7.579500    2.0795000e-17 
7.599000    2.0990000e-17 
7.618500    2.1185000e-17 
7.638000    2.1380000e-17 
7.657500    2.1575000e-17 
7.677000    2.1770000e-17 
7.696500    2.1965000e-17 
7.716000    2.2160000e-17 
7.735500    2.2355000e-17 
7.755000    2.2550000e-17 
7.774500    2.2745000e-17 
7.794000    2.2940000e-17 
7.813500    2.3000000e-17 
7.833000    2.3000000e-17 
7.852500    2.3000000e-17 
7.872000    2.3000000e-17 
7.891500    2.3000000e-17 
7.911000    2.3000000e-17 
7.930500    2.3000000e-17 
7.950000    2.3000000e-17 
7.969500    2.3000000e-17 
7.989000    2.3000000e-17 
8.008500    2.3000000e-17 
8.028000    2.3000000e-17 
8.047500    2.3000000e-17 
8.067000    2.3000000e-17 
8.086500    2.3000000e-17 
8.106000    2.3000000e-17 
8.125500    2.3000000e-17 
8.145000    2.3000000e-17 
8.164500    2.3000000e-17 
8.184000    2.3000000e-17 
8.203500    2.3000000e-17 
8.223000    2.3000000e-17 
8.242500    2.3000000e-17 
8.262000    2.3000000e-17 
8.281500    2.3000000e-17 
8.301000    2.3000000e-17 
8.320500    2.3000000e-17 
8.340000    2.3000000e-17 
8.359500    2.3000000e-17 
8.379000    2.3000000e-17 
8.398500    2.3000000e-17 
8.418000    2.3000000e-17 
8.437500    2.3000000e-17 
8.457000    2.3000000e-17 
8.476500    2.3000000e-17 
8.496000    2.3000000e-17 
8.515500    2.3000000e-17 
8.535000    2.3000000e-17 
8.554500    2.3000000e-17 
8.574000    2.3000000e-17 
8.593500    2.3000000e-17 
8.613000    2.3000000e-17 
8.632500    2.3000000e-17 
8.652000    2.3000000e-17 
8.671500    2.3000000e-17 
8.691000    2.3000000e-17 
8.710500    2.3000000e-17 
8.730000    2.3000000e-17 
8.749500    2.3000000e-17 
8.769000    2.3000000e-17 
8.788500    2.3000000e-17 
8.808000    2.3000000e-17 
8.827500    2.3000000e-17 
8.847000    2.3000000e-17 
8.866500    2.3000000e-17 
8.886000    2.3000000e-17 
8.905500    2.3000000e-17 
8.925000    2.3000000e-17 
8.944500    2.3000000e-17 
8.964000    2.3000000e-17 
8.983500    2.3000000e-17 
9.003000    2.2994000e-17 
9.022500    2.2955000e-17 
9.042000    2.2916000e-17 
9.061500    2.2877000e-17 
9.081000    2.2838000e-17 
9.100500    2.2799000e-17 
9.120000    2.2760000e-17 
9.139500    2.2721000e-17 
9.159000    2.2682000e-17 
9.178500    2.2643000e-17 
9.198000    2.2604000e-17 
9.217500    2.2565000e-17 
9.237000    2.2526000e-17 
9.256500    2.2487000e-17 
9.276000    2.2448000e-17 
9.295500    2.2409000e-17 
9.315000    2.2370000e-17 
9.334500    2.2331000e-17 
9.354000    2.2292000e-17 
9.373500    2.2253000e-17 
9.393000    2.2214000e-17 
9.412500    2.2175000e-17 
9.432000    2.2136000e-17 
9.451500    2.2097000e-17 
9.471000    2.2058000e-17 
9.490500    2.2019000e-17 
9.510000    2.1980000e-17 
9.529500    2.1941000e-17 
9.549000    2.1902000e-17 
9.568500    2.1863000e-17 
9.588000    2.1824000e-17 
9.607500    2.1785000e-17 
9.627000    2.1746000e-17 
9.646500    2.1707000e-17 
9.666000    2.1668000e-17 
9.685500    2.1629000e-17 
9.705000    2.1590000e-17 
9.724500    2.1551000e-17 
9.744000    2.1512000e-17 
9.763500    2.1473000e-17 
9.783000    2.1434000e-17 
9.802500    2.1395000e-17 
9.822000    2.1356000e-17 
9.841500    2.1317000e-17 
9.861000    2.1278000e-17 
9.880500    2.1239000e-17 
9.900000    2.1200000e-17 
9.919500    2.1161000e-17 
9.939000    2.1122000e-17 
9.958500    2.1083000e-17 
9.978000    2.1044000e-17 
9.997500    2.1005000e-17 
10.017000    2.0961750e-17 
10.036500    2.0917875e-17 
10.056000    2.0874000e-17 
10.075500    2.0830125e-17 
10.095000    2.0786250e-17 
10.114500    2.0742375e-17 
10.134000    2.0698500e-17 
10.153500    2.0654625e-17 
10.173000    2.0610750e-17 
10.192500    2.0566875e-17 
10.212000    2.0523000e-17 
10.231500    2.0479125e-17 
10.251000    2.0435250e-17 
10.270500    2.0391375e-17 
10.290000    2.0347500e-17 
10.309500    2.0303625e-17 
10.329000    2.0259750e-17 
10.348500    2.0215875e-17 
10.368000    2.0172000e-17 
10.387500    2.0128125e-17 
10.407000    2.0084250e-17 
10.426500    2.0040375e-17 
10.446000    1.9996500e-17 
10.465500    1.9952625e-17 
10.485000    1.9908750e-17 
10.504500    1.9864875e-17 
10.524000    1.9821000e-17 
10.543500    1.9777125e-17 
10.563000    1.9733250e-17 
10.582500    1.9689375e-17 
10.602000    1.9645500e-17 
10.621500    1.9601625e-17 
10.641000    1.9557750e-17 
10.660500    1.9513875e-17 
10.680000    1.9470000e-17 
10.699500    1.9426125e-17 
10.719000    1.9382250e-17 
10.738500    1.9338375e-17 
10.758000    1.9294500e-17 
10.777500    1.9250625e-17 
10.797000    1.9206750e-17 
10.816500    1.9162875e-17 
10.836000    1.9119000e-17 
10.855500    1.9075125e-17 
10.875000    1.9031250e-17 
10.894500    1.8987375e-17 
10.914000    1.8943500e-17 
10.933500    1.8899625e-17 
10.953000    1.8855750e-17 
10.972500    1.8811875e-17 
10.992000    1.8768000e-17 
11.011500    1.8724125e-17 
11.031000    1.8680250e-17 
11.050500    1.8636375e-17 
11.070000    1.8592500e-17 
11.089500    1.8548625e-17 
11.109000    1.8504750e-17 
11.128500    1.8460875e-17 
11.148000    1.8417000e-17 
11.167500    1.8373125e-17 
11.187000    1.8329250e-17 
11.206500    1.8285375e-17 
11.226000    1.8241500e-17 
11.245500    1.8197625e-17 
11.265000    1.8153750e-17 
11.284500    1.8109875e-17 
11.304000    1.8066000e-17 
11.323500    1.8022125e-17 
11.343000    1.7978250e-17 
11.362500    1.7934375e-17 
11.382000    1.7890500e-17 
11.401500    1.7846625e-17 
11.421000    1.7802750e-17 
11.440500    1.7758875e-17 
11.460000    1.7715000e-17 
11.479500    1.7671125e-17 
11.499000    1.7627250e-17 
11.518500    1.7583375e-17 
11.538000    1.7539500e-17 
11.557500    1.7495625e-17 
11.577000    1.7451750e-17 
11.596500    1.7407875e-17 
11.616000    1.7364000e-17 
11.635500    1.7320125e-17 
11.655000    1.7276250e-17 
11.674500    1.7232375e-17 
11.694000    1.7188500e-17 
11.713500    1.7144625e-17 
11.733000    1.7100750e-17 
11.752500    1.7056875e-17 
11.772000    1.7013000e-17 
11.791500    1.6969125e-17 
11.811000    1.6925250e-17 
11.830500    1.6881375e-17 
11.850000    1.6837500e-17 
11.869500    1.6793625e-17 
11.889000    1.6749750e-17 
11.908500    1.6705875e-17 
11.928000    1.6662000e-17 
11.947500    1.6618125e-17 
11.967000    1.6574250e-17 
11.986500    1.6530375e-17 
12.006000    1.6488000e-17 
12.025500    1.6449000e-17 
12.045000    1.6410000e-17 
12.064500    1.6371000e-17 
12.084000    1.6332000e-17 
12.103500    1.6293000e-17 
12.123000    1.6254000e-17 
12.142500    1.6215000e-17 
12.162000    1.6176000e-17 
12.181500    1.6137000e-17 
12.201000    1.6098000e-17 
12.220500    1.6059000e-17 
12.240000    1.6020000e-17 
12.259500    1.5981000e-17 
12.279000    1.5942000e-17 
12.298500    1.5903000e-17 
12.318000    1.5864000e-17 
12.337500    1.5825000e-17 
12.357000    1.5786000e-17 
12.376500    1.5747000e-17 
12.396000    1.5708000e-17 
12.415500    1.5669000e-17 
12.435000    1.5630000e-17 
12.454500    1.5591000e-17 
12.474000    1.5552000e-17 
12.493500    1.5513000e-17 
12.513000    1.5474000e-17 
12.532500    1.5435000e-17 
12.552000    1.5396000e-17 
12.571500    1.5357000e-17 
12.591000    1.5318000e-17 
12.610500    1.5279000e-17 
12.630000    1.5240000e-17 
12.649500    1.5201000e-17 
12.669000    1.5162000e-17 
12.688500    1.5123000e-17 
12.708000    1.5084000e-17 
12.727500    1.5045000e-17 
12.747000    1.5006000e-17 
12.766500    1.4967000e-17 
12.786000    1.4928000e-17 
12.805500    1.4889000e-17 
12.825000    1.4850000e-17 
12.844500    1.4811000e-17 
12.864000    1.4772000e-17 
12.883500    1.4733000e-17 
12.903000    1.4694000e-17 
12.922500    1.4655000e-17 
12.942000    1.4616000e-17 
12.961500    1.4577000e-17 
12.981000    1.4538000e-17 
13.000500    1.4499000e-17 
13.020000    1.4460000e-17 
13.039500    1.4421000e-17 
13.059000    1.4382000e-17 
13.078500    1.4343000e-17 
13.098000    1.4304000e-17 
13.117500    1.4265000e-17 
13.137000    1.4226000e-17 
13.156500    1.4187000e-17 
13.176000    1.4148000e-17 
13.195500    1.4109000e-17 
13.215000    1.4070000e-17 
13.234500    1.4031000e-17 
13.254000    1.3992000e-17 
13.273500    1.3953000e-17 
13.293000    1.3914000e-17 
13.312500    1.3875000e-17 
13.332000    1.3836000e-17 
13.351500    1.3797000e-17 
13.371000    1.3758000e-17 
13.390500    1.3719000e-17 
13.410000    1.3680000e-17 
13.429500    1.3641000e-17 
13.449000    1.3602000e-17 
13.468500    1.3563000e-17 
13.488000    1.3524000e-17 
13.507500    1.3485000e-17 
13.527000    1.3446000e-17 
13.546500    1.3407000e-17 
13.566000    1.3368000e-17 
13.585500    1.3329000e-17 
13.605000    1.3290000e-17 
13.624500    1.3251000e-17 
13.644000    1.3212000e-17 
13.663500    1.3173000e-17 
13.683000    1.3134000e-17 
13.702500    1.3095000e-17 
13.722000    1.3056000e-17 
13.741500    1.3017000e-17 
13.761000    1.2978000e-17 
13.780500    1.2939000e-17 
13.800000    1.2900000e-17 
13.819500    1.2861000e-17 
13.839000    1.2822000e-17 
13.858500    1.2783000e-17 
13.878000    1.2744000e-17 
13.897500    1.2705000e-17 
13.917000    1.2666000e-17 
13.936500    1.2627000e-17 
13.956000    1.2588000e-17 
13.975500    1.2549000e-17 
13.995000    1.2510000e-17 
14.014500    1.2471000e-17 
14.034000    1.2432000e-17 
14.053500    1.2393000e-17 
14.073000    1.2354000e-17 
14.092500    1.2315000e-17 
14.112000    1.2276000e-17 
14.131500    1.2237000e-17 
14.151000    1.2198000e-17 
14.170500    1.2159000e-17 
14.190000    1.2120000e-17 
14.209500    1.2081000e-17 
14.229000    1.2042000e-17 
14.248500    1.2003000e-17 
14.268000    1.1964000e-17 
14.287500    1.1925000e-17 
14.307000    1.1886000e-17 
14.326500    1.1847000e-17 
14.346000    1.1808000e-17 
14.365500    1.1769000e-17 
14.385000    1.1730000e-17 
14.404500    1.1691000e-17 
14.424000    1.1652000e-17 
14.443500    1.1613000e-17 
14.463000    1.1574000e-17 
14.482500    1.1535000e-17 
14.502000    1.1496000e-17 
14.521500    1.1457000e-17 
14.541000    1.1418000e-17 
14.560500    1.1379000e-17 
14.580000    1.1340000e-17 
14.599500    1.1301000e-17 
14.619000    1.1262000e-17 
14.638500    1.1223000e-17 
14.658000    1.1184000e-17 
14.677500    1.1145000e-17 
14.697000    1.1106000e-17 
14.716500    1.1067000e-17 
14.736000    1.1028000e-17 
14.755500    1.0989000e-17 
14.775000    1.0950000e-17 
14.794500    1.0911000e-17 
14.814000    1.0872000e-17 
14.833500    1.0833000e-17 
14.853000    1.0794000e-17 
14.872500    1.0755000e-17 
14.892000    1.0716000e-17 
14.911500    1.0677000e-17 
14.931000    1.0638000e-17 
14.950500    1.0599000e-17 
14.970000    1.0560000e-17 
14.989500    1.0521000e-17 
15.009000    1.0482000e-17 
15.028500    1.0443000e-17 
15.048000    1.0404000e-17 
15.067500    1.0365000e-17 
15.087000    1.0326000e-17 
15.106500    1.0287000e-17 
15.126000    1.0248000e-17 
15.145500    1.0209000e-17 
15.165000    1.0170000e-17 
15.184500    1.0131000e-17 
15.204000    1.0092000e-17 
15.223500    1.0053000e-17 
15.243000    1.0014000e-17 
15.262500    9.9750000e-18 
15.282000    9.9360000e-18 
15.301500    9.8970000e-18 
15.321000    9.8580000e-18 
15.340500    9.8190000e-18 
15.360000    9.7800000e-18 
15.379500    9.7410000e-18 
15.399000    9.7020000e-18 
15.418500    9.6630000e-18 
15.438000    9.6240000e-18 
15.457500    9.5850000e-18 
15.477000    9.5460000e-18 
15.496500    9.5070000e-18 
15.516000    9.4680000e-18 
15.535500    9.4290000e-18 
15.555000    9.3900000e-18 
15.574500    9.3510000e-18 
15.594000    9.3120000e-18 
15.613500    9.2730000e-18 
15.633000    9.2340000e-18 
15.652500    9.1950000e-18 
15.672000    9.1560000e-18 
15.691500    9.1170000e-18 
15.711000    9.0780000e-18 
15.730500    9.0390000e-18 
15.750000    9.0000000e-18 
15.769500    8.9610000e-18 
15.789000    8.9220000e-18 
15.808500    8.8830000e-18 
15.828000    8.8440000e-18 
15.847500    8.8050000e-18 
15.867000    8.7660000e-18 
15.886500    8.7270000e-18 
15.906000    8.6880000e-18 
15.925500    8.6490000e-18 
15.945000    8.6100000e-18 
15.964500    8.5710000e-18 
15.984000    8.5320000e-18 
16.003500    8.4930000e-18 
16.023000    8.4540000e-18 
16.042500    8.4150000e-18 
16.062000    8.3760000e-18 
16.081500    8.3370000e-18 
16.101000    8.2980000e-18 
16.120500    8.2590000e-18 
16.140000    8.2200000e-18 
16.159500    8.1810000e-18 
16.179000    8.1420000e-18 
16.198500    8.1030000e-18 
16.218000    8.0640000e-18 
16.237500    8.0250000e-18 
16.257000    7.9860000e-18 
16.276500    7.9470000e-18 
16.296000    7.9080000e-18 
16.315500    7.8690000e-18 
16.335000    7.8300000e-18 
16.354500    7.7910000e-18 
16.374000    7.7520000e-18 
16.393500    7.7130000e-18 
16.413000    7.6740000e-18 
16.432500    7.6350000e-18 
16.452000    7.5960000e-18 
16.471500    7.5570000e-18 
16.491000    7.5180000e-18 
16.510500    7.4790000e-18 
16.530000    7.4400000e-18 
16.549500    7.4010000e-18 
16.569000    7.3620000e-18 
16.588500    7.3230000e-18 
16.608000    7.2840000e-18 
16.627500    7.2450000e-18 
16.647000    7.2060000e-18 
16.666500    7.1670000e-18 
16.686000    7.1280000e-18 
16.705500    7.0890000e-18 
16.725000    7.0500000e-18 
16.744500    7.0110000e-18 
16.764000    6.9720000e-18 
16.783500    6.9330000e-18 
16.803000    6.8940000e-18 
16.822500    6.8550000e-18 
16.842000    6.8160000e-18 
16.861500    6.7770000e-18 
16.881000    6.7380000e-18 
16.900500    6.6990000e-18 
16.920000    6.6600000e-18 
16.939500    6.6210000e-18 
16.959000    6.5820000e-18 
16.978500    6.5430000e-18 
16.998000    6.5040000e-18 
17.017500    6.4897917e-18 
17.037000    6.4784167e-18 
17.056500    6.4670417e-18 
17.076000    6.4556667e-18 
17.095500    6.4442917e-18 
17.115000    6.4329167e-18 
17.134500    6.4215417e-18 
17.154000    6.4101667e-18 
17.173500    6.3987917e-18 
17.193000    6.3874167e-18 
17.212500    6.3760417e-18 
17.232000    6.3646667e-18 
17.251500    6.3532917e-18 
17.271000    6.3419167e-18 
17.290500    6.3305417e-18 
17.310000    6.3191667e-18 
17.329500    6.3077917e-18 
17.349000    6.2964167e-18 
17.368500    6.2850417e-18 
17.388000    6.2736667e-18 
17.407500    6.2622917e-18 
17.427000    6.2509167e-18 
17.446500    6.2395417e-18 
17.466000    6.2281667e-18 
17.485500    6.2167917e-18 
17.505000    6.2054167e-18 
17.524500    6.1940417e-18 
17.544000    6.1826667e-18 
17.563500    6.1712917e-18 
17.583000    6.1599167e-18 
17.602500    6.1485417e-18 
17.622000    6.1371667e-18 
17.641500    6.1257917e-18 
17.661000    6.1144167e-18 
17.680500    6.1030417e-18 
17.700000    6.0916667e-18 
17.719500    6.0802917e-18 
17.739000    6.0689167e-18 
17.758500    6.0575417e-18 
17.778000    6.0461667e-18 
17.797500    6.0347917e-18 
17.817000    6.0234167e-18 
17.836500    6.0120417e-18 
17.856000    6.0006667e-18 
17.875500    5.9892917e-18 
17.895000    5.9779167e-18 
17.914500    5.9665417e-18 
17.934000    5.9551667e-18 
17.953500    5.9437917e-18 
17.973000    5.9324167e-18 
17.992500    5.9210417e-18 
18.012000    5.9096667e-18 
18.031500    5.8982917e-18 
18.051000    5.8869167e-18 
18.070500    5.8755417e-18 
18.090000    5.8641667e-18 
18.109500    5.8527917e-18 
18.129000    5.8414167e-18 
18.148500    5.8300417e-18 
18.168000    5.8186667e-18 
18.187500    5.8072917e-18 
18.207000    5.7959167e-18 
18.226500    5.7845417e-18 
18.246000    5.7731667e-18 
18.265500    5.7617917e-18 
18.285000    5.7504167e-18 
18.304500    5.7390417e-18 
18.324000    5.7276667e-18 
18.343500    5.7162917e-18 
18.363000    5.7049167e-18 
18.382500    5.6935417e-18 
18.402000    5.6821667e-18 
18.421500    5.6707917e-18 
18.441000    5.6594167e-18 
18.460500    5.6480417e-18 
18.480000    5.6366667e-18 
18.499500    5.6252917e-18 
18.519000    5.6139167e-18 
18.538500    5.6025417e-18 
18.558000    5.5911667e-18 
18.577500    5.5797917e-18 
18.597000    5.5684167e-18 
18.616500    5.5570417e-18 
18.636000    5.5456667e-18 
18.655500    5.5342917e-18 
18.675000    5.5229167e-18 
18.694500    5.5115417e-18 
18.714000    5.5001667e-18 
18.733500    5.4887917e-18 
18.753000    5.4774167e-18 
18.772500    5.4660417e-18 
18.792000    5.4546667e-18 
18.811500    5.4432917e-18 
18.831000    5.4319167e-18 
18.850500    5.4205417e-18 
18.870000    5.4091667e-18 
18.889500    5.3977917e-18 
18.909000    5.3864167e-18 
18.928500    5.3750417e-18 
18.948000    5.3636667e-18 
18.967500    5.3522917e-18 
18.987000    5.3409167e-18 
19.006500    5.3295417e-18 
19.026000    5.3181667e-18 
19.045500    5.3067917e-18 
19.065000    5.2954167e-18 
19.084500    5.2840417e-18 
19.104000    5.2726667e-18 
19.123500    5.2612917e-18 
19.143000    5.2499167e-18 
19.162500    5.2385417e-18 
19.182000    5.2271667e-18 
19.201500    5.2157917e-18 
19.221000    5.2044167e-18 
19.240500    5.1930417e-18 
19.260000    5.1816667e-18 
19.279500    5.1702917e-18 
19.299000    5.1589167e-18 
19.318500    5.1475417e-18 
19.338000    5.1361667e-18 
19.357500    5.1247917e-18 
19.377000    5.1134167e-18 
19.396500    5.1020417e-18 
19.416000    5.0906667e-18 
19.435500    5.0792917e-18 
19.455000    5.0679167e-18 
19.474500    5.0565417e-18 
19.494000    5.0451667e-18 
19.513500    5.0337917e-18 
19.533000    5.0224167e-18 
19.552500    5.0110417e-18 
19.572000    4.9996667e-18 
19.591500    4.9882917e-18 
19.611000    4.9769167e-18 
19.630500    4.9655417e-18 
19.650000    4.9541667e-18 
19.669500    4.9427917e-18 
19.689000    4.9314167e-18 
19.708500    4.9200417e-18 
19.728000    4.9086667e-18 
19.747500    4.8972917e-18 
19.767000    4.8859167e-18 
19.786500    4.8745417e-18 
19.806000    4.8631667e-18 
19.825500    4.8517917e-18 
19.845000    4.8404167e-18 
19.864500    4.8290417e-18 
19.884000    4.8176667e-18 
19.903500    4.8062917e-18 
19.923000    4.7949167e-18 
19.942500    4.7835417e-18 
19.962000    4.7721667e-18 
19.981500    4.7607917e-18 
20.001000    4.7498860e-18 
20.020500    4.7476630e-18 
20.040000    4.7454400e-18 
20.059500    4.7432170e-18 
20.079000    4.7409940e-18 
20.098500    4.7387710e-18 
20.118000    4.7365480e-18 
20.137500    4.7343250e-18 
20.157000    4.7321020e-18 
20.176500    4.7298790e-18 
20.196000    4.7276560e-18 
20.215500    4.7254330e-18 
20.235000    4.7232100e-18 
20.254500    4.7209870e-18 
20.274000    4.7187640e-18 
20.293500    4.7165410e-18 
20.313000    4.7143180e-18 
20.332500    4.7120950e-18 
20.352000    4.7098720e-18 
20.371500    4.7076490e-18 
20.391000    4.7054260e-18 
20.410500    4.7032030e-18 
20.430000    4.7009800e-18 
20.449500    4.6987570e-18 
20.469000    4.6965340e-18 
20.488500    4.6943110e-18 
20.508000    4.6920880e-18 
20.527500    4.6898650e-18 
20.547000    4.6876420e-18 
20.566500    4.6854190e-18 
20.586000    4.6831960e-18 
20.605500    4.6809730e-18 
20.625000    4.6787500e-18 
20.644500    4.6765270e-18 
20.664000    4.6743040e-18 
20.683500    4.6720810e-18 
20.703000    4.6698580e-18 
20.722500    4.6676350e-18 
20.742000    4.6654120e-18 
20.761500    4.6631890e-18 
20.781000    4.6609660e-18 
20.800500    4.6587430e-18 
20.820000    4.6565200e-18 
20.839500    4.6542970e-18 
20.859000    4.6520740e-18 
20.878500    4.6498510e-18 
20.898000    4.6476280e-18 
20.917500    4.6454050e-18 
20.937000    4.6431820e-18 
20.956500    4.6409590e-18 
20.976000    4.6387360e-18 
20.995500    4.6365130e-18 
21.015000    4.6342900e-18 
21.034500    4.6320670e-18 
21.054000    4.6298440e-18 
21.073500    4.6276210e-18 
21.093000    4.6253980e-18 
21.112500    4.6231750e-18 
21.132000    4.6209520e-18 
21.151500    4.6187290e-18 
21.171000    4.6165060e-18 
21.190500    4.6142830e-18 
21.210000    4.6120600e-18 
21.229500    4.6098370e-18 
21.249000    4.6076140e-18 
21.268500    4.6053910e-18 
21.288000    4.6031680e-18 
21.307500    4.6009450e-18 
21.327000    4.5987220e-18 
21.346500    4.5964990e-18 
21.366000    4.5942760e-18 
21.385500    4.5920530e-18 
21.405000    4.5898300e-18 
21.424500    4.5876070e-18 
21.444000    4.5853840e-18 
21.463500    4.5831610e-18 
21.483000    4.5809380e-18 
21.502500    4.5787150e-18 
21.522000    4.5764920e-18 
21.541500    4.5742690e-18 
21.561000    4.5720460e-18 
21.580500    4.5698230e-18 
21.600000    4.5676000e-18 
21.619500    4.5653770e-18 
21.639000    4.5631540e-18 
21.658500    4.5609310e-18 
21.678000    4.5587080e-18 
21.697500    4.5564850e-18 
21.717000    4.5542620e-18 
21.736500    4.5520390e-18 
21.756000    4.5498160e-18 
21.775500    4.5475930e-18 
21.795000    4.5453700e-18 
21.814500    4.5431470e-18 
21.834000    4.5409240e-18 
21.853500    4.5387010e-18 
21.873000    4.5364780e-18 
21.892500    4.5342550e-18 
21.912000    4.5320320e-18 
21.931500    4.5298090e-18 
21.951000    4.5275860e-18 
21.970500    4.5253630e-18 
21.990000    4.5231400e-18 
22.009500    4.5209170e-18 
22.029000    4.5186940e-18 
22.048500    4.5164710e-18 
22.068000    4.5142480e-18 
22.087500    4.5120250e-18 
22.107000    4.5098020e-18 
22.126500    4.5075790e-18 
22.146000    4.5053560e-18 
22.165500    4.5031330e-18 
22.185000    4.5009100e-18 
22.204500    4.4986870e-18 
22.224000    4.4964640e-18 
22.243500    4.4942410e-18 
22.263000    4.4920180e-18 
22.282500    4.4897950e-18 
22.302000    4.4875720e-18 
22.321500    4.4853490e-18 
22.341000    4.4831260e-18 
22.360500    4.4809030e-18 
22.380000    4.4786800e-18 
22.399500    4.4764570e-18 
22.419000    4.4742340e-18 
22.438500    4.4720110e-18 
22.458000    4.4697880e-18 
22.477500    4.4675650e-18 
22.497000    4.4653420e-18 
22.516500    4.4631190e-18 
22.536000    4.4608960e-18 
22.555500    4.4586730e-18 
22.575000    4.4564500e-18 
22.594500    4.4542270e-18 
22.614000    4.4520040e-18 
22.633500    4.4497810e-18 
22.653000    4.4475580e-18 
22.672500    4.4453350e-18 
22.692000    4.4431120e-18 
22.711500    4.4408890e-18 
22.731000    4.4386660e-18 
22.750500    4.4364430e-18 
22.770000    4.4342200e-18 
22.789500    4.4319970e-18 
22.809000    4.4297740e-18 
22.828500    4.4275510e-18 
22.848000    4.4253280e-18 
22.867500    4.4231050e-18 
22.887000    4.4208820e-18 
22.906500    4.4186590e-18 
22.926000    4.4164360e-18 
22.945500    4.4142130e-18 
22.965000    4.4119900e-18 
22.984500    4.4097670e-18 
23.004000    4.4075440e-18 
23.023500    4.4053210e-18 
23.043000    4.4030980e-18 
23.062500    4.4008750e-18 
23.082000    4.3986520e-18 
23.101500    4.3964290e-18 
23.121000    4.3942060e-18 
23.140500    4.3919830e-18 
23.160000    4.3897600e-18 
23.179500    4.3875370e-18 
23.199000    4.3853140e-18 
23.218500    4.3830910e-18 
23.238000    4.3808680e-18 
23.257500    4.3786450e-18 
23.277000    4.3764220e-18 
23.296500    4.3741990e-18 
23.316000    4.3719760e-18 
23.335500    4.3697530e-18 
23.355000    4.3675300e-18 
23.374500    4.3653070e-18 
23.394000    4.3630840e-18 
23.413500    4.3608610e-18 
23.433000    4.3586380e-18 
23.452500    4.3564150e-18 
23.472000    4.3541920e-18 
23.491500    4.3519690e-18 
23.511000    4.3497460e-18 
23.530500    4.3475230e-18 
23.550000    4.3453000e-18 
23.569500    4.3430770e-18 
23.589000    4.3408540e-18 
23.608500    4.3386310e-18 
23.628000    4.3364080e-18 
23.647500    4.3341850e-18 
23.667000    4.3319620e-18 
23.686500    4.3297390e-18 
23.706000    4.3275160e-18 
23.725500    4.3252930e-18 
23.745000    4.3230700e-18 
23.764500    4.3208470e-18 
23.784000    4.3186240e-18 
23.803500    4.3164010e-18 
23.823000    4.3141780e-18 
23.842500    4.3119550e-18 
23.862000    4.3097320e-18 
23.881500    4.3075090e-18 
23.901000    4.3052860e-18 
23.920500    4.3030630e-18 
23.940000    4.3008400e-18 
23.959500    4.2986170e-18 
23.979000    4.2963940e-18 
23.998500    4.2941710e-18 
24.018000    4.2919480e-18 
24.037500    4.2897250e-18 
24.057000    4.2875020e-18 
24.076500    4.2852790e-18 
24.096000    4.2830560e-18 
24.115500    4.2808330e-18 
24.135000    4.2786100e-18 
24.154500    4.2763870e-18 
24.174000    4.2741640e-18 
24.193500    4.2719410e-18 
24.213000    4.2697180e-18 
24.232500    4.2674950e-18 
24.252000    4.2652720e-18 
24.271500    4.2630490e-18 
24.291000    4.2608260e-18 
24.310500    4.2586030e-18 
24.330000    4.2563800e-18 
24.349500    4.2541570e-18 
24.369000    4.2519340e-18 
24.388500    4.2497110e-18 
24.408000    4.2474880e-18 
24.427500    4.2452650e-18 
24.447000    4.2430420e-18 
24.466500    4.2408190e-18 
24.486000    4.2385960e-18 
24.505500    4.2363730e-18 
24.525000    4.2341500e-18 
24.544500    4.2319270e-18 
24.564000    4.2297040e-18 
24.583500    4.2274810e-18 
24.603000    4.2252580e-18 
24.622500    4.2230350e-18 
24.642000    4.2208120e-18 
24.661500    4.2185890e-18 
24.681000    4.2163660e-18 
24.700500    4.2141430e-18 
24.720000    4.2119200e-18 
24.739500    4.2096970e-18 
24.759000    4.2074740e-18 
24.778500    4.2052510e-18 
24.798000    4.2030280e-18 
24.817500    4.2008050e-18 
24.837000    4.1985820e-18 
24.856500    4.1963590e-18 
24.876000    4.1941360e-18 
24.895500    4.1919130e-18 
24.915000    4.1896900e-18 
24.934500    4.1874670e-18 
24.954000    4.1852440e-18 
24.973500    4.1830210e-18 
24.993000    4.1807980e-18 
25.012500    4.1785750e-18 
25.032000    4.1763520e-18 
25.051500    4.1741290e-18 
25.071000    4.1719060e-18 
25.090500    4.1696830e-18 
25.110000    4.1674600e-18 
25.129500    4.1652370e-18 
25.149000    4.1630140e-18 
25.168500    4.1607910e-18 
25.188000    4.1585680e-18 
25.207500    4.1563450e-18 
25.227000    4.1541220e-18 
25.246500    4.1518990e-18 
25.266000    4.1496760e-18 
25.285500    4.1474530e-18 
25.305000    4.1452300e-18 
25.324500    4.1430070e-18 
25.344000    4.1407840e-18 
25.363500    4.1385610e-18 
25.383000    4.1363380e-18 
25.402500    4.1341150e-18 
25.422000    4.1318920e-18 
25.441500    4.1296690e-18 
25.461000    4.1274460e-18 
25.480500    4.1252230e-18 
25.500000    4.1230000e-18 
25.519500    4.1207770e-18 
25.539000    4.1185540e-18 
25.558500    4.1163310e-18 
25.578000    4.1141080e-18 
25.597500    4.1118850e-18 
25.617000    4.1096620e-18 
25.636500    4.1074390e-18 
25.656000    4.1052160e-18 
25.675500    4.1029930e-18 
25.695000    4.1007700e-18 
25.714500    4.0985470e-18 
25.734000    4.0963240e-18 
25.753500    4.0941010e-18 
25.773000    4.0918780e-18 
25.792500    4.0896550e-18 
25.812000    4.0874320e-18 
25.831500    4.0852090e-18 
25.851000    4.0829860e-18 
25.870500    4.0807630e-18 
25.890000    4.0785400e-18 
25.909500    4.0763170e-18 
25.929000    4.0740940e-18 
25.948500    4.0718710e-18 
25.968000    4.0696480e-18 
25.987500    4.0674250e-18 
26.007000    4.0652020e-18 
26.026500    4.0629790e-18 
26.046000    4.0607560e-18 
26.065500    4.0585330e-18 
26.085000    4.0563100e-18 
26.104500    4.0540870e-18 
26.124000    4.0518640e-18 
26.143500    4.0496410e-18 
26.163000    4.0474180e-18 
26.182500    4.0451950e-18 
26.202000    4.0429720e-18 
26.221500    4.0407490e-18 
26.241000    4.0385260e-18 
26.260500    4.0363030e-18 
26.280000    4.0340800e-18 
26.299500    4.0318570e-18 
26.319000    4.0296340e-18 
26.338500    4.0274110e-18 
26.358000    4.0251880e-18 
26.377500    4.0229650e-18 
26.397000    4.0207420e-18 
26.416500    4.0185190e-18 
26.436000    4.0162960e-18 
26.455500    4.0140730e-18 
26.475000    4.0118500e-18 
26.494500    4.0096270e-18 
26.514000    4.0074040e-18 
26.533500    4.0051810e-18 
26.553000    4.0029580e-18 
26.572500    4.0007350e-18 
26.592000    3.9985120e-18 
26.611500    3.9962890e-18 
26.631000    3.9940660e-18 
26.650500    3.9918430e-18 
26.670000    3.9896200e-18 
26.689500    3.9873970e-18 
26.709000    3.9851740e-18 
26.728500    3.9829510e-18 
26.748000    3.9807280e-18 
26.767500    3.9785050e-18 
26.787000    3.9762820e-18 
26.806500    3.9740590e-18 
26.826000    3.9718360e-18 
26.845500    3.9696130e-18 
26.865000    3.9673900e-18 
26.884500    3.9651670e-18 
26.904000    3.9629440e-18 
26.923500    3.9607210e-18 
26.943000    3.9584980e-18 
26.962500    3.9562750e-18 
26.982000    3.9540520e-18 
27.001500    3.9518290e-18 
27.021000    3.9496060e-18 
27.040500    3.9473830e-18 
27.060000    3.9451600e-18 
27.079500    3.9429370e-18 
27.099000    3.9407140e-18 
27.118500    3.9384910e-18 
27.138000    3.9362680e-18 
27.157500    3.9340450e-18 
27.177000    3.9318220e-18 
27.196500    3.9295990e-18 
27.216000    3.9273760e-18 
27.235500    3.9251530e-18 
27.255000    3.9229300e-18 
27.274500    3.9207070e-18 
27.294000    3.9184840e-18 
27.313500    3.9162610e-18 
27.333000    3.9140380e-18 
27.352500    3.9118150e-18 
27.372000    3.9095920e-18 
27.391500    3.9073690e-18 
27.411000    3.9051460e-18 
27.430500    3.9029230e-18 
27.450000    3.9007000e-18 
27.469500    3.8984770e-18 
27.489000    3.8962540e-18 
27.508500    3.8940310e-18 
27.528000    3.8918080e-18 
27.547500    3.8895850e-18 
27.567000    3.8873620e-18 
27.586500    3.8851390e-18 
27.606000    3.8829160e-18 
27.625500    3.8806930e-18 
27.645000    3.8784700e-18 
27.664500    3.8762470e-18 
27.684000    3.8740240e-18 
27.703500    3.8718010e-18 
27.723000    3.8695780e-18 
27.742500    3.8673550e-18 
27.762000    3.8651320e-18 
27.781500    3.8629090e-18 
27.801000    3.8606860e-18 
27.820500    3.8584630e-18 
27.840000    3.8562400e-18 
27.859500    3.8540170e-18 
27.879000    3.8517940e-18 
27.898500    3.8495710e-18 
27.918000    3.8473480e-18 
27.937500    3.8451250e-18 
27.957000    3.8429020e-18 
27.976500    3.8406790e-18 
27.996000    3.8384560e-18 
28.015500    3.8362330e-18 
28.035000    3.8340100e-18 
28.054500    3.8317870e-18 
28.074000    3.8295640e-18 
28.093500    3.8273410e-18 
28.113000    3.8251180e-18 
28.132500    3.8228950e-18 
28.152000    3.8206720e-18 
28.171500    3.8184490e-18 
28.191000    3.8162260e-18 
28.210500    3.8140030e-18 
28.230000    3.8117800e-18 
28.249500    3.8095570e-18 
28.269000    3.8073340e-18 
28.288500    3.8051110e-18 
28.308000    3.8028880e-18 
28.327500    3.8006650e-18 
28.347000    3.7984420e-18 
28.366500    3.7962190e-18 
28.386000    3.7939960e-18 
28.405500    3.7917730e-18 
28.425000    3.7895500e-18 
28.444500    3.7873270e-18 
28.464000    3.7851040e-18 
28.483500    3.7828810e-18 
28.503000    3.7806580e-18 
28.522500    3.7784350e-18 
28.542000    3.7762120e-18 
28.561500    3.7739890e-18 
28.581000    3.7717660e-18 
28.600500    3.7695430e-18 
28.620000    3.7673200e-18 
28.639500    3.7650970e-18 
28.659000    3.7628740e-18 
28.678500    3.7606510e-18 
28.698000    3.7584280e-18 
28.717500    3.7562050e-18 
28.737000    3.7539820e-18 
28.756500    3.7517590e-18 
28.776000    3.7495360e-18 
28.795500    3.7473130e-18 
28.815000    3.7450900e-18 
28.834500    3.7428670e-18 
28.854000    3.7406440e-18 
28.873500    3.7384210e-18 
28.893000    3.7361980e-18 
28.912500    3.7339750e-18 
28.932000    3.7317520e-18 
28.951500    3.7295290e-18 
28.971000    3.7273060e-18 
28.990500    3.7250830e-18 
29.010000    3.7228600e-18 
29.029500    3.7206370e-18 
29.049000    3.7184140e-18 
29.068500    3.7161910e-18 
29.088000    3.7139680e-18 
29.107500    3.7117450e-18 
29.127000    3.7095220e-18 
29.146500    3.7072990e-18 
29.166000    3.7050760e-18 
29.185500    3.7028530e-18 
29.205000    3.7006300e-18 
29.224500    3.6984070e-18 
29.244000    3.6961840e-18 
29.263500    3.6939610e-18 
29.283000    3.6917380e-18 
29.302500    3.6895150e-18 
29.322000    3.6872920e-18 
29.341500    3.6850690e-18 
29.361000    3.6828460e-18 
29.380500    3.6806230e-18 
29.400000    3.6784000e-18 
29.419500    3.6761770e-18 
29.439000    3.6739540e-18 
29.458500    3.6717310e-18 
29.478000    3.6695080e-18 
29.497500    3.6672850e-18 
29.517000    3.6650620e-18 
29.536500    3.6628390e-18 
29.556000    3.6606160e-18 
29.575500    3.6583930e-18 
29.595000    3.6561700e-18 
29.614500    3.6539470e-18 
29.634000    3.6517240e-18 
29.653500    3.6495010e-18 
29.673000    3.6472780e-18 
29.692500    3.6450550e-18 
29.712000    3.6428320e-18 
29.731500    3.6406090e-18 
29.751000    3.6383860e-18 
29.770500    3.6361630e-18 
29.790000    3.6339400e-18 
29.809500    3.6317170e-18 
29.829000    3.6294940e-18 
29.848500    3.6272710e-18 
29.868000    3.6250480e-18 
29.887500    3.6228250e-18 
29.907000    3.6206020e-18 
29.926500    3.6183790e-18 
29.946000    3.6161560e-18 
29.965500    3.6139330e-18 
29.985000    3.6117100e-18 
30.004500    3.6094870e-18 
30.024000    3.6072640e-18 
30.043500    3.6050410e-18 
30.063000    3.6028180e-18 
30.082500    3.6005950e-18 
30.102000    3.5983720e-18 
30.121500    3.5961490e-18 
30.141000    3.5939260e-18 
30.160500    3.5917030e-18 
30.180000    3.5894800e-18 
30.199500    3.5872570e-18 
30.219000    3.5850340e-18 
30.238500    3.5828110e-18 
30.258000    3.5805880e-18 
30.277500    3.5783650e-18 
30.297000    3.5761420e-18 
30.316500    3.5739190e-18 
30.336000    3.5716960e-18 
30.355500    3.5694730e-18 
30.375000    3.5672500e-18 
30.394500    3.5650270e-18 
30.414000    3.5628040e-18 
30.433500    3.5605810e-18 
30.453000    3.5583580e-18 
30.472500    3.5561350e-18 
30.492000    3.5539120e-18 
30.511500    3.5516890e-18 
30.531000    3.5494660e-18 
30.550500    3.5472430e-18 
30.570000    3.5450200e-18 
30.589500    3.5427970e-18 
30.609000    3.5405740e-18 
30.628500    3.5383510e-18 
30.648000    3.5361280e-18 
30.667500    3.5339050e-18 
30.687000    3.5316820e-18 
30.706500    3.5294590e-18 
30.726000    3.5272360e-18 
30.745500    3.5250130e-18 
30.765000    3.5227900e-18 
30.784500    3.5205670e-18 
30.804000    3.5183440e-18 
30.823500    3.5161210e-18 
30.843000    3.5138980e-18 
30.862500    3.5116750e-18 
30.882000    3.5094520e-18 
30.901500    3.5072290e-18 
30.921000    3.5050060e-18 
30.940500    3.5027830e-18 
30.960000    3.5005600e-18 
30.979500    3.4983370e-18 
30.999000    3.4961140e-18 
31.018500    3.4938910e-18 
31.038000    3.4916680e-18 
31.057500    3.4894450e-18 
31.077000    3.4872220e-18 
31.096500    3.4849990e-18 
31.116000    3.4827760e-18 
31.135500    3.4805530e-18 
31.155000    3.4783300e-18 
31.174500    3.4761070e-18 
31.194000    3.4738840e-18 
31.213500    3.4716610e-18 
31.233000    3.4694380e-18 
31.252500    3.4672150e-18 
31.272000    3.4649920e-18 
31.291500    3.4627690e-18 
31.311000    3.4605460e-18 
31.330500    3.4583230e-18 
31.350000    3.4561000e-18 
31.369500    3.4538770e-18 
31.389000    3.4516540e-18 
31.408500    3.4494310e-18 
31.428000    3.4472080e-18 
31.447500    3.4449850e-18 
31.467000    3.4427620e-18 
31.486500    3.4405390e-18 
31.506000    3.4383160e-18 
31.525500    3.4360930e-18 
31.545000    3.4338700e-18 
31.564500    3.4316470e-18 
31.584000    3.4294240e-18 
31.603500    3.4272010e-18 
31.623000    3.4249780e-18 
31.642500    3.4227550e-18 
31.662000    3.4205320e-18 
31.681500    3.4183090e-18 
31.701000    3.4160860e-18 
31.720500    3.4138630e-18 
31.740000    3.4116400e-18 
31.759500    3.4094170e-18 
31.779000    3.4071940e-18 
31.798500    3.4049710e-18 
31.818000    3.4027480e-18 
31.837500    3.4005250e-18 
31.857000    3.3983020e-18 
31.876500    3.3960790e-18 
31.896000    3.3938560e-18 
31.915500    3.3916330e-18 
31.935000    3.3894100e-18 
31.954500    3.3871870e-18 
31.974000    3.3849640e-18 
31.993500    3.3827410e-18 
32.013000    3.3805180e-18 
32.032500    3.3782950e-18 
32.052000    3.3760720e-18 
32.071500    3.3738490e-18 
32.091000    3.3716260e-18 
32.110500    3.3694030e-18 
32.130000    3.3671800e-18 
32.149500    3.3649570e-18 
32.169000    3.3627340e-18 
32.188500    3.3605110e-18 
32.208000    3.3582880e-18 
32.227500    3.3560650e-18 
32.247000    3.3538420e-18 
32.266500    3.3516190e-18 
32.286000    3.3493960e-18 
32.305500    3.3471730e-18 
32.325000    3.3449500e-18 
32.344500    3.3427270e-18 
32.364000    3.3405040e-18 
32.383500    3.3382810e-18 
32.403000    3.3360580e-18 
32.422500    3.3338350e-18 
32.442000    3.3316120e-18 
32.461500    3.3293890e-18 
32.481000    3.3271660e-18 
32.500500    3.3249430e-18 
32.520000    3.3227200e-18 
32.539500    3.3204970e-18 
32.559000    3.3182740e-18 
32.578500    3.3160510e-18 
32.598000    3.3138280e-18 
32.617500    3.3116050e-18 
32.637000    3.3093820e-18 
32.656500    3.3071590e-18 
32.676000    3.3049360e-18 
32.695500    3.3027130e-18 
32.715000    3.3004900e-18 
32.734500    3.2982670e-18 
32.754000    3.2960440e-18 
32.773500    3.2938210e-18 
32.793000    3.2915980e-18 
32.812500    3.2893750e-18 
32.832000    3.2871520e-18 
32.851500    3.2849290e-18 
32.871000    3.2827060e-18 
32.890500    3.2804830e-18 
32.910000    3.2782600e-18 
32.929500    3.2760370e-18 
32.949000    3.2738140e-18 
32.968500    3.2715910e-18 
32.988000    3.2693680e-18 
33.007500    3.2671450e-18 
33.027000    3.2649220e-18 
33.046500    3.2626990e-18 
33.066000    3.2604760e-18 
33.085500    3.2582530e-18 
33.105000    3.2560300e-18 
33.124500    3.2538070e-18 
33.144000    3.2515840e-18 
33.163500    3.2493610e-18 
33.183000    3.2471380e-18 
33.202500    3.2449150e-18 
33.222000    3.2426920e-18 
33.241500    3.2404690e-18 
33.261000    3.2382460e-18 
33.280500    3.2360230e-18 
33.300000    3.2338000e-18 
33.319500    3.2315770e-18 
33.339000    3.2293540e-18 
33.358500    3.2271310e-18 
33.378000    3.2249080e-18 
33.397500    3.2226850e-18 
33.417000    3.2204620e-18 
33.436500    3.2182390e-18 
33.456000    3.2160160e-18 
33.475500    3.2137930e-18 
33.495000    3.2115700e-18 
33.514500    3.2093470e-18 
33.534000    3.2071240e-18 
33.553500    3.2049010e-18 
33.573000    3.2026780e-18 
33.592500    3.2004550e-18 
33.612000    3.1982320e-18 
33.631500    3.1960090e-18 
33.651000    3.1937860e-18 
33.670500    3.1915630e-18 
33.690000    3.1893400e-18 
33.709500    3.1871170e-18 
33.729000    3.1848940e-18 
33.748500    3.1826710e-18 
33.768000    3.1804480e-18 
33.787500    3.1782250e-18 
33.807000    3.1760020e-18 
33.826500    3.1737790e-18 
33.846000    3.1715560e-18 
33.865500    3.1693330e-18 
33.885000    3.1671100e-18 
33.904500    3.1648870e-18 
33.924000    3.1626640e-18 
33.943500    3.1604410e-18 
33.963000    3.1582180e-18 
33.982500    3.1559950e-18 
34.002000    3.1537720e-18 
34.021500    3.1515490e-18 
34.041000    3.1493260e-18 
34.060500    3.1471030e-18 
34.080000    3.1448800e-18 
34.099500    3.1426570e-18 
34.119000    3.1404340e-18 
34.138500    3.1382110e-18 
34.158000    3.1359880e-18 
34.177500    3.1337650e-18 
34.197000    3.1315420e-18 
34.216500    3.1293190e-18 
34.236000    3.1270960e-18 
34.255500    3.1248730e-18 
34.275000    3.1226500e-18 
34.294500    3.1204270e-18 
34.314000    3.1182040e-18 
34.333500    3.1159810e-18 
34.353000    3.1137580e-18 
34.372500    3.1115350e-18 
34.392000    3.1093120e-18 
34.411500    3.1070890e-18 
34.431000    3.1048660e-18 
34.450500    3.1026430e-18 
34.470000    3.1004200e-18 
34.489500    3.0981970e-18 
34.509000    3.0959740e-18 
34.528500    3.0937510e-18 
34.548000    3.0915280e-18 
34.567500    3.0893050e-18 
34.587000    3.0870820e-18 
34.606500    3.0848590e-18 
34.626000    3.0826360e-18 
34.645500    3.0804130e-18 
34.665000    3.0781900e-18 
34.684500    3.0759670e-18 
34.704000    3.0737440e-18 
34.723500    3.0715210e-18 
34.743000    3.0692980e-18 
34.762500    3.0670750e-18 
34.782000    3.0648520e-18 
34.801500    3.0626290e-18 
34.821000    3.0604060e-18 
34.840500    3.0581830e-18 
34.860000    3.0559600e-18 
34.879500    3.0537370e-18 
34.899000    3.0515140e-18 
34.918500    3.0492910e-18 
34.938000    3.0470680e-18 
34.957500    3.0448450e-18 
34.977000    3.0426220e-18 
34.996500    3.0403990e-18 
35.016000    3.0381760e-18 
35.035500    3.0359530e-18 
35.055000    3.0337300e-18 
35.074500    3.0315070e-18 
35.094000    3.0292840e-18 
35.113500    3.0270610e-18 
35.133000    3.0248380e-18 
35.152500    3.0226150e-18 
35.172000    3.0203920e-18 
35.191500    3.0181690e-18 
35.211000    3.0159460e-18 
35.230500    3.0137230e-18 
35.250000    3.0115000e-18 
35.269500    3.0092770e-18 
35.289000    3.0070540e-18 
35.308500    3.0048310e-18 
35.328000    3.0026080e-18 
35.347500    3.0003850e-18 
35.367000    2.9981620e-18 
35.386500    2.9959390e-18 
35.406000    2.9937160e-18 
35.425500    2.9914930e-18 
35.445000    2.9892700e-18 
35.464500    2.9870470e-18 
35.484000    2.9848240e-18 
35.503500    2.9826010e-18 
35.523000    2.9803780e-18 
35.542500    2.9781550e-18 
35.562000    2.9759320e-18 
35.581500    2.9737090e-18 
35.601000    2.9714860e-18 
35.620500    2.9692630e-18 
35.640000    2.9670400e-18 
35.659500    2.9648170e-18 
35.679000    2.9625940e-18 
35.698500    2.9603710e-18 
35.718000    2.9581480e-18 
35.737500    2.9559250e-18 
35.757000    2.9537020e-18 
35.776500    2.9514790e-18 
35.796000    2.9492560e-18 
35.815500    2.9470330e-18 
35.835000    2.9448100e-18 
35.854500    2.9425870e-18 
35.874000    2.9403640e-18 
35.893500    2.9381410e-18 
35.913000    2.9359180e-18 
35.932500    2.9336950e-18 
35.952000    2.9314720e-18 
35.971500    2.9292490e-18 
35.991000    2.9270260e-18 
36.010500    2.9248030e-18 
36.030000    2.9225800e-18 
36.049500    2.9203570e-18 
36.069000    2.9181340e-18 
36.088500    2.9159110e-18 
36.108000    2.9136880e-18 
36.127500    2.9114650e-18 
36.147000    2.9092420e-18 
36.166500    2.9070190e-18 
36.186000    2.9047960e-18 
36.205500    2.9025730e-18 
36.225000    2.9003500e-18 
36.244500    2.8981270e-18 
36.264000    2.8959040e-18 
36.283500    2.8936810e-18 
36.303000    2.8914580e-18 
36.322500    2.8892350e-18 
36.342000    2.8870120e-18 
36.361500    2.8847890e-18 
36.381000    2.8825660e-18 
36.400500    2.8803430e-18 
36.420000    2.8781200e-18 
36.439500    2.8758970e-18 
36.459000    2.8736740e-18 
36.478500    2.8714510e-18 
36.498000    2.8692280e-18 
36.517500    2.8670050e-18 
36.537000    2.8647820e-18 
36.556500    2.8625590e-18 
36.576000    2.8603360e-18 
36.595500    2.8581130e-18 
36.615000    2.8558900e-18 
36.634500    2.8536670e-18 
36.654000    2.8514440e-18 
36.673500    2.8492210e-18 
36.693000    2.8469980e-18 
36.712500    2.8447750e-18 
36.732000    2.8425520e-18 
36.751500    2.8403290e-18 
36.771000    2.8381060e-18 
36.790500    2.8358830e-18 
36.810000    2.8336600e-18 
36.829500    2.8314370e-18 
36.849000    2.8292140e-18 
36.868500    2.8269910e-18 
36.888000    2.8247680e-18 
36.907500    2.8225450e-18 
36.927000    2.8203220e-18 
36.946500    2.8180990e-18 
36.966000    2.8158760e-18 
36.985500    2.8136530e-18 
37.005000    2.8114300e-18 
37.024500    2.8092070e-18 
37.044000    2.8069840e-18 
37.063500    2.8047610e-18 
37.083000    2.8025380e-18 
37.102500    2.8003150e-18 
37.122000    2.7980920e-18 
37.141500    2.7958690e-18 
37.161000    2.7936460e-18 
37.180500    2.7914230e-18 
37.200000    2.7892000e-18 
37.219500    2.7869770e-18 
37.239000    2.7847540e-18 
37.258500    2.7825310e-18 
37.278000    2.7803080e-18 
37.297500    2.7780850e-18 
37.317000    2.7758620e-18 
37.336500    2.7736390e-18 
37.356000    2.7714160e-18 
37.375500    2.7691930e-18 
37.395000    2.7669700e-18 
37.414500    2.7647470e-18 
37.434000    2.7625240e-18 
37.453500    2.7603010e-18 
37.473000    2.7580780e-18 
37.492500    2.7558550e-18 
37.512000    2.7536320e-18 
37.531500    2.7514090e-18 
37.551000    2.7491860e-18 
37.570500    2.7469630e-18 
37.590000    2.7447400e-18 
37.609500    2.7425170e-18 
37.629000    2.7402940e-18 
37.648500    2.7380710e-18 
37.668000    2.7358480e-18 
37.687500    2.7336250e-18 
37.707000    2.7314020e-18 
37.726500    2.7291790e-18 
37.746000    2.7269560e-18 
37.765500    2.7247330e-18 
37.785000    2.7225100e-18 
37.804500    2.7202870e-18 
37.824000    2.7180640e-18 
37.843500    2.7158410e-18 
37.863000    2.7136180e-18 
37.882500    2.7113950e-18 
37.902000    2.7091720e-18 
37.921500    2.7069490e-18 
37.941000    2.7047260e-18 
37.960500    2.7025030e-18 
37.980000    2.7002800e-18 
37.999500    2.6980570e-18 
38.019000    2.6958340e-18 
38.038500    2.6936110e-18 
38.058000    2.6913880e-18 
38.077500    2.6891650e-18 
38.097000    2.6869420e-18 
38.116500    2.6847190e-18 
38.136000    2.6824960e-18 
38.155500    2.6802730e-18 
38.175000    2.6780500e-18 
38.194500    2.6758270e-18 
38.214000    2.6736040e-18 
38.233500    2.6713810e-18 
38.253000    2.6691580e-18 
38.272500    2.6669350e-18 
38.292000    2.6647120e-18 
38.311500    2.6624890e-18 
38.331000    2.6602660e-18 
38.350500    2.6580430e-18 
38.370000    2.6558200e-18 
38.389500    2.6535970e-18 
38.409000    2.6513740e-18 
38.428500    2.6491510e-18 
38.448000    2.6469280e-18 
38.467500    2.6447050e-18 
38.487000    2.6424820e-18 
38.506500    2.6402590e-18 
38.526000    2.6380360e-18 
38.545500    2.6358130e-18 
38.565000    2.6335900e-18 
38.584500    2.6313670e-18 
38.604000    2.6291440e-18 
38.623500    2.6269210e-18 
38.643000    2.6246980e-18 
38.662500    2.6224750e-18 
38.682000    2.6202520e-18 
38.701500    2.6180290e-18 
38.721000    2.6158060e-18 
38.740500    2.6135830e-18 
38.760000    2.6113600e-18 
38.779500    2.6091370e-18 
38.799000    2.6069140e-18 
38.818500    2.6046910e-18 
38.838000    2.6024680e-18 
38.857500    2.6002450e-18 
38.877000    2.5980220e-18 
38.896500    2.5957990e-18 
38.916000    2.5935760e-18 
38.935500    2.5913530e-18 
38.955000    2.5891300e-18 
38.974500    2.5869070e-18 
38.994000    2.5846840e-18 
39.013500    2.5824610e-18 
39.033000    2.5802380e-18 
39.052500    2.5780150e-18 
39.072000    2.5757920e-18 
39.091500    2.5735690e-18 
39.111000    2.5713460e-18 
39.130500    2.5691230e-18 
39.150000    2.5669000e-18 
39.169500    2.5646770e-18 
39.189000    2.5624540e-18 
39.208500    2.5602310e-18 
39.228000    2.5580080e-18 
39.247500    2.5557850e-18 
39.267000    2.5535620e-18 
39.286500    2.5513390e-18 
39.306000    2.5491160e-18 
39.325500    2.5468930e-18 
39.345000    2.5446700e-18 
39.364500    2.5424470e-18 
39.384000    2.5402240e-18 
39.403500    2.5380010e-18 
39.423000    2.5357780e-18 
39.442500    2.5335550e-18 
39.462000    2.5313320e-18 
39.481500    2.5291090e-18 
39.501000    2.5268860e-18 
39.520500    2.5246630e-18 
39.540000    2.5224400e-18 
39.559500    2.5202170e-18 
39.579000    2.5179940e-18 
39.598500    2.5157710e-18 
39.618000    2.5135480e-18 
39.637500    2.5113250e-18 
39.657000    2.5091020e-18 
39.676500    2.5068790e-18 
39.696000    2.5046560e-18 
39.715500    2.5024330e-18 
39.735000    2.5002100e-18 
39.754500    2.4979870e-18 
39.774000    2.4957640e-18 
39.793500    2.4935410e-18 
39.813000    2.4913180e-18 
39.832500    2.4890950e-18 
39.852000    2.4868720e-18 
39.871500    2.4846490e-18 
39.891000    2.4824260e-18 
39.910500    2.4802030e-18 
39.930000    2.4779800e-18 
39.949500    2.4757570e-18 
39.969000    2.4735340e-18 
39.988500    2.4713110e-18 
40.008000    2.4690880e-18 
40.027500    2.4668650e-18 
40.047000    2.4646420e-18 
40.066500    2.4624190e-18 
40.086000    2.4601960e-18 
40.105500    2.4579730e-18 
40.125000    2.4557500e-18 
40.144500    2.4535270e-18 
40.164000    2.4513040e-18 
40.183500    2.4490810e-18 
40.203000    2.4468580e-18 
40.222500    2.4446350e-18 
40.242000    2.4424120e-18 
40.261500    2.4401890e-18 
40.281000    2.4379660e-18 
40.300500    2.4357430e-18 
40.320000    2.4335200e-18 
40.339500    2.4312970e-18 
40.359000    2.4290740e-18 
40.378500    2.4268510e-18 
40.398000    2.4246280e-18 
40.417500    2.4224050e-18 
40.437000    2.4201820e-18 
40.456500    2.4179590e-18 
40.476000    2.4157360e-18 
40.495500    2.4135130e-18 
40.515000    2.4112900e-18 
40.534500    2.4090670e-18 
40.554000    2.4068440e-18 
40.573500    2.4046210e-18 
40.593000    2.4023980e-18 
40.612500    2.4001750e-18 
40.632000    2.3979520e-18 
40.651500    2.3957290e-18 
40.671000    2.3935060e-18 
40.690500    2.3912830e-18 
40.710000    2.3890600e-18 
40.729500    2.3868370e-18 
40.749000    2.3846140e-18 
40.768500    2.3823910e-18 
40.788000    2.3801680e-18 
40.807500    2.3779450e-18 
40.827000    2.3757220e-18 
40.846500    2.3734990e-18 
40.866000    2.3712760e-18 
40.885500    2.3690530e-18 
40.905000    2.3668300e-18 
40.924500    2.3646070e-18 
40.944000    2.3623840e-18 
40.963500    2.3601610e-18 
40.983000    2.3579380e-18 
41.002500    2.3557150e-18 
41.022000    2.3534920e-18 
41.041500    2.3512690e-18 
41.061000    2.3490460e-18 
41.080500    2.3468230e-18 
41.100000    2.3446000e-18 
41.119500    2.3423770e-18 
41.139000    2.3401540e-18 
41.158500    2.3379310e-18 
41.178000    2.3357080e-18 
41.197500    2.3334850e-18 
41.217000    2.3312620e-18 
41.236500    2.3290390e-18 
41.256000    2.3268160e-18 
41.275500    2.3245930e-18 
41.295000    2.3223700e-18 
41.314500    2.3201470e-18 
41.334000    2.3179240e-18 
41.353500    2.3157010e-18 
41.373000    2.3134780e-18 
41.392500    2.3112550e-18 
41.412000    2.3090320e-18 
41.431500    2.3068090e-18 
41.451000    2.3045860e-18 
41.470500    2.3023630e-18 
41.490000    2.3001400e-18 
41.509500    2.2979170e-18 
41.529000    2.2956940e-18 
41.548500    2.2934710e-18 
41.568000    2.2912480e-18 
41.587500    2.2890250e-18 
41.607000    2.2868020e-18 
41.626500    2.2845790e-18 
41.646000    2.2823560e-18 
41.665500    2.2801330e-18 
41.685000    2.2779100e-18 
41.704500    2.2756870e-18 
41.724000    2.2734640e-18 
41.743500    2.2712410e-18 
41.763000    2.2690180e-18 
41.782500    2.2667950e-18 
41.802000    2.2645720e-18 
41.821500    2.2623490e-18 
41.841000    2.2601260e-18 
41.860500    2.2579030e-18 
41.880000    2.2556800e-18 
41.899500    2.2534570e-18 
41.919000    2.2512340e-18 
41.938500    2.2490110e-18 
41.958000    2.2467880e-18 
41.977500    2.2445650e-18 
41.997000    2.2423420e-18 
42.016500    2.2401190e-18 
42.036000    2.2378960e-18 
42.055500    2.2356730e-18 
42.075000    2.2334500e-18 
42.094500    2.2312270e-18 
42.114000    2.2290040e-18 
42.133500    2.2267810e-18 
42.153000    2.2245580e-18 
42.172500    2.2223350e-18 
42.192000    2.2201120e-18 
42.211500    2.2178890e-18 
42.231000    2.2156660e-18 
42.250500    2.2134430e-18 
42.270000    2.2112200e-18 
42.289500    2.2089970e-18 
42.309000    2.2067740e-18 
42.328500    2.2045510e-18 
42.348000    2.2023280e-18 
42.367500    2.2001050e-18 
42.387000    2.1978820e-18 
42.406500    2.1956590e-18 
42.426000    2.1934360e-18 
42.445500    2.1912130e-18 
42.465000    2.1889900e-18 
42.484500    2.1867670e-18 
42.504000    2.1845440e-18 
42.523500    2.1823210e-18 
42.543000    2.1800980e-18 
42.562500    2.1778750e-18 
42.582000    2.1756520e-18 
42.601500    2.1734290e-18 
42.621000    2.1712060e-18 
42.640500    2.1689830e-18 
42.660000    2.1667600e-18 
42.679500    2.1645370e-18 
42.699000    2.1623140e-18 
42.718500    2.1600910e-18 
42.738000    2.1578680e-18 
42.757500    2.1556450e-18 
42.777000    2.1534220e-18 
42.796500    2.1511990e-18 
42.816000    2.1489760e-18 
42.835500    2.1467530e-18 
42.855000    2.1445300e-18 
42.874500    2.1423070e-18 
42.894000    2.1400840e-18 
42.913500    2.1378610e-18 
42.933000    2.1356380e-18 
42.952500    2.1334150e-18 
42.972000    2.1311920e-18 
42.991500    2.1289690e-18 
43.011000    2.1267460e-18 
43.030500    2.1245230e-18 
43.050000    2.1223000e-18 
43.069500    2.1200770e-18 
43.089000    2.1178540e-18 
43.108500    2.1156310e-18 
43.128000    2.1134080e-18 
43.147500    2.1111850e-18 
43.167000    2.1089620e-18 
43.186500    2.1067390e-18 
43.206000    2.1045160e-18 
43.225500    2.1022930e-18 
43.245000    2.1000700e-18 
43.264500    2.0978470e-18 
43.284000    2.0956240e-18 
43.303500    2.0934010e-18 
43.323000    2.0911780e-18 
43.342500    2.0889550e-18 
43.362000    2.0867320e-18 
43.381500    2.0845090e-18 
43.401000    2.0822860e-18 
43.420500    2.0800630e-18 
43.440000    2.0778400e-18 
43.459500    2.0756170e-18 
43.479000    2.0733940e-18 
43.498500    2.0711710e-18 
43.518000    2.0689480e-18 
43.537500    2.0667250e-18 
43.557000    2.0645020e-18 
43.576500    2.0622790e-18 
43.596000    2.0600560e-18 
43.615500    2.0578330e-18 
43.635000    2.0556100e-18 
43.654500    2.0533870e-18 
43.674000    2.0511640e-18 
43.693500    2.0489410e-18 
43.713000    2.0467180e-18 
43.732500    2.0444950e-18 
43.752000    2.0422720e-18 
43.771500    2.0400490e-18 
43.791000    2.0378260e-18 
43.810500    2.0356030e-18 
43.830000    2.0333800e-18 
43.849500    2.0311570e-18 
43.869000    2.0289340e-18 
43.888500    2.0267110e-18 
43.908000    2.0244880e-18 
43.927500    2.0222650e-18 
43.947000    2.0200420e-18 
43.966500    2.0178190e-18 
43.986000    2.0155960e-18 
44.005500    2.0133730e-18 
44.025000    2.0111500e-18 
44.044500    2.0089270e-18 
44.064000    2.0067040e-18 
44.083500    2.0044810e-18 
44.103000    2.0022580e-18 
44.122500    2.0000350e-18 
44.142000    1.9978120e-18 
44.161500    1.9955890e-18 
44.181000    1.9933660e-18 
44.200500    1.9911430e-18 
44.220000    1.9889200e-18 
44.239500    1.9866970e-18 
44.259000    1.9844740e-18 
44.278500    1.9822510e-18 
44.298000    1.9800280e-18 
44.317500    1.9778050e-18 
44.337000    1.9755820e-18 
44.356500    1.9733590e-18 
44.376000    1.9711360e-18 
44.395500    1.9689130e-18 
44.415000    1.9666900e-18 
44.434500    1.9644670e-18 
44.454000    1.9622440e-18 
44.473500    1.9600210e-18 
44.493000    1.9577980e-18 
44.512500    1.9555750e-18 
44.532000    1.9533520e-18 
44.551500    1.9511290e-18 
44.571000    1.9489060e-18 
44.590500    1.9466830e-18 
44.610000    1.9444600e-18 
44.629500    1.9422370e-18 
44.649000    1.9400140e-18 
44.668500    1.9377910e-18 
44.688000    1.9355680e-18 
44.707500    1.9333450e-18 
44.727000    1.9311220e-18 
44.746500    1.9288990e-18 
44.766000    1.9266760e-18 
44.785500    1.9244530e-18 
44.805000    1.9222300e-18 
44.824500    1.9200070e-18 
44.844000    1.9177840e-18 
44.863500    1.9155610e-18 
44.883000    1.9133380e-18 
44.902500    1.9111150e-18 
44.922000    1.9088920e-18 
44.941500    1.9066690e-18 
44.961000    1.9044460e-18 
44.980500    1.9022230e-18 
45.000000    1.9000000e-18 
