0.977000    0.0000000e+00 
0.984011    2.3815534e-20 
0.991023    4.7631069e-20 
0.998034    7.1446603e-20 
1.005046    9.5262138e-20 
1.012057    1.1907767e-19 
1.019069    1.4289321e-19 
1.026080    1.6670874e-19 
1.033092    1.9052428e-19 
1.040103    2.1433981e-19 
1.047115    2.3815534e-19 
1.054126    2.6197088e-19 
1.061138    2.8578641e-19 
1.068149    3.0960195e-19 
1.075161    3.3341748e-19 
1.082172    3.5723302e-19 
1.089184    3.8104855e-19 
1.096195    4.0486408e-19 
1.103207    4.2867962e-19 
1.110218    4.5249515e-19 
1.117230    4.7631069e-19 
1.124241    5.0012622e-19 
1.131253    5.2394176e-19 
1.138265    5.4775729e-19 
1.145276    5.7157283e-19 
1.152287    5.9538836e-19 
1.159299    6.1920389e-19 
1.166311    6.4301943e-19 
1.173322    6.6647395e-19 
1.180333    6.8957079e-19 
1.187345    7.1266764e-19 
1.194356    7.3576448e-19 
1.201368    7.5886133e-19 
1.208379    7.8195817e-19 
1.215391    8.0505501e-19 
1.222402    8.2815186e-19 
1.229414    8.5124870e-19 
1.236425    8.7434554e-19 
1.243437    8.9744239e-19 
1.250448    9.2053923e-19 
1.257460    9.4363607e-19 
1.264471    9.6673292e-19 
1.271483    9.8982976e-19 
1.278494    1.0129266e-18 
1.285506    1.0360234e-18 
1.292517    1.0591203e-18 
1.299529    1.0822171e-18 
1.306540    1.1053140e-18 
1.313552    1.1284108e-18 
1.320563    1.1515077e-18 
1.327575    1.1746045e-18 
1.334586    1.1977014e-18 
1.341598    1.2205261e-18 
1.348609    1.2431409e-18 
1.355621    1.2657557e-18 
1.362632    1.2883706e-18 
1.369644    1.3109854e-18 
1.376655    1.3336002e-18 
1.383667    1.3562151e-18 
1.390678    1.3788299e-18 
1.397690    1.4014447e-18 
1.404701    1.4240595e-18 
1.411713    1.4466744e-18 
1.418724    1.4692892e-18 
1.425736    1.4919040e-18 
1.432747    1.5145188e-18 
1.439759    1.5371337e-18 
1.446770    1.5597485e-18 
1.453782    1.5823633e-18 
1.460793    1.6049781e-18 
1.467805    1.6275930e-18 
1.474816    1.6502078e-18 
1.481828    1.6728226e-18 
1.488839    1.6954374e-18 
1.495851    1.7180523e-18 
1.502862    1.7406671e-18 
1.509874    1.7632819e-18 
1.516885    1.7858967e-18 
1.523897    1.8085116e-18 
1.530908    1.8311264e-18 
1.537920    1.8537412e-18 
1.544931    1.8763560e-18 
1.551943    1.8989709e-18 
1.558954    1.9215857e-18 
1.565966    1.9442005e-18 
1.572977    1.9668154e-18 
1.579989    1.9894302e-18 
1.587000    2.0120450e-18 
1.594012    2.0346598e-18 
1.601023    2.0572747e-18 
1.608035    2.0781048e-18 
1.615046    2.0988450e-18 
1.622058    2.1195851e-18 
1.629069    2.1403253e-18 
1.636081    2.1610655e-18 
1.643092    2.1818057e-18 
1.650104    2.2025458e-18 
1.657115    2.2232860e-18 
1.664127    2.2440262e-18 
1.671138    2.2647663e-18 
1.678150    2.2855065e-18 
1.685161    2.3062467e-18 
1.692173    2.3269869e-18 
1.699184    2.3477270e-18 
1.706196    2.3684672e-18 
1.713207    2.3892074e-18 
1.720219    2.4099476e-18 
1.727230    2.4306877e-18 
1.734242    2.4514279e-18 
1.741254    2.4721681e-18 
1.748265    2.4929082e-18 
1.755276    2.5136484e-18 
1.762288    2.5343886e-18 
1.769300    2.5551288e-18 
1.776311    2.5758689e-18 
1.783322    2.5966091e-18 
1.790334    2.6173493e-18 
1.797346    2.6380894e-18 
1.804357    2.6588296e-18 
1.811368    2.6795698e-18 
1.818380    2.7003100e-18 
1.825392    2.7210501e-18 
1.832403    2.7417903e-18 
1.839414    2.7625305e-18 
1.846426    2.7868777e-18 
1.853438    2.8122875e-18 
1.860449    2.8376973e-18 
1.867460    2.8631072e-18 
1.874472    2.8885170e-18 
1.881484    2.9139268e-18 
1.888495    2.9393366e-18 
1.895506    2.9647464e-18 
1.902518    2.9901562e-18 
1.909530    3.0155661e-18 
1.916541    3.0409759e-18 
1.923552    3.0663857e-18 
1.930564    3.0917955e-18 
1.937576    3.1172053e-18 
1.944587    3.1426152e-18 
1.951599    3.1680250e-18 
1.958610    3.1934348e-18 
1.965622    3.2188446e-18 
1.972633    3.2442544e-18 
1.979645    3.2696643e-18 
1.986656    3.2950741e-18 
1.993668    3.3204839e-18 
2.000679    3.3458937e-18 
2.007691    3.3713035e-18 
2.014702    3.3967134e-18 
2.021714    3.4217786e-18 
2.028725    3.4440648e-18 
2.035737    3.4663511e-18 
2.042748    3.4886374e-18 
2.049759    3.5109236e-18 
2.056771    3.5332099e-18 
2.063783    3.5554961e-18 
2.070794    3.5777824e-18 
2.077806    3.6000686e-18 
2.084817    3.6223549e-18 
2.091829    3.6446411e-18 
2.098840    3.6669274e-18 
2.105851    3.6892136e-18 
2.112863    3.7114999e-18 
2.119875    3.7337861e-18 
2.126886    3.7560724e-18 
2.133898    3.7783586e-18 
2.140909    3.8006449e-18 
2.147921    3.8229312e-18 
2.154932    3.8452174e-18 
2.161944    3.8675037e-18 
2.168955    3.8897899e-18 
2.175967    3.9120762e-18 
2.182978    3.9343624e-18 
2.189990    3.9566487e-18 
2.197001    3.9789349e-18 
2.204013    4.0012212e-18 
2.211024    4.0235074e-18 
2.218036    4.0463039e-18 
2.225047    4.0692643e-18 
2.232059    4.0922248e-18 
2.239070    4.1151853e-18 
2.246081    4.1381457e-18 
2.253093    4.1611062e-18 
2.260104    4.1840667e-18 
2.267116    4.2070271e-18 
2.274127    4.2299876e-18 
2.281139    4.2529481e-18 
2.288150    4.2759085e-18 
2.295162    4.2988690e-18 
2.302173    4.3218295e-18 
2.309185    4.3447900e-18 
2.316196    4.3677504e-18 
2.323208    4.3907109e-18 
2.330219    4.4136714e-18 
2.337231    4.4366318e-18 
2.344243    4.4595923e-18 
2.351254    4.4825528e-18 
2.358265    4.5055132e-18 
2.365277    4.5284737e-18 
2.372288    4.5506961e-18 
2.379300    4.5722610e-18 
2.386311    4.5938259e-18 
2.393323    4.6153909e-18 
2.400335    4.6369558e-18 
2.407346    4.6585207e-18 
2.414357    4.6800857e-18 
2.421369    4.7016506e-18 
2.428380    4.7232155e-18 
2.435392    4.7447805e-18 
2.442403    4.7663454e-18 
2.449415    4.7879103e-18 
2.456427    4.8094753e-18 
2.463438    4.8310402e-18 
2.470449    4.8526052e-18 
2.477461    4.8741701e-18 
2.484472    4.8957350e-18 
2.491484    4.9173000e-18 
2.498495    4.9388649e-18 
2.505507    4.9604298e-18 
2.512519    4.9819948e-18 
2.519530    5.0035597e-18 
2.526541    5.0251246e-18 
2.533553    5.0466896e-18 
2.540564    5.0682545e-18 
2.547576    5.0898194e-18 
2.554587    5.1075917e-18 
2.561599    5.1248932e-18 
2.568611    5.1421948e-18 
2.575622    5.1594964e-18 
2.582634    5.1767979e-18 
2.589645    5.1940995e-18 
2.596656    5.2114011e-18 
2.603668    5.2287027e-18 
2.610679    5.2460042e-18 
2.617691    5.2633058e-18 
2.624702    5.2806074e-18 
2.631714    5.2979090e-18 
2.638725    5.3152105e-18 
2.645737    5.3325121e-18 
2.652748    5.3498137e-18 
2.659760    5.3671152e-18 
2.666771    5.3844168e-18 
2.673783    5.4017184e-18 
2.680794    5.4190200e-18 
2.687806    5.4363215e-18 
2.694817    5.4515598e-18 
2.701829    5.4636901e-18 
2.708840    5.4758204e-18 
2.715852    5.4879506e-18 
2.722863    5.5000809e-18 
2.729875    5.5122112e-18 
2.736886    5.5243415e-18 
2.743898    5.5364717e-18 
2.750909    5.5486020e-18 
2.757921    5.5607323e-18 
2.764932    5.5728625e-18 
2.771944    5.5849928e-18 
2.778955    5.5971231e-18 
2.785967    5.6092534e-18 
2.792978    5.6213836e-18 
2.799990    5.6335139e-18 
2.807001    5.6456442e-18 
2.814013    5.6577744e-18 
2.821024    5.6699047e-18 
2.828036    5.6820350e-18 
2.835047    5.6941652e-18 
2.842059    5.7062955e-18 
2.849070    5.7184258e-18 
2.856082    5.7305561e-18 
2.863093    5.7426863e-18 
2.870105    5.7548166e-18 
2.877116    5.7669469e-18 
2.884128    5.7790771e-18 
2.891139    5.7912074e-18 
2.898151    5.8033377e-18 
2.905162    5.8154680e-18 
2.912174    5.8275982e-18 
2.919185    5.8397285e-18 
2.926197    5.8518588e-18 
2.933208    5.8639890e-18 
2.940220    5.8761193e-18 
2.947232    5.8882496e-18 
2.954243    5.9003799e-18 
2.961254    5.9125101e-18 
2.968266    5.9246404e-18 
2.975277    5.9367707e-18 
2.982289    5.9502935e-18 
2.989300    5.9654291e-18 
2.996312    5.9805647e-18 
3.003324    5.9957003e-18 
3.010335    6.0108358e-18 
3.017346    6.0259714e-18 
3.024358    6.0411070e-18 
3.031369    6.0562426e-18 
3.038381    6.0713781e-18 
3.045392    6.0865137e-18 
3.052404    6.1016493e-18 
3.059416    6.1167849e-18 
3.066427    6.1319204e-18 
3.073438    6.1470560e-18 
3.080450    6.1621916e-18 
3.087461    6.1773272e-18 
3.094473    6.1924627e-18 
3.101484    6.2075983e-18 
3.108496    6.2227339e-18 
3.115508    6.2378695e-18 
3.122519    6.2530050e-18 
3.129530    6.2681406e-18 
3.136542    6.2832762e-18 
3.143553    6.2984118e-18 
3.150565    6.3135473e-18 
3.157576    6.3286829e-18 
3.164588    6.3438185e-18 
3.171600    6.3589541e-18 
3.178611    6.3740896e-18 
3.185623    6.3892252e-18 
3.192634    6.4043608e-18 
3.199645    6.4194964e-18 
3.206657    6.4346319e-18 
3.213668    6.4497675e-18 
3.220680    6.4649031e-18 
3.227692    6.4800387e-18 
3.234703    6.4951742e-18 
3.241715    6.5103098e-18 
3.248726    6.5254454e-18 
3.255737    6.5405810e-18 
3.262749    6.5557165e-18 
3.269760    6.5708521e-18 
3.276772    6.5859877e-18 
3.283784    6.6011232e-18 
3.290795    6.6162588e-18 
3.297807    6.6313944e-18 
3.304818    6.6465300e-18 
3.311829    6.6616655e-18 
3.318841    6.6733366e-18 
3.325852    6.6833267e-18 
3.332864    6.6933169e-18 
3.339876    6.7033070e-18 
3.346887    6.7132972e-18 
3.353899    6.7232873e-18 
3.360910    6.7332775e-18 
3.367922    6.7432676e-18 
3.374933    6.7532578e-18 
3.381944    6.7632479e-18 
3.388956    6.7732381e-18 
3.395968    6.7832282e-18 
3.402979    6.7932184e-18 
3.409991    6.8032085e-18 
3.417002    6.8131987e-18 
3.424014    6.8231888e-18 
3.431025    6.8331790e-18 
3.438036    6.8431691e-18 
3.445048    6.8531593e-18 
3.452060    6.8631494e-18 
3.459071    6.8731396e-18 
3.466083    6.8831297e-18 
3.473094    6.8931199e-18 
3.480106    6.9031100e-18 
3.487117    6.9131002e-18 
3.494128    6.9230903e-18 
3.501140    6.9330805e-18 
3.508151    6.9430706e-18 
3.515163    6.9530608e-18 
3.522174    6.9630509e-18 
3.529186    6.9730411e-18 
3.536197    6.9830312e-18 
3.543209    6.9930214e-18 
3.550220    7.0030115e-18 
3.557232    7.0130017e-18 
3.564243    7.0229918e-18 
3.571255    7.0329820e-18 
3.578266    7.0429721e-18 
3.585278    7.0529623e-18 
3.592289    7.0629524e-18 
3.599301    7.0729426e-18 
3.606312    7.0829327e-18 
3.613324    7.0927902e-18 
3.620335    7.1002919e-18 
3.627347    7.1077937e-18 
3.634358    7.1152955e-18 
3.641370    7.1227972e-18 
3.648381    7.1302990e-18 
3.655393    7.1378008e-18 
3.662404    7.1453025e-18 
3.669416    7.1528043e-18 
3.676427    7.1603061e-18 
3.683439    7.1678079e-18 
3.690450    7.1753096e-18 
3.697462    7.1828114e-18 
3.704473    7.1903132e-18 
3.711485    7.1978149e-18 
3.718496    7.2053167e-18 
3.725508    7.2128185e-18 
3.732519    7.2203203e-18 
3.739531    7.2278220e-18 
3.746542    7.2353238e-18 
3.753554    7.2428256e-18 
3.760565    7.2503273e-18 
3.767577    7.2578291e-18 
3.774588    7.2653309e-18 
3.781600    7.2728327e-18 
3.788612    7.2803344e-18 
3.795623    7.2878362e-18 
3.802634    7.2953380e-18 
3.809646    7.3028397e-18 
3.816657    7.3103415e-18 
3.823669    7.3178433e-18 
3.830680    7.3253450e-18 
3.837692    7.3328468e-18 
3.844704    7.3403486e-18 
3.851715    7.3478504e-18 
3.858726    7.3553521e-18 
3.865738    7.3628539e-18 
3.872749    7.3703557e-18 
3.879761    7.3778574e-18 
3.886772    7.3853592e-18 
3.893784    7.3928610e-18 
3.900796    7.4003628e-18 
3.907807    7.4078645e-18 
3.914818    7.4153663e-18 
3.921830    7.4228681e-18 
3.928841    7.4303698e-18 
3.935853    7.4378716e-18 
3.942864    7.4453734e-18 
3.949876    7.4528752e-18 
3.956887    7.4603769e-18 
3.963899    7.4678787e-18 
3.970910    7.4753805e-18 
3.977922    7.4811564e-18 
3.984933    7.4868198e-18 
3.991945    7.4924831e-18 
3.998956    7.4981465e-18 
4.005968    7.5038098e-18 
4.012979    7.5094731e-18 
4.019991    7.5151365e-18 
4.027002    7.5207998e-18 
4.034014    7.5264632e-18 
4.041025    7.5321265e-18 
4.048037    7.5377899e-18 
4.055048    7.5434532e-18 
4.062060    7.5491166e-18 
4.069071    7.5547799e-18 
4.076083    7.5604432e-18 
4.083094    7.5661066e-18 
4.090106    7.5717699e-18 
4.097117    7.5774333e-18 
4.104129    7.5830966e-18 
4.111140    7.5887600e-18 
4.118152    7.5944233e-18 
4.125163    7.6000867e-18 
4.132175    7.6057500e-18 
4.139186    7.6114133e-18 
4.146198    7.6170767e-18 
4.153209    7.6227400e-18 
4.160221    7.6284034e-18 
4.167232    7.6340667e-18 
4.174244    7.6397301e-18 
4.181255    7.6453934e-18 
4.188267    7.6510568e-18 
4.195278    7.6567201e-18 
4.202290    7.6623834e-18 
4.209301    7.6680468e-18 
4.216313    7.6737101e-18 
4.223324    7.6793735e-18 
4.230336    7.6850368e-18 
4.237347    7.6907002e-18 
4.244359    7.6963635e-18 
4.251370    7.7020269e-18 
4.258382    7.7076902e-18 
4.265394    7.7133535e-18 
4.272405    7.7190169e-18 
4.279416    7.7246802e-18 
4.286428    7.7303436e-18 
4.293439    7.7360069e-18 
4.300451    7.7416703e-18 
4.307462    7.7468023e-18 
4.314474    7.7503520e-18 
4.321485    7.7539017e-18 
4.328497    7.7574515e-18 
4.335508    7.7610012e-18 
4.342520    7.7645509e-18 
4.349531    7.7681006e-18 
4.356543    7.7716503e-18 
4.363555    7.7752001e-18 
4.370566    7.7787498e-18 
4.377578    7.7822995e-18 
4.384589    7.7858492e-18 
4.391601    7.7893989e-18 
4.398612    7.7929486e-18 
4.405623    7.7964984e-18 
4.412635    7.8000481e-18 
4.419646    7.8035978e-18 
4.426658    7.8071475e-18 
4.433669    7.8106972e-18 
4.440681    7.8142470e-18 
4.447692    7.8177967e-18 
4.454704    7.8213464e-18 
4.461715    7.8248961e-18 
4.468727    7.8284458e-18 
4.475739    7.8319956e-18 
4.482750    7.8355453e-18 
4.489762    7.8390950e-18 
4.496773    7.8426447e-18 
4.503785    7.8461944e-18 
4.510796    7.8497441e-18 
4.517807    7.8532939e-18 
4.524819    7.8568436e-18 
4.531830    7.8603933e-18 
4.538842    7.8639430e-18 
4.545853    7.8674927e-18 
4.552865    7.8710425e-18 
4.559876    7.8745922e-18 
4.566888    7.8781419e-18 
4.573899    7.8816916e-18 
4.580911    7.8852413e-18 
4.587923    7.8887911e-18 
4.594934    7.8923408e-18 
4.601946    7.8958905e-18 
4.608957    7.8994402e-18 
4.615969    7.9029899e-18 
4.622980    7.9065396e-18 
4.629992    7.9100894e-18 
4.637003    7.9136391e-18 
4.644014    7.9171888e-18 
4.651026    7.9207385e-18 
4.658037    7.9242882e-18 
4.665049    7.9278380e-18 
4.672060    7.9313877e-18 
4.679072    7.9349374e-18 
4.686083    7.9384871e-18 
4.693095    7.9420368e-18 
4.700107    7.9454215e-18 
4.707118    7.9467736e-18 
4.714130    7.9481256e-18 
4.721141    7.9494776e-18 
4.728153    7.9508297e-18 
4.735164    7.9521817e-18 
4.742176    7.9535337e-18 
4.749187    7.9548858e-18 
4.756198    7.9562378e-18 
4.763210    7.9575899e-18 
4.770221    7.9589419e-18 
4.777233    7.9602939e-18 
4.784244    7.9616460e-18 
4.791256    7.9629980e-18 
4.798267    7.9643500e-18 
4.805279    7.9657021e-18 
4.812291    7.9670541e-18 
4.819302    7.9684061e-18 
4.826314    7.9697582e-18 
4.833325    7.9711102e-18 
4.840337    7.9724623e-18 
4.847348    7.9738143e-18 
4.854360    7.9751663e-18 
4.861371    7.9765184e-18 
4.868383    7.9778704e-18 
4.875394    7.9792224e-18 
4.882405    7.9805745e-18 
4.889417    7.9819265e-18 
4.896428    7.9832785e-18 
4.903440    7.9846306e-18 
4.910451    7.9859826e-18 
4.917463    7.9873347e-18 
4.924475    7.9886867e-18 
4.931486    7.9900387e-18 
4.938498    7.9913908e-18 
4.945509    7.9927428e-18 
4.952521    7.9940948e-18 
4.959532    7.9954469e-18 
4.966544    7.9967989e-18 
4.973555    7.9981509e-18 
4.980567    7.9995030e-18 
4.987578    8.0008550e-18 
4.994590    8.0022071e-18 
5.001601    8.0014582e-18 
5.008612    7.9989142e-18 
5.015624    7.9963702e-18 
5.022635    7.9938263e-18 
5.029647    7.9912823e-18 
5.036659    7.9887384e-18 
5.043670    7.9861944e-18 
5.050682    7.9836504e-18 
5.057693    7.9811065e-18 
5.064705    7.9785625e-18 
5.071716    7.9760186e-18 
5.078728    7.9734746e-18 
5.085739    7.9709306e-18 
5.092751    7.9683867e-18 
5.099762    7.9658427e-18 
5.106774    7.9632988e-18 
5.113785    7.9607548e-18 
5.120796    7.9582108e-18 
5.127808    7.9556669e-18 
5.134819    7.9531229e-18 
5.141831    7.9505790e-18 
5.148843    7.9480350e-18 
5.155854    7.9454910e-18 
5.162866    7.9429471e-18 
5.169877    7.9404031e-18 
5.176889    7.9378592e-18 
5.183900    7.9353152e-18 
5.190912    7.9327712e-18 
5.197923    7.9302273e-18 
5.204935    7.9276833e-18 
5.211946    7.9251394e-18 
5.218958    7.9225954e-18 
5.225969    7.9200514e-18 
5.232981    7.9175075e-18 
5.239992    7.9149635e-18 
5.247003    7.9124196e-18 
5.254015    7.9098756e-18 
5.261027    7.9073316e-18 
5.268038    7.9047877e-18 
5.275050    7.9022437e-18 
5.282061    7.8996998e-18 
5.289073    7.8971558e-18 
5.296084    7.8946119e-18 
5.303096    7.8920679e-18 
5.310107    7.8883049e-18 
5.317119    7.8821802e-18 
5.324130    7.8760555e-18 
5.331142    7.8699309e-18 
5.338153    7.8638062e-18 
5.345165    7.8576815e-18 
5.352176    7.8515568e-18 
5.359187    7.8454321e-18 
5.366199    7.8393075e-18 
5.373211    7.8331828e-18 
5.380222    7.8270581e-18 
5.387234    7.8209334e-18 
5.394245    7.8148087e-18 
5.401257    7.8086840e-18 
5.408268    7.8025594e-18 
5.415280    7.7964347e-18 
5.422291    7.7903100e-18 
5.429303    7.7841853e-18 
5.436314    7.7780606e-18 
5.443326    7.7719359e-18 
5.450337    7.7658113e-18 
5.457349    7.7596866e-18 
5.464360    7.7535619e-18 
5.471372    7.7474372e-18 
5.478383    7.7413125e-18 
5.485395    7.7351879e-18 
5.492406    7.7290632e-18 
5.499418    7.7229385e-18 
5.506429    7.7168138e-18 
5.513441    7.7106891e-18 
5.520452    7.7045644e-18 
5.527464    7.6984398e-18 
5.534475    7.6922740e-18 
5.541487    7.6855423e-18 
5.548498    7.6788106e-18 
5.555510    7.6720790e-18 
5.562521    7.6653473e-18 
5.569533    7.6586156e-18 
5.576544    7.6518839e-18 
5.583556    7.6451523e-18 
5.590567    7.6384206e-18 
5.597579    7.6316889e-18 
5.604590    7.6249573e-18 
5.611602    7.6182256e-18 
5.618613    7.6114939e-18 
5.625625    7.6047623e-18 
5.632636    7.5980306e-18 
5.639648    7.5912989e-18 
5.646659    7.5845673e-18 
5.653671    7.5778356e-18 
5.660682    7.5711039e-18 
5.667694    7.5643723e-18 
5.674705    7.5576406e-18 
5.681717    7.5509089e-18 
5.688728    7.5441773e-18 
5.695740    7.5374456e-18 
5.702751    7.5307139e-18 
5.709763    7.5239823e-18 
5.716774    7.5172506e-18 
5.723786    7.5105189e-18 
5.730797    7.5037873e-18 
5.737809    7.4970556e-18 
5.744820    7.4903239e-18 
5.751832    7.4835922e-18 
5.758843    7.4768606e-18 
5.765855    7.4701289e-18 
5.772866    7.4633972e-18 
5.779878    7.4566656e-18 
5.786889    7.4488702e-18 
5.793901    7.4395021e-18 
5.800912    7.4301341e-18 
5.807924    7.4207660e-18 
5.814935    7.4113979e-18 
5.821947    7.4020299e-18 
5.828958    7.3926618e-18 
5.835970    7.3832938e-18 
5.842981    7.3739257e-18 
5.849993    7.3645576e-18 
5.857004    7.3551896e-18 
5.864016    7.3458215e-18 
5.871027    7.3364535e-18 
5.878039    7.3270854e-18 
5.885050    7.3177173e-18 
5.892062    7.3083493e-18 
5.899073    7.2989812e-18 
5.906085    7.2896132e-18 
5.913096    7.2802451e-18 
5.920108    7.2708771e-18 
5.927119    7.2615090e-18 
5.934131    7.2521409e-18 
5.941142    7.2427729e-18 
5.948154    7.2334048e-18 
5.955165    7.2240368e-18 
5.962177    7.2146687e-18 
5.969188    7.2053006e-18 
5.976200    7.1965041e-18 
5.983211    7.1894663e-18 
5.990223    7.1824285e-18 
5.997234    7.1753907e-18 
6.004245    7.1683530e-18 
6.011257    7.1613152e-18 
6.018268    7.1542774e-18 
6.025280    7.1472397e-18 
6.032291    7.1402019e-18 
6.039303    7.1331641e-18 
6.046314    7.1261263e-18 
6.053326    7.1190886e-18 
6.060337    7.1120508e-18 
6.067349    7.1050130e-18 
6.074360    7.0979752e-18 
6.081372    7.0909375e-18 
6.088383    7.0838997e-18 
6.095395    7.0768619e-18 
6.102406    7.0698242e-18 
6.109418    7.0627864e-18 
6.116429    7.0557486e-18 
6.123441    7.0487108e-18 
6.130452    7.0418672e-18 
6.137464    7.0359806e-18 
6.144475    7.0300941e-18 
6.151487    7.0242075e-18 
6.158498    7.0183209e-18 
6.165510    7.0124343e-18 
6.172521    7.0065477e-18 
6.179533    7.0006612e-18 
6.186544    6.9947746e-18 
6.193556    6.9888880e-18 
6.200567    6.9830014e-18 
6.207579    6.9771148e-18 
6.214590    6.9712283e-18 
6.221602    6.9653417e-18 
6.228613    6.9594551e-18 
6.235625    6.9535685e-18 
6.242636    6.9476820e-18 
6.249648    6.9417954e-18 
6.256659    6.9359088e-18 
6.263671    6.9300222e-18 
6.270682    6.9241356e-18 
6.277694    6.9182491e-18 
6.284705    6.9123625e-18 
6.291717    6.9064759e-18 
6.298728    6.9005893e-18 
6.305740    6.8947027e-18 
6.312751    6.8888162e-18 
6.319763    6.8829296e-18 
6.326774    6.8770430e-18 
6.333786    6.8711564e-18 
6.340797    6.8652698e-18 
6.347809    6.8593833e-18 
6.354820    6.8534967e-18 
6.361832    6.8476101e-18 
6.368843    6.8417235e-18 
6.375855    6.8358370e-18 
6.382866    6.8299504e-18 
6.389878    6.8240638e-18 
6.396889    6.8181772e-18 
6.403901    6.8122906e-18 
6.410912    6.8064041e-18 
6.417924    6.8011533e-18 
6.424935    6.7968510e-18 
6.431947    6.7925488e-18 
6.438958    6.7882465e-18 
6.445970    6.7839442e-18 
6.452981    6.7796419e-18 
6.459993    6.7753396e-18 
6.467004    6.7710374e-18 
6.474016    6.7667351e-18 
6.481027    6.7624328e-18 
6.488039    6.7581305e-18 
6.495050    6.7538283e-18 
6.502062    6.7495260e-18 
6.509073    6.7452237e-18 
6.516085    6.7409214e-18 
6.523096    6.7366191e-18 
6.530108    6.7323169e-18 
6.537119    6.7280146e-18 
6.544131    6.7237123e-18 
6.551142    6.7194100e-18 
6.558154    6.7151077e-18 
6.565165    6.7108055e-18 
6.572177    6.7065032e-18 
6.579188    6.7022009e-18 
6.586200    6.6978986e-18 
6.593211    6.6935964e-18 
6.600223    6.6892941e-18 
6.607234    6.6849918e-18 
6.614246    6.6806895e-18 
6.621257    6.6763872e-18 
6.628269    6.6720850e-18 
6.635280    6.6677827e-18 
6.642292    6.6634804e-18 
6.649303    6.6591781e-18 
6.656315    6.6548759e-18 
6.663326    6.6505736e-18 
6.670338    6.6462713e-18 
6.677349    6.6419690e-18 
6.684361    6.6376667e-18 
6.691372    6.6333645e-18 
6.698384    6.6290622e-18 
6.705395    6.6247599e-18 
6.712407    6.6204576e-18 
6.719418    6.6161553e-18 
6.726430    6.6118531e-18 
6.733441    6.6075508e-18 
6.740453    6.6044987e-18 
6.747464    6.6025959e-18 
6.754476    6.6006932e-18 
6.761487    6.5987904e-18 
6.768499    6.5968877e-18 
6.775510    6.5949849e-18 
6.782522    6.5930822e-18 
6.789533    6.5911794e-18 
6.796545    6.5892767e-18 
6.803556    6.5873739e-18 
6.810568    6.5854712e-18 
6.817579    6.5835685e-18 
6.824591    6.5816657e-18 
6.831602    6.5797630e-18 
6.838614    6.5778602e-18 
6.845625    6.5759575e-18 
6.852637    6.5740547e-18 
6.859648    6.5721520e-18 
6.866660    6.5702492e-18 
6.873671    6.5683465e-18 
6.880683    6.5664437e-18 
6.887694    6.5645410e-18 
6.894706    6.5626382e-18 
6.901717    6.5607355e-18 
6.908729    6.5588327e-18 
6.915740    6.5569300e-18 
6.922752    6.5550273e-18 
6.929763    6.5531245e-18 
6.936775    6.5512218e-18 
6.943786    6.5493190e-18 
6.950798    6.5474163e-18 
6.957809    6.5455135e-18 
6.964821    6.5436108e-18 
6.971832    6.5417080e-18 
6.978844    6.5398053e-18 
6.985855    6.5379025e-18 
6.992867    6.5359998e-18 
6.999878    6.5340970e-18 
7.006890    6.5321943e-18 
7.013901    6.5302916e-18 
7.020913    6.5283888e-18 
7.027924    6.5264861e-18 
7.034936    6.5245833e-18 
7.041948    6.5226806e-18 
7.048959    6.5224951e-18 
7.055970    6.5260185e-18 
7.062982    6.5295418e-18 
7.069993    6.5330652e-18 
7.077005    6.5365886e-18 
7.084016    6.5401119e-18 
7.091028    6.5436353e-18 
7.098039    6.5471587e-18 
7.105051    6.5506821e-18 
7.112062    6.5542054e-18 
7.119074    6.5577288e-18 
7.126085    6.5612522e-18 
7.133097    6.5647756e-18 
7.140108    6.5682989e-18 
7.147120    6.5718223e-18 
7.154132    6.5753457e-18 
7.161143    6.5788690e-18 
7.168154    6.5823924e-18 
7.175166    6.5859158e-18 
7.182177    6.5894392e-18 
7.189189    6.5929625e-18 
7.196200    6.5964859e-18 
7.203212    6.6000093e-18 
7.210223    6.6035327e-18 
7.217235    6.6070560e-18 
7.224246    6.6105794e-18 
7.231258    6.6141028e-18 
7.238269    6.6176261e-18 
7.245281    6.6211495e-18 
7.252293    6.6246729e-18 
7.259304    6.6281963e-18 
7.266316    6.6317196e-18 
7.273327    6.6352430e-18 
7.280339    6.6605181e-18 
7.287350    6.6864088e-18 
7.294361    6.7122996e-18 
7.301373    6.7381903e-18 
7.308384    6.7640811e-18 
7.315396    6.7899718e-18 
7.322407    6.8158626e-18 
7.329419    6.8417533e-18 
7.336430    6.8676441e-18 
7.343442    6.8935348e-18 
7.350453    6.9194256e-18 
7.357465    6.9453163e-18 
7.364477    6.9712071e-18 
7.371488    6.9997831e-18 
7.378500    7.0350972e-18 
7.385511    7.0704113e-18 
7.392523    7.1057254e-18 
7.399534    7.1410395e-18 
7.406546    7.1763536e-18 
7.413557    7.2116677e-18 
7.420568    7.2469818e-18 
7.427580    7.2822959e-18 
7.434591    7.3176100e-18 
7.441603    7.3529241e-18 
7.448614    7.3882382e-18 
7.455626    7.4235523e-18 
7.462637    7.4588665e-18 
7.469649    7.4941806e-18 
7.476661    7.5294947e-18 
7.483672    7.5648088e-18 
7.490684    7.6001229e-18 
7.497695    7.6354370e-18 
7.504707    7.6774874e-18 
7.511718    7.7287232e-18 
7.518730    7.7799590e-18 
7.525741    7.8311948e-18 
7.532752    7.8824306e-18 
7.539764    7.9336664e-18 
7.546775    7.9849022e-18 
7.553787    8.0361380e-18 
7.560798    8.0873738e-18 
7.567810    8.1386096e-18 
7.574821    8.1898454e-18 
7.581833    8.2410812e-18 
7.588845    8.2923170e-18 
7.595856    8.3435528e-18 
7.602868    8.3947886e-18 
7.609879    8.4460244e-18 
7.616891    8.5428943e-18 
7.623902    8.6429013e-18 
7.630914    8.7429084e-18 
7.637925    8.8429154e-18 
7.644937    8.9429225e-18 
7.651948    9.0429295e-18 
7.658959    9.1429365e-18 
7.665971    9.2429436e-18 
7.672982    9.3429506e-18 
7.679994    9.4429576e-18 
7.687005    9.5429647e-18 
7.694017    9.6429717e-18 
7.701029    9.7338684e-18 
7.708040    9.8217741e-18 
7.715052    9.9096798e-18 
7.722063    9.9975855e-18 
7.729075    1.0085491e-17 
7.736086    1.0173397e-17 
7.743098    1.0261303e-17 
7.750109    1.0349208e-17 
7.757121    1.0437114e-17 
7.764132    1.0525020e-17 
7.771143    1.0612925e-17 
7.778155    1.0700831e-17 
7.785166    1.0788737e-17 
7.792178    1.0876642e-17 
7.799189    1.0964548e-17 
7.806201    1.1052454e-17 
7.813213    1.1140359e-17 
7.820224    1.1228265e-17 
7.827236    1.1316171e-17 
7.834247    1.1404076e-17 
7.841259    1.1491982e-17 
7.848270    1.1579888e-17 
7.855282    1.1665377e-17 
7.862293    1.1740556e-17 
7.869305    1.1815736e-17 
7.876316    1.1890915e-17 
7.883328    1.1966095e-17 
7.890339    1.2041274e-17 
7.897350    1.2116454e-17 
7.904362    1.2191633e-17 
7.911373    1.2266813e-17 
7.918385    1.2341992e-17 
7.925397    1.2417172e-17 
7.932408    1.2492351e-17 
7.939420    1.2567531e-17 
7.946431    1.2642710e-17 
7.953443    1.2717890e-17 
7.960454    1.2793069e-17 
7.967466    1.2868249e-17 
7.974477    1.2943428e-17 
7.981489    1.3018608e-17 
7.988500    1.3093059e-17 
7.995512    1.3163556e-17 
8.002523    1.3234053e-17 
8.009535    1.3304550e-17 
8.016546    1.3375047e-17 
8.023558    1.3445543e-17 
8.030569    1.3516040e-17 
8.037581    1.3586537e-17 
8.044592    1.3657034e-17 
8.051604    1.3698030e-17 
8.058615    1.3710965e-17 
8.065627    1.3723900e-17 
8.072638    1.3736835e-17 
8.079650    1.3749771e-17 
8.086661    1.3762706e-17 
8.093673    1.3775641e-17 
8.100684    1.3788577e-17 
8.107696    1.3801512e-17 
8.114707    1.3814447e-17 
8.121719    1.3827382e-17 
8.128730    1.3840318e-17 
8.135741    1.3853253e-17 
8.142753    1.3866188e-17 
8.149764    1.3879124e-17 
8.156776    1.3888426e-17 
8.163787    1.3878534e-17 
8.170799    1.3868642e-17 
8.177810    1.3858750e-17 
8.184822    1.3848859e-17 
8.191833    1.3838967e-17 
8.198845    1.3829075e-17 
8.205857    1.3819183e-17 
8.212868    1.3809292e-17 
8.219880    1.3799400e-17 
8.226891    1.3789508e-17 
8.233903    1.3779616e-17 
8.240914    1.3769725e-17 
8.247926    1.3759833e-17 
8.254937    1.3749941e-17 
8.261949    1.3740049e-17 
8.268960    1.3730158e-17 
8.275972    1.3720266e-17 
8.282983    1.3710374e-17 
8.289995    1.3700482e-17 
8.297006    1.3690591e-17 
8.304018    1.3680699e-17 
8.311029    1.3670807e-17 
8.318041    1.3660915e-17 
8.325052    1.3651024e-17 
8.332064    1.3641132e-17 
8.339075    1.3631240e-17 
8.346087    1.3621228e-17 
8.353098    1.3588107e-17 
8.360110    1.3554986e-17 
8.367121    1.3521866e-17 
8.374132    1.3488745e-17 
8.381144    1.3455625e-17 
8.388155    1.3422504e-17 
8.395167    1.3389384e-17 
8.402178    1.3356263e-17 
8.409190    1.3323143e-17 
8.416201    1.3290022e-17 
8.423213    1.3256901e-17 
8.430225    1.3223781e-17 
8.437236    1.3190660e-17 
8.444248    1.3157540e-17 
8.451259    1.3124419e-17 
8.458271    1.3091299e-17 
8.465282    1.3058178e-17 
8.472294    1.3025058e-17 
8.479305    1.2991937e-17 
8.486317    1.2958816e-17 
8.493328    1.2925696e-17 
8.500340    1.2892575e-17 
8.507351    1.2859455e-17 
8.514363    1.2826334e-17 
8.521374    1.2793214e-17 
8.528386    1.2760093e-17 
8.535397    1.2726973e-17 
8.542409    1.2693852e-17 
8.549420    1.2660731e-17 
8.556432    1.2627611e-17 
8.563443    1.2594490e-17 
8.570455    1.2561370e-17 
8.577466    1.2528249e-17 
8.584478    1.2496733e-17 
8.591489    1.2470280e-17 
8.598501    1.2443826e-17 
8.605512    1.2417373e-17 
8.612523    1.2390920e-17 
8.619535    1.2364466e-17 
8.626546    1.2338013e-17 
8.633558    1.2311559e-17 
8.640569    1.2285106e-17 
8.647581    1.2258653e-17 
8.654593    1.2232199e-17 
8.661604    1.2205746e-17 
8.668616    1.2179292e-17 
8.675627    1.2152839e-17 
8.682639    1.2126386e-17 
8.689650    1.2099932e-17 
8.696662    1.2073479e-17 
8.703673    1.2047025e-17 
8.710685    1.2020572e-17 
8.717696    1.1994119e-17 
8.724708    1.1967665e-17 
8.731719    1.1941212e-17 
8.738731    1.1914758e-17 
8.745742    1.1888305e-17 
8.752754    1.1861852e-17 
8.759765    1.1835398e-17 
8.766777    1.1808945e-17 
8.773788    1.1782491e-17 
8.780800    1.1756038e-17 
8.787811    1.1729585e-17 
8.794822    1.1703131e-17 
8.801834    1.1676678e-17 
8.808845    1.1650224e-17 
8.815857    1.1623771e-17 
8.822868    1.1597318e-17 
8.829880    1.1570864e-17 
8.836891    1.1544411e-17 
8.843903    1.1517957e-17 
8.850914    1.1491504e-17 
8.857926    1.1465051e-17 
8.864937    1.1438597e-17 
8.871949    1.1412144e-17 
8.878960    1.1385690e-17 
8.885972    1.1365760e-17 
8.892983    1.1346031e-17 
8.899995    1.1326301e-17 
8.907006    1.1306572e-17 
8.914018    1.1286843e-17 
8.921029    1.1267113e-17 
8.928041    1.1247384e-17 
8.935052    1.1227654e-17 
8.942064    1.1207925e-17 
8.949075    1.1188196e-17 
8.956087    1.1168466e-17 
8.963098    1.1148737e-17 
8.970110    1.1129008e-17 
8.977121    1.1109278e-17 
8.984133    1.1089549e-17 
8.991144    1.1069819e-17 
8.998156    1.1050090e-17 
9.005167    1.1030361e-17 
9.012179    1.1010631e-17 
9.019190    1.0990902e-17 
9.026202    1.0971173e-17 
9.033213    1.0951443e-17 
9.040225    1.0931714e-17 
9.047236    1.0911984e-17 
9.054248    1.0892255e-17 
9.061259    1.0872526e-17 
9.068271    1.0852796e-17 
9.075282    1.0833067e-17 
9.082294    1.0813338e-17 
9.089306    1.0793608e-17 
9.096317    1.0773879e-17 
9.103328    1.0754149e-17 
9.110340    1.0734420e-17 
9.117351    1.0714691e-17 
9.124363    1.0694961e-17 
9.131374    1.0675232e-17 
9.138386    1.0655502e-17 
9.145397    1.0635773e-17 
9.152409    1.0616044e-17 
9.159420    1.0596314e-17 
9.166432    1.0576585e-17 
9.173443    1.0556856e-17 
9.180455    1.0537126e-17 
9.187466    1.0517397e-17 
9.194478    1.0497667e-17 
9.201489    1.0477938e-17 
9.208501    1.0458209e-17 
9.215512    1.0438479e-17 
9.222524    1.0418750e-17 
9.229535    1.0399021e-17 
9.236547    1.0379291e-17 
9.243558    1.0359562e-17 
9.250570    1.0339832e-17 
9.257581    1.0320103e-17 
9.264593    1.0300374e-17 
9.271604    1.0280644e-17 
9.278616    1.0260915e-17 
9.285627    1.0241186e-17 
9.292639    1.0221456e-17 
9.299650    1.0201727e-17 
9.306662    1.0182058e-17 
9.313674    1.0168235e-17 
9.320685    1.0154411e-17 
9.327697    1.0140588e-17 
9.334708    1.0126764e-17 
9.341719    1.0112941e-17 
9.348731    1.0099117e-17 
9.355742    1.0085294e-17 
9.362754    1.0071470e-17 
9.369765    1.0057647e-17 
9.376777    1.0043823e-17 
9.383788    1.0030000e-17 
9.390800    1.0016176e-17 
9.397811    1.0002353e-17 
9.404823    9.9885291e-18 
9.411834    9.9747056e-18 
9.418846    9.9608821e-18 
9.425857    9.9470586e-18 
9.432869    9.9332351e-18 
9.439880    9.9194116e-18 
9.446892    9.9055882e-18 
9.453903    9.8917647e-18 
9.460915    9.8779412e-18 
9.467926    9.8641177e-18 
9.474938    9.8502942e-18 
9.481949    9.8364707e-18 
9.488961    9.8226472e-18 
9.495972    9.8088237e-18 
9.502984    9.7950002e-18 
9.509995    9.7811767e-18 
9.517007    9.7673532e-18 
9.524018    9.7535297e-18 
9.531030    9.7397062e-18 
9.538042    9.7258827e-18 
9.545053    9.7120592e-18 
9.552065    9.6982357e-18 
9.559076    9.6844122e-18 
9.566088    9.6705887e-18 
9.573099    9.6567653e-18 
9.580110    9.6429418e-18 
9.587122    9.6291183e-18 
9.594133    9.6152948e-18 
9.601145    9.6014713e-18 
9.608156    9.5876478e-18 
9.615168    9.5738243e-18 
9.622179    9.5600008e-18 
9.629191    9.5461773e-18 
9.636202    9.5323538e-18 
9.643214    9.5185303e-18 
9.650225    9.5047068e-18 
9.657237    9.4908833e-18 
9.664248    9.4770598e-18 
9.671260    9.4632363e-18 
9.678271    9.4494128e-18 
9.685283    9.4355893e-18 
9.692294    9.4217658e-18 
9.699306    9.4079423e-18 
9.706317    9.3941189e-18 
9.713329    9.3802954e-18 
9.720340    9.3664719e-18 
9.727352    9.3561621e-18 
9.734363    9.3476345e-18 
9.741375    9.3391069e-18 
9.748386    9.3305793e-18 
9.755398    9.3220517e-18 
9.762410    9.3135241e-18 
9.769421    9.3049965e-18 
9.776433    9.2964689e-18 
9.783444    9.2879414e-18 
9.790456    9.2794138e-18 
9.797467    9.2708862e-18 
9.804479    9.2623586e-18 
9.811490    9.2538310e-18 
9.818501    9.2453034e-18 
9.825513    9.2367758e-18 
9.832524    9.2282482e-18 
9.839536    9.2197206e-18 
9.846547    9.2111930e-18 
9.853559    9.2026654e-18 
9.860570    9.1941378e-18 
9.867582    9.1856102e-18 
9.874593    9.1770826e-18 
9.881605    9.1685550e-18 
9.888616    9.1600275e-18 
9.895628    9.1514999e-18 
9.902639    9.1429723e-18 
9.909651    9.1344447e-18 
9.916662    9.1259171e-18 
9.923674    9.1173895e-18 
9.930685    9.1088619e-18 
9.937697    9.1003343e-18 
9.944708    9.0918067e-18 
9.951720    9.0832791e-18 
9.958731    9.0747515e-18 
9.965743    9.0662239e-18 
9.972754    9.0576963e-18 
9.979766    9.0491687e-18 
9.986778    9.0406412e-18 
9.993789    9.0321136e-18 
10.000801    9.0235860e-18 
10.007812    9.0150584e-18 
10.014824    9.0065308e-18 
10.021835    8.9980032e-18 
10.028847    8.9894756e-18 
10.035858    8.9809480e-18 
10.042870    8.9724204e-18 
10.049881    8.9638928e-18 
10.056893    8.9553652e-18 
10.063904    8.9468376e-18 
10.070915    8.9383100e-18 
10.077927    8.9297824e-18 
10.084938    8.9212548e-18 
10.091950    8.9127273e-18 
10.098961    8.9041997e-18 
10.105973    8.8956721e-18 
10.112984    8.8871445e-18 
10.119996    8.8786169e-18 
10.127007    8.8700893e-18 
10.134019    8.8615617e-18 
10.141030    8.8530341e-18 
10.148042    8.8445065e-18 
10.155053    8.8359789e-18 
10.162065    8.8274513e-18 
10.169076    8.8189237e-18 
10.176088    8.8103961e-18 
10.183099    8.8018685e-18 
10.190111    8.7933409e-18 
10.197123    8.7848134e-18 
10.204134    8.7762858e-18 
10.211146    8.7679481e-18 
10.218157    8.7624100e-18 
10.225169    8.7568720e-18 
10.232180    8.7513339e-18 
10.239192    8.7457958e-18 
10.246203    8.7402577e-18 
10.253215    8.7347196e-18 
10.260226    8.7291816e-18 
10.267238    8.7236435e-18 
10.274249    8.7181054e-18 
10.281261    8.7125673e-18 
10.288272    8.7070292e-18 
10.295284    8.7014912e-18 
10.302295    8.6959531e-18 
10.309306    8.6904150e-18 
10.316318    8.6848769e-18 
10.323329    8.6793388e-18 
10.330341    8.6738008e-18 
10.337352    8.6682627e-18 
10.344364    8.6627246e-18 
10.351375    8.6571865e-18 
10.358387    8.6516484e-18 
10.365398    8.6461104e-18 
10.372410    8.6405723e-18 
10.379421    8.6350342e-18 
10.386433    8.6294961e-18 
10.393444    8.6239581e-18 
10.400456    8.6184200e-18 
10.407467    8.6128819e-18 
10.414479    8.6073438e-18 
10.421491    8.6018057e-18 
10.428502    8.5962677e-18 
10.435514    8.5907296e-18 
10.442525    8.5851915e-18 
10.449537    8.5796534e-18 
10.456548    8.5741153e-18 
10.463560    8.5685773e-18 
10.470571    8.5630392e-18 
10.477583    8.5575011e-18 
10.484594    8.5519630e-18 
10.491606    8.5464249e-18 
10.498617    8.5408869e-18 
10.505629    8.5353488e-18 
10.512640    8.5298107e-18 
10.519652    8.5242726e-18 
10.526663    8.5187345e-18 
10.533675    8.5131965e-18 
10.540686    8.5076584e-18 
10.547697    8.5021203e-18 
10.554709    8.4965822e-18 
10.561720    8.4910441e-18 
10.568732    8.4855061e-18 
10.575743    8.4799680e-18 
10.582755    8.4744299e-18 
10.589766    8.4688918e-18 
10.596778    8.4633537e-18 
10.603789    8.4578157e-18 
10.610801    8.4522776e-18 
10.617812    8.4467395e-18 
10.624824    8.4412014e-18 
10.631835    8.4356633e-18 
10.638847    8.4301253e-18 
10.645859    8.4245872e-18 
10.652870    8.4190491e-18 
10.659882    8.4135110e-18 
10.666893    8.4079730e-18 
10.673905    8.4024349e-18 
10.680916    8.3968968e-18 
10.687928    8.3913587e-18 
10.694939    8.3858206e-18 
10.701951    8.3802826e-18 
10.708962    8.3747445e-18 
10.715974    8.3692064e-18 
10.722985    8.3636683e-18 
10.729997    8.3581302e-18 
10.737008    8.3525922e-18 
10.744020    8.3470541e-18 
10.751031    8.3415160e-18 
10.758043    8.3359779e-18 
10.765054    8.3304398e-18 
10.772066    8.3249018e-18 
10.779077    8.3193637e-18 
10.786088    8.3142405e-18 
10.793100    8.3095130e-18 
10.800111    8.3047855e-18 
10.807123    8.3000581e-18 
10.814134    8.2953306e-18 
10.821146    8.2906031e-18 
10.828157    8.2858757e-18 
10.835169    8.2811482e-18 
10.842180    8.2764207e-18 
10.849192    8.2716932e-18 
10.856203    8.2669658e-18 
10.863215    8.2622383e-18 
10.870227    8.2575108e-18 
10.877238    8.2527834e-18 
10.884250    8.2480559e-18 
10.891261    8.2433284e-18 
10.898273    8.2386010e-18 
10.905284    8.2338735e-18 
10.912296    8.2291460e-18 
10.919307    8.2244186e-18 
10.926319    8.2196911e-18 
10.933330    8.2149636e-18 
10.940342    8.2102361e-18 
10.947353    8.2055087e-18 
10.954365    8.2007812e-18 
10.961376    8.1960537e-18 
10.968388    8.1913263e-18 
10.975399    8.1865988e-18 
10.982411    8.1818713e-18 
10.989422    8.1771439e-18 
10.996434    8.1724164e-18 
11.003445    8.1676889e-18 
11.010457    8.1629615e-18 
11.017468    8.1582340e-18 
11.024479    8.1535065e-18 
11.031491    8.1487790e-18 
11.038502    8.1440516e-18 
11.045514    8.1393241e-18 
11.052525    8.1345966e-18 
11.059537    8.1298692e-18 
11.066548    8.1251417e-18 
11.073560    8.1204142e-18 
11.080571    8.1156868e-18 
11.087583    8.1109593e-18 
11.094594    8.1062318e-18 
11.101606    8.1015044e-18 
11.108617    8.0967769e-18 
11.115629    8.0920494e-18 
11.122640    8.0873219e-18 
11.129652    8.0825945e-18 
11.136663    8.0778670e-18 
11.143675    8.0731395e-18 
11.150686    8.0684121e-18 
11.157698    8.0636846e-18 
11.164709    8.0589571e-18 
11.171721    8.0542297e-18 
11.178732    8.0495022e-18 
11.185744    8.0447747e-18 
11.192755    8.0400473e-18 
11.199767    8.0353198e-18 
11.206778    8.0305923e-18 
11.213790    8.0258648e-18 
11.220801    8.0211374e-18 
11.227813    8.0164099e-18 
11.234824    8.0116824e-18 
11.241836    8.0069550e-18 
11.248847    8.0022275e-18 
11.255859    7.9975000e-18 
11.262870    7.9927726e-18 
11.269882    7.9880451e-18 
11.276893    7.9833176e-18 
11.283905    7.9785901e-18 
11.290916    7.9738627e-18 
11.297928    7.9691352e-18 
11.304939    7.9644077e-18 
11.311951    7.9596803e-18 
11.318962    7.9549528e-18 
11.325974    7.9502253e-18 
11.332985    7.9454979e-18 
11.339997    7.9407704e-18 
11.347008    7.9360429e-18 
11.354020    7.9313155e-18 
11.361031    7.9265880e-18 
11.368043    7.9218605e-18 
11.375054    7.9171330e-18 
11.382066    7.9124056e-18 
11.389077    7.9076781e-18 
11.396089    7.9029506e-18 
11.403100    7.8982232e-18 
11.410112    7.8934957e-18 
11.417123    7.8887682e-18 
11.424135    7.8840408e-18 
11.431146    7.8793133e-18 
11.438158    7.8745858e-18 
11.445169    7.8698584e-18 
11.452181    7.8651309e-18 
11.459192    7.8604034e-18 
11.466204    7.8556759e-18 
11.473215    7.8509485e-18 
11.480227    7.8462210e-18 
11.487238    7.8414935e-18 
11.494250    7.8367661e-18 
11.501261    7.8320386e-18 
11.508273    7.8273111e-18 
11.515284    7.8225837e-18 
11.522296    7.8178562e-18 
11.529307    7.8131287e-18 
11.536319    7.8084013e-18 
11.543330    7.8036738e-18 
11.550342    7.7989463e-18 
11.557353    7.7942188e-18 
11.564365    7.7894914e-18 
11.571376    7.7847639e-18 
11.578388    7.7800364e-18 
11.585399    7.7753090e-18 
11.592411    7.7705815e-18 
11.599422    7.7658540e-18 
11.606434    7.7611266e-18 
11.613445    7.7563991e-18 
11.620457    7.7516716e-18 
11.627468    7.7469442e-18 
11.634480    7.7422167e-18 
11.641491    7.7377712e-18 
11.648503    7.7345747e-18 
11.655514    7.7313782e-18 
11.662526    7.7281817e-18 
11.669537    7.7249852e-18 
11.676549    7.7217886e-18 
11.683560    7.7185921e-18 
11.690572    7.7153956e-18 
11.697583    7.7121991e-18 
11.704595    7.7090026e-18 
11.711606    7.7058061e-18 
11.718618    7.7026096e-18 
11.725629    7.6994131e-18 
11.732641    7.6962165e-18 
11.739652    7.6930200e-18 
11.746664    7.6898235e-18 
11.753675    7.6866270e-18 
11.760687    7.6834305e-18 
11.767698    7.6802340e-18 
11.774710    7.6770375e-18 
11.781721    7.6738409e-18 
11.788733    7.6706444e-18 
11.795744    7.6674479e-18 
11.802756    7.6642514e-18 
11.809767    7.6610549e-18 
11.816779    7.6578584e-18 
11.823790    7.6546619e-18 
11.830802    7.6514654e-18 
11.837813    7.6482688e-18 
11.844825    7.6450723e-18 
11.851836    7.6418758e-18 
11.858848    7.6386793e-18 
11.865859    7.6354828e-18 
11.872871    7.6322863e-18 
11.879882    7.6290898e-18 
11.886894    7.6258932e-18 
11.893905    7.6226967e-18 
11.900917    7.6195002e-18 
11.907928    7.6163037e-18 
11.914940    7.6131072e-18 
11.921951    7.6099107e-18 
11.928963    7.6067142e-18 
11.935974    7.6035177e-18 
11.942986    7.6003211e-18 
11.949997    7.5971246e-18 
11.957009    7.5939281e-18 
11.964020    7.5907316e-18 
11.971032    7.5875351e-18 
11.978044    7.5843386e-18 
11.985055    7.5811421e-18 
11.992066    7.5779455e-18 
11.999078    7.5747490e-18 
12.006089    7.5715525e-18 
12.013101    7.5683560e-18 
12.020112    7.5651595e-18 
12.027124    7.5619630e-18 
12.034135    7.5587665e-18 
12.041147    7.5555700e-18 
12.048158    7.5523734e-18 
12.055170    7.5491769e-18 
12.062181    7.5459804e-18 
12.069193    7.5427839e-18 
12.076204    7.5395874e-18 
12.083216    7.5363909e-18 
12.090227    7.5331944e-18 
12.097239    7.5299979e-18 
12.104250    7.5268013e-18 
12.111262    7.5236048e-18 
12.118273    7.5204083e-18 
12.125285    7.5172118e-18 
12.132296    7.5140153e-18 
12.139308    7.5108188e-18 
12.146319    7.5076223e-18 
12.153331    7.5044257e-18 
12.160342    7.5012292e-18 
12.167354    7.4980327e-18 
12.174365    7.4948362e-18 
12.181377    7.4916397e-18 
12.188388    7.4884432e-18 
12.195400    7.4852467e-18 
12.202412    7.4820502e-18 
12.209423    7.4788536e-18 
12.216435    7.4756571e-18 
12.223446    7.4724606e-18 
12.230457    7.4692641e-18 
12.237469    7.4660676e-18 
12.244480    7.4628711e-18 
12.251492    7.4596746e-18 
12.258503    7.4564780e-18 
12.265515    7.4532815e-18 
12.272526    7.4500850e-18 
12.279538    7.4468885e-18 
12.286549    7.4436920e-18 
12.293561    7.4404955e-18 
12.300572    7.4372990e-18 
12.307584    7.4341025e-18 
12.314595    7.4309059e-18 
12.321607    7.4281464e-18 
12.328618    7.4264040e-18 
12.335630    7.4246616e-18 
12.342641    7.4229192e-18 
12.349653    7.4211767e-18 
12.356664    7.4194343e-18 
12.363676    7.4176919e-18 
12.370687    7.4159495e-18 
12.377699    7.4142071e-18 
12.384710    7.4124647e-18 
12.391722    7.4107223e-18 
12.398733    7.4089799e-18 
12.405745    7.4072374e-18 
12.412756    7.4054950e-18 
12.419768    7.4037526e-18 
12.426780    7.4020102e-18 
12.433791    7.4002678e-18 
12.440803    7.3985254e-18 
12.447814    7.3967830e-18 
12.454826    7.3950406e-18 
12.461837    7.3932981e-18 
12.468849    7.3915557e-18 
12.475860    7.3898133e-18 
12.482871    7.3880709e-18 
12.489883    7.3863285e-18 
12.496894    7.3845861e-18 
12.503906    7.3828437e-18 
12.510917    7.3811013e-18 
12.517929    7.3793588e-18 
12.524940    7.3776164e-18 
12.531952    7.3758740e-18 
12.538963    7.3741316e-18 
12.545975    7.3723892e-18 
12.552986    7.3706468e-18 
12.559998    7.3689044e-18 
12.567009    7.3671620e-18 
12.574021    7.3654195e-18 
12.581032    7.3636771e-18 
12.588044    7.3619347e-18 
12.595055    7.3601923e-18 
12.602067    7.3584499e-18 
12.609078    7.3567075e-18 
12.616090    7.3549651e-18 
12.623101    7.3532227e-18 
12.630113    7.3514802e-18 
12.637124    7.3497378e-18 
12.644136    7.3479954e-18 
12.651148    7.3462530e-18 
12.658159    7.3445106e-18 
12.665171    7.3427682e-18 
12.672182    7.3410258e-18 
12.679194    7.3392834e-18 
12.686205    7.3375409e-18 
12.693217    7.3357985e-18 
12.700228    7.3340561e-18 
12.707240    7.3323137e-18 
12.714251    7.3305713e-18 
12.721262    7.3288289e-18 
12.728274    7.3270865e-18 
12.735285    7.3253441e-18 
12.742297    7.3236016e-18 
12.749308    7.3218592e-18 
12.756320    7.3201168e-18 
12.763331    7.3183744e-18 
12.770343    7.3166320e-18 
12.777354    7.3148896e-18 
12.784366    7.3131472e-18 
12.791377    7.3114047e-18 
12.798389    7.3096623e-18 
12.805400    7.3079199e-18 
12.812412    7.3061775e-18 
12.819423    7.3044351e-18 
12.826435    7.3026927e-18 
12.833446    7.3009503e-18 
12.840458    7.2992079e-18 
12.847469    7.2974654e-18 
12.854481    7.2957230e-18 
12.861493    7.2939806e-18 
12.868504    7.2922382e-18 
12.875516    7.2904958e-18 
12.882527    7.2887534e-18 
12.889539    7.2870110e-18 
12.896550    7.2852686e-18 
12.903562    7.2835261e-18 
12.910573    7.2817837e-18 
12.917585    7.2800413e-18 
12.924596    7.2782989e-18 
12.931608    7.2765565e-18 
12.938619    7.2748141e-18 
12.945631    7.2731572e-18 
12.952642    7.2715109e-18 
12.959653    7.2698647e-18 
12.966665    7.2682185e-18 
12.973676    7.2665723e-18 
12.980688    7.2649261e-18 
12.987699    7.2632799e-18 
12.994711    7.2616337e-18 
13.001722    7.2599875e-18 
13.008734    7.2583413e-18 
13.015745    7.2566950e-18 
13.022757    7.2550488e-18 
13.029768    7.2534026e-18 
13.036780    7.2517564e-18 
13.043791    7.2501102e-18 
13.050803    7.2484640e-18 
13.057814    7.2468178e-18 
13.064826    7.2451716e-18 
13.071837    7.2435254e-18 
13.078849    7.2418792e-18 
13.085861    7.2402329e-18 
13.092872    7.2385867e-18 
13.099884    7.2369405e-18 
13.106895    7.2352943e-18 
13.113907    7.2336481e-18 
13.120918    7.2320019e-18 
13.127930    7.2303557e-18 
13.134941    7.2287095e-18 
13.141953    7.2270633e-18 
13.148964    7.2254170e-18 
13.155976    7.2237708e-18 
13.162987    7.2221246e-18 
13.169999    7.2204784e-18 
13.177010    7.2188322e-18 
13.184022    7.2171860e-18 
13.191033    7.2155398e-18 
13.198044    7.2138936e-18 
13.205056    7.2122474e-18 
13.212067    7.2106011e-18 
13.219079    7.2089549e-18 
13.226090    7.2073087e-18 
13.233102    7.2056625e-18 
13.240113    7.2040163e-18 
13.247125    7.2023701e-18 
13.254136    7.2007239e-18 
13.261148    7.1990777e-18 
13.268159    7.1974315e-18 
13.275171    7.1957853e-18 
13.282182    7.1941390e-18 
13.289194    7.1924928e-18 
13.296205    7.1908466e-18 
13.303217    7.1892004e-18 
13.310229    7.1875542e-18 
13.317240    7.1859080e-18 
13.324252    7.1842618e-18 
13.331263    7.1826156e-18 
13.338275    7.1809694e-18 
13.345286    7.1793231e-18 
13.352298    7.1776769e-18 
13.359309    7.1760307e-18 
13.366321    7.1743845e-18 
13.373332    7.1727383e-18 
13.380344    7.1710921e-18 
13.387355    7.1694459e-18 
13.394367    7.1677997e-18 
13.401378    7.1661535e-18 
13.408390    7.1645072e-18 
13.415401    7.1628610e-18 
13.422413    7.1612148e-18 
13.429424    7.1595686e-18 
13.436435    7.1579224e-18 
13.443447    7.1562762e-18 
13.450458    7.1546300e-18 
13.457470    7.1529838e-18 
13.464481    7.1513376e-18 
13.471493    7.1496913e-18 
13.478504    7.1480451e-18 
13.485516    7.1463989e-18 
13.492527    7.1447527e-18 
13.499539    7.1431065e-18 
13.506550    7.1414603e-18 
13.513562    7.1398141e-18 
13.520573    7.1381679e-18 
13.527585    7.1365217e-18 
13.534597    7.1348755e-18 
13.541608    7.1332292e-18 
13.548620    7.1315830e-18 
13.555631    7.1299368e-18 
13.562643    7.1282906e-18 
13.569654    7.1266444e-18 
13.576666    7.1249982e-18 
13.583677    7.1233520e-18 
13.590689    7.1217058e-18 
13.597700    7.1201710e-18 
13.604712    7.1188253e-18 
13.611723    7.1174796e-18 
13.618735    7.1161339e-18 
13.625746    7.1147881e-18 
13.632758    7.1134424e-18 
13.639769    7.1120967e-18 
13.646781    7.1107510e-18 
13.653792    7.1094053e-18 
13.660804    7.1080596e-18 
13.667815    7.1067139e-18 
13.674826    7.1053682e-18 
13.681838    7.1040225e-18 
13.688849    7.1026767e-18 
13.695861    7.1013310e-18 
13.702872    7.0999853e-18 
13.709884    7.0986396e-18 
13.716895    7.0972939e-18 
13.723907    7.0959482e-18 
13.730918    7.0946025e-18 
13.737930    7.0932568e-18 
13.744941    7.0919111e-18 
13.751953    7.0905654e-18 
13.758965    7.0892196e-18 
13.765976    7.0878739e-18 
13.772988    7.0865282e-18 
13.779999    7.0851825e-18 
13.787011    7.0838368e-18 
13.794022    7.0824911e-18 
13.801034    7.0811454e-18 
13.808045    7.0797997e-18 
13.815057    7.0784540e-18 
13.822068    7.0771082e-18 
13.829080    7.0757625e-18 
13.836091    7.0744168e-18 
13.843103    7.0730711e-18 
13.850114    7.0717254e-18 
13.857126    7.0703797e-18 
13.864137    7.0690340e-18 
13.871149    7.0676883e-18 
13.878160    7.0663426e-18 
13.885172    7.0649969e-18 
13.892183    7.0636511e-18 
13.899195    7.0623054e-18 
13.906206    7.0609597e-18 
13.913217    7.0596140e-18 
13.920229    7.0582683e-18 
13.927240    7.0569226e-18 
13.934252    7.0555769e-18 
13.941263    7.0542312e-18 
13.948275    7.0528855e-18 
13.955286    7.0515397e-18 
13.962298    7.0501940e-18 
13.969309    7.0488483e-18 
13.976321    7.0475026e-18 
13.983332    7.0461569e-18 
13.990344    7.0448112e-18 
13.997355    7.0434655e-18 
14.004367    7.0421198e-18 
14.011378    7.0407741e-18 
14.018390    7.0394284e-18 
14.025401    7.0380826e-18 
14.032413    7.0367369e-18 
14.039424    7.0353912e-18 
14.046436    7.0340455e-18 
14.053447    7.0326998e-18 
14.060459    7.0313541e-18 
14.067470    7.0300084e-18 
14.074482    7.0286627e-18 
14.081493    7.0273170e-18 
14.088505    7.0259712e-18 
14.095516    7.0246255e-18 
14.102528    7.0232798e-18 
14.109539    7.0219341e-18 
14.116551    7.0205884e-18 
14.123562    7.0192427e-18 
14.130574    7.0178970e-18 
14.137585    7.0165513e-18 
14.144597    7.0152056e-18 
14.151608    7.0138599e-18 
14.158620    7.0125141e-18 
14.165631    7.0111684e-18 
14.172643    7.0098227e-18 
14.179654    7.0084770e-18 
14.186666    7.0071313e-18 
14.193677    7.0057856e-18 
14.200689    7.0044399e-18 
14.207700    7.0030942e-18 
14.214712    7.0017485e-18 
14.221723    7.0004027e-18 
14.228735    6.9990570e-18 
14.235746    6.9977113e-18 
14.242758    6.9963656e-18 
14.249769    6.9950199e-18 
14.256781    6.9936742e-18 
14.263792    6.9923285e-18 
14.270804    6.9909828e-18 
14.277815    6.9896371e-18 
14.284827    6.9882914e-18 
14.291838    6.9869456e-18 
14.298850    6.9855999e-18 
14.305861    6.9842542e-18 
14.312873    6.9829085e-18 
14.319884    6.9815628e-18 
14.326896    6.9806755e-18 
14.333907    6.9800446e-18 
14.340919    6.9794138e-18 
14.347930    6.9787829e-18 
14.354942    6.9781520e-18 
14.361953    6.9775212e-18 
14.368965    6.9768903e-18 
14.375976    6.9762594e-18 
14.382988    6.9756286e-18 
14.389999    6.9749977e-18 
14.397011    6.9743669e-18 
14.404022    6.9737360e-18 
14.411034    6.9731051e-18 
14.418045    6.9724743e-18 
14.425057    6.9718434e-18 
14.432068    6.9712126e-18 
14.439080    6.9705817e-18 
14.446091    6.9699508e-18 
14.453103    6.9693200e-18 
14.460114    6.9686891e-18 
14.467126    6.9680583e-18 
14.474137    6.9674274e-18 
14.481149    6.9667965e-18 
14.488160    6.9661657e-18 
14.495172    6.9655348e-18 
14.502183    6.9649040e-18 
14.509195    6.9642731e-18 
14.516206    6.9636422e-18 
14.523218    6.9630114e-18 
14.530229    6.9623805e-18 
14.537241    6.9617497e-18 
14.544252    6.9611188e-18 
14.551264    6.9604879e-18 
14.558275    6.9598571e-18 
14.565287    6.9592262e-18 
14.572298    6.9585954e-18 
14.579310    6.9579645e-18 
14.586321    6.9573336e-18 
14.593333    6.9567028e-18 
14.600344    6.9560719e-18 
14.607356    6.9554411e-18 
14.614367    6.9548102e-18 
14.621379    6.9541793e-18 
14.628390    6.9535485e-18 
14.635402    6.9529176e-18 
14.642413    6.9522868e-18 
14.649425    6.9516559e-18 
14.656436    6.9510250e-18 
14.663448    6.9503942e-18 
14.670459    6.9497633e-18 
14.677471    6.9491325e-18 
14.684482    6.9485016e-18 
14.691494    6.9478707e-18 
14.698505    6.9472399e-18 
14.705517    6.9466090e-18 
14.712528    6.9459781e-18 
14.719540    6.9453473e-18 
14.726551    6.9447164e-18 
14.733563    6.9440856e-18 
14.740574    6.9434547e-18 
14.747586    6.9428238e-18 
14.754597    6.9421930e-18 
14.761609    6.9415621e-18 
14.768620    6.9409313e-18 
14.775632    6.9403004e-18 
14.782643    6.9396695e-18 
14.789655    6.9390387e-18 
14.796666    6.9384078e-18 
14.803678    6.9377770e-18 
14.810689    6.9371461e-18 
14.817701    6.9365152e-18 
14.824712    6.9358844e-18 
14.831724    6.9352535e-18 
14.838735    6.9346227e-18 
14.845747    6.9339918e-18 
14.852758    6.9333609e-18 
14.859770    6.9327301e-18 
14.866782    6.9320992e-18 
14.873793    6.9314684e-18 
14.880804    6.9308375e-18 
14.887816    6.9302066e-18 
14.894827    6.9295758e-18 
14.901839    6.9289449e-18 
14.908850    6.9283141e-18 
14.915862    6.9276832e-18 
14.922873    6.9270523e-18 
14.929885    6.9264215e-18 
14.936896    6.9257906e-18 
14.943908    6.9251598e-18 
14.950919    6.9245289e-18 
14.957931    6.9238980e-18 
14.964942    6.9232672e-18 
14.971954    6.9226363e-18 
14.978965    6.9220055e-18 
14.985977    6.9213746e-18 
14.992988    6.9207437e-18 
15.000000    6.9201129e-18 
