0.570000    0.0000000e+00 
0.579715    0.0000000e+00 
0.589430    0.0000000e+00 
0.599145    0.0000000e+00 
0.608860    0.0000000e+00 
0.618575    0.0000000e+00 
0.628290    0.0000000e+00 
0.638005    0.0000000e+00 
0.647720    0.0000000e+00 
0.657435    0.0000000e+00 
0.667150    0.0000000e+00 
0.676865    0.0000000e+00 
0.686580    2.4346000e-19 
0.696295    2.5354250e-19 
0.706010    7.3815000e-20 
0.715725    0.0000000e+00 
0.725440    0.0000000e+00 
0.735155    0.0000000e+00 
0.744870    0.0000000e+00 
0.754585    0.0000000e+00 
0.764300    0.0000000e+00 
0.774015    0.0000000e+00 
0.783730    0.0000000e+00 
0.793445    7.4067500e-19 
0.803160    1.8103000e-18 
0.812875    7.6593750e-19 
0.822590    0.0000000e+00 
0.832305    0.0000000e+00 
0.842020    0.0000000e+00 
0.851735    0.0000000e+00 
0.861450    0.0000000e+00 
0.871165    0.0000000e+00 
0.880880    0.0000000e+00 
0.890595    0.0000000e+00 
0.900310    2.7900000e-19 
0.910025    8.9887500e-18 
0.919740    4.6170000e-18 
0.929455    2.4525000e-19 
0.939170    0.0000000e+00 
0.948885    0.0000000e+00 
0.958600    0.0000000e+00 
0.968315    0.0000000e+00 
0.978030    0.0000000e+00 
0.987745    0.0000000e+00 
0.997460    0.0000000e+00 
1.007175    0.0000000e+00 
1.016890    0.0000000e+00 
1.026605    7.9260000e-18 
1.036320    8.2080000e-18 
1.046035    2.3790000e-18 
1.055750    0.0000000e+00 
1.065465    0.0000000e+00 
1.075180    0.0000000e+00 
1.084895    0.0000000e+00 
1.094610    0.0000000e+00 
1.104325    0.0000000e+00 
1.114040    0.0000000e+00 
1.123755    0.0000000e+00 
1.133470    3.9905000e-18 
1.143185    9.6686250e-18 
1.152900    4.0825000e-18 
1.162615    0.0000000e+00 
1.172330    0.0000000e+00 
1.182045    0.0000000e+00 
1.191760    0.0000000e+00 
1.201475    0.0000000e+00 
1.211190    0.0000000e+00 
1.220905    0.0000000e+00 
1.230620    5.8900000e-19 
1.240335    9.3408750e-18 
1.250050    4.7262500e-18 
1.259765    1.1162500e-19 
1.269480    0.0000000e+00 
1.279195    0.0000000e+00 
1.288910    0.0000000e+00 
1.298625    0.0000000e+00 
1.308340    0.0000000e+00 
1.318055    0.0000000e+00 
1.327770    0.0000000e+00 
1.337485    0.0000000e+00 
1.347200    3.9600000e-18 
1.356915    3.5983750e-18 
1.366630    9.2675000e-19 
1.376345    0.0000000e+00 
1.386060    0.0000000e+00 
1.395775    0.0000000e+00 
1.405490    0.0000000e+00 
1.415205    0.0000000e+00 
1.424920    0.0000000e+00 
1.434635    0.0000000e+00 
1.444350    1.3050000e-18 
1.454065    2.3902500e-18 
1.463780    9.3300000e-19 
1.473495    0.0000000e+00 
1.483210    0.0000000e+00 
1.492925    0.0000000e+00 
1.502640    0.0000000e+00 
1.512355    0.0000000e+00 
1.522070    0.0000000e+00 
1.531785    0.0000000e+00 
1.541500    2.4750000e-19 
1.551215    1.5497625e-18 
1.560930    7.4827500e-19 
1.570645    0.0000000e+00 
1.580360    0.0000000e+00 
1.590075    0.0000000e+00 
1.599790    0.0000000e+00 
1.609505    0.0000000e+00 
1.619220    0.0000000e+00 
1.628935    0.0000000e+00 
1.638650    3.4600000e-19 
1.648365    7.3460000e-19 
1.658080    4.7680000e-19 
1.667795    8.8200000e-20 
1.677510    0.0000000e+00 
1.687225    0.0000000e+00 
1.696940    0.0000000e+00 
1.706655    0.0000000e+00 
1.716370    0.0000000e+00 
1.726085    0.0000000e+00 
1.735800    0.0000000e+00 
1.745515    0.0000000e+00 
1.755230    0.0000000e+00 
1.764945    0.0000000e+00 
1.774660    0.0000000e+00 
1.784375    0.0000000e+00 
1.794090    0.0000000e+00 
1.803805    0.0000000e+00 
1.813520    0.0000000e+00 
1.823235    0.0000000e+00 
1.832950    0.0000000e+00 
1.842665    0.0000000e+00 
1.852380    0.0000000e+00 
1.862095    0.0000000e+00 
1.871810    0.0000000e+00 
1.881525    0.0000000e+00 
1.891240    0.0000000e+00 
1.900955    0.0000000e+00 
1.910670    0.0000000e+00 
1.920385    0.0000000e+00 
1.930100    0.0000000e+00 
1.939815    0.0000000e+00 
1.949530    0.0000000e+00 
1.959245    0.0000000e+00 
1.968960    0.0000000e+00 
1.978675    0.0000000e+00 
1.988390    0.0000000e+00 
1.998105    0.0000000e+00 
2.007820    0.0000000e+00 
2.017535    0.0000000e+00 
2.027250    0.0000000e+00 
2.036965    0.0000000e+00 
2.046680    0.0000000e+00 
2.056395    0.0000000e+00 
2.066110    0.0000000e+00 
2.075825    0.0000000e+00 
2.085540    0.0000000e+00 
2.095255    0.0000000e+00 
2.104970    0.0000000e+00 
2.114685    0.0000000e+00 
2.124400    0.0000000e+00 
2.134115    0.0000000e+00 
2.143830    0.0000000e+00 
2.153545    0.0000000e+00 
2.163260    0.0000000e+00 
2.172975    0.0000000e+00 
2.182690    0.0000000e+00 
2.192405    0.0000000e+00 
2.202120    0.0000000e+00 
2.211835    0.0000000e+00 
2.221550    0.0000000e+00 
2.231265    0.0000000e+00 
2.240980    0.0000000e+00 
2.250695    0.0000000e+00 
2.260410    0.0000000e+00 
2.270125    0.0000000e+00 
2.279840    0.0000000e+00 
2.289555    0.0000000e+00 
2.299270    0.0000000e+00 
2.308985    0.0000000e+00 
2.318700    0.0000000e+00 
2.328415    0.0000000e+00 
2.338130    0.0000000e+00 
2.347845    0.0000000e+00 
2.357560    0.0000000e+00 
2.367275    0.0000000e+00 
2.376990    0.0000000e+00 
2.386705    0.0000000e+00 
2.396420    0.0000000e+00 
2.406135    0.0000000e+00 
2.415850    0.0000000e+00 
2.425565    0.0000000e+00 
2.435280    0.0000000e+00 
2.444995    0.0000000e+00 
2.454710    0.0000000e+00 
2.464425    0.0000000e+00 
2.474140    0.0000000e+00 
2.483855    0.0000000e+00 
2.493570    0.0000000e+00 
2.503285    0.0000000e+00 
2.513000    0.0000000e+00 
2.522715    0.0000000e+00 
2.532430    0.0000000e+00 
2.542145    0.0000000e+00 
2.551860    0.0000000e+00 
2.561575    0.0000000e+00 
2.571290    0.0000000e+00 
2.581005    0.0000000e+00 
2.590720    0.0000000e+00 
2.600435    0.0000000e+00 
2.610150    0.0000000e+00 
2.619865    0.0000000e+00 
2.629580    0.0000000e+00 
2.639295    0.0000000e+00 
2.649010    0.0000000e+00 
2.658725    0.0000000e+00 
2.668440    0.0000000e+00 
2.678155    0.0000000e+00 
2.687870    0.0000000e+00 
2.697585    0.0000000e+00 
2.707300    0.0000000e+00 
2.717015    0.0000000e+00 
2.726730    0.0000000e+00 
2.736445    0.0000000e+00 
2.746160    0.0000000e+00 
2.755875    0.0000000e+00 
2.765590    0.0000000e+00 
2.775305    0.0000000e+00 
2.785020    0.0000000e+00 
2.794735    0.0000000e+00 
2.804450    0.0000000e+00 
2.814165    0.0000000e+00 
2.823880    0.0000000e+00 
2.833595    0.0000000e+00 
2.843310    0.0000000e+00 
2.853025    0.0000000e+00 
2.862740    0.0000000e+00 
2.872455    0.0000000e+00 
2.882170    0.0000000e+00 
2.891885    0.0000000e+00 
2.901600    0.0000000e+00 
2.911315    0.0000000e+00 
2.921030    0.0000000e+00 
2.930745    0.0000000e+00 
2.940460    0.0000000e+00 
2.950175    0.0000000e+00 
2.959890    0.0000000e+00 
2.969605    0.0000000e+00 
2.979320    0.0000000e+00 
2.989035    0.0000000e+00 
2.998750    0.0000000e+00 
3.008465    0.0000000e+00 
3.018180    0.0000000e+00 
3.027895    0.0000000e+00 
3.037610    0.0000000e+00 
3.047325    0.0000000e+00 
3.057040    0.0000000e+00 
3.066755    0.0000000e+00 
3.076470    0.0000000e+00 
3.086185    0.0000000e+00 
3.095900    0.0000000e+00 
3.105615    0.0000000e+00 
3.115330    0.0000000e+00 
3.125045    0.0000000e+00 
3.134760    0.0000000e+00 
3.144475    0.0000000e+00 
3.154190    0.0000000e+00 
3.163905    0.0000000e+00 
3.173620    0.0000000e+00 
3.183335    0.0000000e+00 
3.193050    0.0000000e+00 
3.202765    0.0000000e+00 
3.212480    0.0000000e+00 
3.222195    0.0000000e+00 
3.231910    0.0000000e+00 
3.241625    0.0000000e+00 
3.251340    0.0000000e+00 
3.261055    0.0000000e+00 
3.270770    0.0000000e+00 
3.280485    0.0000000e+00 
3.290200    0.0000000e+00 
3.299915    0.0000000e+00 
3.309630    0.0000000e+00 
3.319345    0.0000000e+00 
3.329060    0.0000000e+00 
3.338775    0.0000000e+00 
3.348490    0.0000000e+00 
3.358205    0.0000000e+00 
3.367920    0.0000000e+00 
3.377635    0.0000000e+00 
3.387350    0.0000000e+00 
3.397065    0.0000000e+00 
3.406780    0.0000000e+00 
3.416495    0.0000000e+00 
3.426210    0.0000000e+00 
3.435925    0.0000000e+00 
3.445640    0.0000000e+00 
3.455355    0.0000000e+00 
3.465070    0.0000000e+00 
3.474785    0.0000000e+00 
3.484500    0.0000000e+00 
3.494215    0.0000000e+00 
3.503930    0.0000000e+00 
3.513645    0.0000000e+00 
3.523360    0.0000000e+00 
3.533075    0.0000000e+00 
3.542790    0.0000000e+00 
3.552505    0.0000000e+00 
3.562220    0.0000000e+00 
3.571935    0.0000000e+00 
3.581650    0.0000000e+00 
3.591365    0.0000000e+00 
3.601080    0.0000000e+00 
3.610795    0.0000000e+00 
3.620510    0.0000000e+00 
3.630225    0.0000000e+00 
3.639940    0.0000000e+00 
3.649655    0.0000000e+00 
3.659370    0.0000000e+00 
3.669085    0.0000000e+00 
3.678800    0.0000000e+00 
3.688515    0.0000000e+00 
3.698230    0.0000000e+00 
3.707945    0.0000000e+00 
3.717660    0.0000000e+00 
3.727375    0.0000000e+00 
3.737090    0.0000000e+00 
3.746805    0.0000000e+00 
3.756520    0.0000000e+00 
3.766235    0.0000000e+00 
3.775950    0.0000000e+00 
3.785665    0.0000000e+00 
3.795380    0.0000000e+00 
3.805095    0.0000000e+00 
3.814810    0.0000000e+00 
3.824525    0.0000000e+00 
3.834240    0.0000000e+00 
3.843955    0.0000000e+00 
3.853670    0.0000000e+00 
3.863385    0.0000000e+00 
3.873100    0.0000000e+00 
3.882815    0.0000000e+00 
3.892530    0.0000000e+00 
3.902245    0.0000000e+00 
3.911960    0.0000000e+00 
3.921675    0.0000000e+00 
3.931390    0.0000000e+00 
3.941105    0.0000000e+00 
3.950820    0.0000000e+00 
3.960535    0.0000000e+00 
3.970250    0.0000000e+00 
3.979965    0.0000000e+00 
3.989680    0.0000000e+00 
3.999395    0.0000000e+00 
4.009110    0.0000000e+00 
4.018825    0.0000000e+00 
4.028540    0.0000000e+00 
4.038255    0.0000000e+00 
4.047970    0.0000000e+00 
4.057685    0.0000000e+00 
4.067400    0.0000000e+00 
4.077115    0.0000000e+00 
4.086830    0.0000000e+00 
4.096545    0.0000000e+00 
4.106260    0.0000000e+00 
4.115975    0.0000000e+00 
4.125690    0.0000000e+00 
4.135405    0.0000000e+00 
4.145120    0.0000000e+00 
4.154835    0.0000000e+00 
4.164550    0.0000000e+00 
4.174265    0.0000000e+00 
4.183980    0.0000000e+00 
4.193695    0.0000000e+00 
4.203410    0.0000000e+00 
4.213125    0.0000000e+00 
4.222840    0.0000000e+00 
4.232555    0.0000000e+00 
4.242270    0.0000000e+00 
4.251985    0.0000000e+00 
4.261700    0.0000000e+00 
4.271415    0.0000000e+00 
4.281130    0.0000000e+00 
4.290845    0.0000000e+00 
4.300560    0.0000000e+00 
4.310275    0.0000000e+00 
4.319990    0.0000000e+00 
4.329705    0.0000000e+00 
4.339420    0.0000000e+00 
4.349135    0.0000000e+00 
4.358850    0.0000000e+00 
4.368565    0.0000000e+00 
4.378280    0.0000000e+00 
4.387995    0.0000000e+00 
4.397710    0.0000000e+00 
4.407425    0.0000000e+00 
4.417140    0.0000000e+00 
4.426855    0.0000000e+00 
4.436570    0.0000000e+00 
4.446285    0.0000000e+00 
4.456000    0.0000000e+00 
4.465715    0.0000000e+00 
4.475430    0.0000000e+00 
4.485145    0.0000000e+00 
4.494860    0.0000000e+00 
4.504575    0.0000000e+00 
4.514290    0.0000000e+00 
4.524005    0.0000000e+00 
4.533720    0.0000000e+00 
4.543435    0.0000000e+00 
4.553150    0.0000000e+00 
4.562865    0.0000000e+00 
4.572580    0.0000000e+00 
4.582295    0.0000000e+00 
4.592010    0.0000000e+00 
4.601725    0.0000000e+00 
4.611440    0.0000000e+00 
4.621155    0.0000000e+00 
4.630870    0.0000000e+00 
4.640585    0.0000000e+00 
4.650300    0.0000000e+00 
4.660015    0.0000000e+00 
4.669730    0.0000000e+00 
4.679445    0.0000000e+00 
4.689160    0.0000000e+00 
4.698875    0.0000000e+00 
4.708590    0.0000000e+00 
4.718305    0.0000000e+00 
4.728020    0.0000000e+00 
4.737735    0.0000000e+00 
4.747450    0.0000000e+00 
4.757165    0.0000000e+00 
4.766880    0.0000000e+00 
4.776595    0.0000000e+00 
4.786310    0.0000000e+00 
4.796025    0.0000000e+00 
4.805740    0.0000000e+00 
4.815455    0.0000000e+00 
4.825170    0.0000000e+00 
4.834885    0.0000000e+00 
4.844600    0.0000000e+00 
4.854315    0.0000000e+00 
4.864030    0.0000000e+00 
4.873745    0.0000000e+00 
4.883460    0.0000000e+00 
4.893175    0.0000000e+00 
4.902890    0.0000000e+00 
4.912605    0.0000000e+00 
4.922320    0.0000000e+00 
4.932035    0.0000000e+00 
4.941750    0.0000000e+00 
4.951465    0.0000000e+00 
4.961180    0.0000000e+00 
4.970895    0.0000000e+00 
4.980610    0.0000000e+00 
4.990325    0.0000000e+00 
5.000040    5.0000000e-23 
5.009755    1.2193750e-20 
5.019470    2.4337500e-20 
5.029185    3.6481250e-20 
5.038900    4.8625000e-20 
5.048615    6.0768750e-20 
5.058330    7.2912500e-20 
5.068045    8.5056250e-20 
5.077760    9.7200000e-20 
5.087475    1.0934375e-19 
5.097190    1.2148750e-19 
5.106905    1.3363125e-19 
5.116620    1.4577500e-19 
5.126335    1.5791875e-19 
5.136050    1.7006250e-19 
5.145765    1.8220625e-19 
5.155480    1.9435000e-19 
5.165195    2.0649375e-19 
5.174910    2.1863750e-19 
5.184625    2.3078125e-19 
5.194340    2.4292500e-19 
5.204055    2.5506875e-19 
5.213770    2.6721250e-19 
5.223485    2.7935625e-19 
5.233200    2.9150000e-19 
5.242915    3.0364375e-19 
5.252630    3.1578750e-19 
5.262345    3.2793125e-19 
5.272060    3.4007500e-19 
5.281775    3.5221875e-19 
5.291490    3.6436250e-19 
5.301205    3.7650625e-19 
5.310920    3.8865000e-19 
5.320635    4.0079375e-19 
5.330350    4.1293750e-19 
5.340065    4.2508125e-19 
5.349780    4.3722500e-19 
5.359495    4.4936875e-19 
5.369210    4.6151250e-19 
5.378925    4.7365625e-19 
5.388640    4.8580000e-19 
5.398355    4.9794375e-19 
5.408070    5.1008750e-19 
5.417785    5.2223125e-19 
5.427500    5.3437500e-19 
5.437215    5.4651875e-19 
5.446930    5.5866250e-19 
5.456645    5.7080625e-19 
5.466360    5.8295000e-19 
5.476075    5.9509375e-19 
5.485790    6.0723750e-19 
5.495505    6.1938125e-19 
5.505220    6.3152500e-19 
5.514935    6.4366875e-19 
5.524650    6.5581250e-19 
5.534365    6.6795625e-19 
5.544080    6.8010000e-19 
5.553795    6.9224375e-19 
5.563510    7.0438750e-19 
5.573225    7.1653125e-19 
5.582940    7.2867500e-19 
5.592655    7.4081875e-19 
5.602370    7.5296250e-19 
5.612085    7.6510625e-19 
5.621800    7.7725000e-19 
5.631515    7.8939375e-19 
5.641230    8.0153750e-19 
5.650945    8.1368125e-19 
5.660660    8.2582500e-19 
5.670375    8.3796875e-19 
5.680090    8.5011250e-19 
5.689805    8.6225625e-19 
5.699520    8.7440000e-19 
5.709235    8.8654375e-19 
5.718950    8.9868750e-19 
5.728665    9.1083125e-19 
5.738380    9.2297500e-19 
5.748095    9.3511875e-19 
5.757810    9.4726250e-19 
5.767525    9.5940625e-19 
5.777240    9.7155000e-19 
5.786955    9.8369375e-19 
5.796670    9.9583750e-19 
5.806385    1.0079812e-18 
5.816100    1.0201250e-18 
5.825815    1.0322687e-18 
5.835530    1.0444125e-18 
5.845245    1.0565562e-18 
5.854960    1.0687000e-18 
5.864675    1.0808437e-18 
5.874390    1.0929875e-18 
5.884105    1.1051312e-18 
5.893820    1.1172750e-18 
5.903535    1.1294187e-18 
5.913250    1.1415625e-18 
5.922965    1.1537062e-18 
5.932680    1.1658500e-18 
5.942395    1.1779937e-18 
5.952110    1.1901375e-18 
5.961825    1.2022812e-18 
5.971540    1.2144250e-18 
5.981255    1.2265687e-18 
5.990970    1.2387125e-18 
6.000685    1.2516303e-18 
6.010400    1.2747520e-18 
6.020115    1.2978737e-18 
6.029830    1.3209954e-18 
6.039545    1.3441171e-18 
6.049260    1.3672388e-18 
6.058975    1.3903605e-18 
6.068690    1.4134822e-18 
6.078405    1.4366039e-18 
6.088120    1.4597256e-18 
6.097835    1.4828473e-18 
6.107550    1.5059690e-18 
6.117265    1.5290907e-18 
6.126980    1.5522124e-18 
6.136695    1.5753341e-18 
6.146410    1.5984558e-18 
6.156125    1.6215775e-18 
6.165840    1.6446992e-18 
6.175555    1.6678209e-18 
6.185270    1.6909426e-18 
6.194985    1.7140643e-18 
6.204700    1.7371860e-18 
6.214415    1.7603077e-18 
6.224130    1.7834294e-18 
6.233845    1.8065511e-18 
6.243560    1.8296728e-18 
6.253275    1.8527945e-18 
6.262990    1.8759162e-18 
6.272705    1.8990379e-18 
6.282420    1.9221596e-18 
6.292135    1.9452813e-18 
6.301850    1.9684030e-18 
6.311565    1.9915247e-18 
6.321280    2.0146464e-18 
6.330995    2.0377681e-18 
6.340710    2.0608898e-18 
6.350425    2.0840115e-18 
6.360140    2.1071332e-18 
6.369855    2.1302549e-18 
6.379570    2.1533766e-18 
6.389285    2.1764983e-18 
6.399000    2.1996200e-18 
6.408715    2.2227417e-18 
6.418430    2.2458634e-18 
6.428145    2.2689851e-18 
6.437860    2.2921068e-18 
6.447575    2.3152285e-18 
6.457290    2.3383502e-18 
6.467005    2.3614719e-18 
6.476720    2.3845936e-18 
6.486435    2.4077153e-18 
6.496150    2.4308370e-18 
6.505865    2.4539587e-18 
6.515580    2.4770804e-18 
6.525295    2.5002021e-18 
6.535010    2.5233238e-18 
6.544725    2.5464455e-18 
6.554440    2.5695672e-18 
6.564155    2.5926889e-18 
6.573870    2.6158106e-18 
6.583585    2.6389323e-18 
6.593300    2.6620540e-18 
6.603015    2.6851757e-18 
6.612730    2.7082974e-18 
6.622445    2.7314191e-18 
6.632160    2.7545408e-18 
6.641875    2.7776625e-18 
6.651590    2.8007842e-18 
6.661305    2.8239059e-18 
6.671020    2.8470276e-18 
6.680735    2.8701493e-18 
6.690450    2.8932710e-18 
6.700165    2.9163927e-18 
6.709880    2.9395144e-18 
6.719595    2.9626361e-18 
6.729310    2.9857578e-18 
6.739025    3.0088795e-18 
6.748740    3.0320012e-18 
6.758455    3.0551229e-18 
6.768170    3.0782446e-18 
6.777885    3.1013663e-18 
6.787600    3.1244880e-18 
6.797315    3.1476097e-18 
6.807030    3.1707314e-18 
6.816745    3.1938531e-18 
6.826460    3.2169748e-18 
6.836175    3.2400965e-18 
6.845890    3.2632182e-18 
6.855605    3.2863399e-18 
6.865320    3.3094616e-18 
6.875035    3.3325833e-18 
6.884750    3.3557050e-18 
6.894465    3.3788267e-18 
6.904180    3.4019484e-18 
6.913895    3.4250701e-18 
6.923610    3.4481918e-18 
6.933325    3.4713135e-18 
6.943040    3.4944352e-18 
6.952755    3.5175569e-18 
6.962470    3.5406786e-18 
6.972185    3.5638003e-18 
6.981900    3.5869220e-18 
6.991615    3.6100437e-18 
7.001330    3.6329925e-18 
7.011045    3.6548512e-18 
7.020760    3.6767100e-18 
7.030475    3.6985687e-18 
7.040190    3.7204275e-18 
7.049905    3.7422862e-18 
7.059620    3.7641450e-18 
7.069335    3.7860037e-18 
7.079050    3.8078625e-18 
7.088765    3.8297212e-18 
7.098480    3.8515800e-18 
7.108195    3.8734387e-18 
7.117910    3.8952975e-18 
7.127625    3.9171562e-18 
7.137340    3.9390150e-18 
7.147055    3.9608737e-18 
7.156770    3.9827325e-18 
7.166485    4.0045913e-18 
7.176200    4.0264500e-18 
7.185915    4.0483087e-18 
7.195630    4.0701675e-18 
7.205345    4.0920262e-18 
7.215060    4.1138850e-18 
7.224775    4.1357437e-18 
7.234490    4.1576025e-18 
7.244205    4.1794613e-18 
7.253920    4.2013200e-18 
7.263635    4.2231787e-18 
7.273350    4.2450375e-18 
7.283065    4.2668962e-18 
7.292780    4.2887550e-18 
7.302495    4.3106137e-18 
7.312210    4.3324725e-18 
7.321925    4.3543312e-18 
7.331640    4.3761900e-18 
7.341355    4.3980487e-18 
7.351070    4.4199075e-18 
7.360785    4.4417662e-18 
7.370500    4.4636250e-18 
7.380215    4.4854837e-18 
7.389930    4.5073425e-18 
7.399645    4.5292012e-18 
7.409360    4.5510600e-18 
7.419075    4.5729187e-18 
7.428790    4.5947775e-18 
7.438505    4.6166362e-18 
7.448220    4.6384950e-18 
7.457935    4.6603537e-18 
7.467650    4.6822125e-18 
7.477365    4.7040712e-18 
7.487080    4.7259300e-18 
7.496795    4.7477887e-18 
7.506510    4.7696475e-18 
7.516225    4.7915062e-18 
7.525940    4.8133650e-18 
7.535655    4.8352237e-18 
7.545370    4.8570825e-18 
7.555085    4.8789412e-18 
7.564800    4.9008000e-18 
7.574515    4.9226587e-18 
7.584230    4.9445175e-18 
7.593945    4.9663762e-18 
7.603660    4.9882350e-18 
7.613375    5.0100937e-18 
7.623090    5.0319525e-18 
7.632805    5.0538112e-18 
7.642520    5.0756700e-18 
7.652235    5.0975287e-18 
7.661950    5.1193875e-18 
7.671665    5.1412462e-18 
7.681380    5.1631050e-18 
7.691095    5.1849638e-18 
7.700810    5.2068225e-18 
7.710525    5.2286812e-18 
7.720240    5.2505400e-18 
7.729955    5.2723987e-18 
7.739670    5.2942575e-18 
7.749385    5.3161162e-18 
7.759100    5.3379750e-18 
7.768815    5.3598337e-18 
7.778530    5.3816925e-18 
7.788245    5.4035512e-18 
7.797960    5.4254100e-18 
7.807675    5.4472687e-18 
7.817390    5.4691275e-18 
7.827105    5.4909862e-18 
7.836820    5.5128450e-18 
7.846535    5.5347037e-18 
7.856250    5.5565625e-18 
7.865965    5.5784212e-18 
7.875680    5.6002800e-18 
7.885395    5.6221387e-18 
7.895110    5.6439975e-18 
7.904825    5.6658562e-18 
7.914540    5.6877150e-18 
7.924255    5.7095737e-18 
7.933970    5.7314325e-18 
7.943685    5.7532913e-18 
7.953400    5.7751500e-18 
7.963115    5.7970088e-18 
7.972830    5.8188675e-18 
7.982545    5.8407262e-18 
7.992260    5.8625850e-18 
8.001975    5.8831995e-18 
8.011690    5.8989378e-18 
8.021405    5.9146761e-18 
8.031120    5.9304144e-18 
8.040835    5.9461527e-18 
8.050550    5.9618910e-18 
8.060265    5.9776293e-18 
8.069980    5.9933676e-18 
8.079695    6.0091059e-18 
8.089410    6.0248442e-18 
8.099125    6.0405825e-18 
8.108840    6.0563208e-18 
8.118555    6.0720591e-18 
8.128270    6.0877974e-18 
8.137985    6.1035357e-18 
8.147700    6.1192740e-18 
8.157415    6.1350123e-18 
8.167130    6.1507506e-18 
8.176845    6.1664889e-18 
8.186560    6.1822272e-18 
8.196275    6.1979655e-18 
8.205990    6.2137038e-18 
8.215705    6.2294421e-18 
8.225420    6.2451804e-18 
8.235135    6.2609187e-18 
8.244850    6.2766570e-18 
8.254565    6.2923953e-18 
8.264280    6.3081336e-18 
8.273995    6.3238719e-18 
8.283710    6.3396102e-18 
8.293425    6.3553485e-18 
8.303140    6.3710868e-18 
8.312855    6.3868251e-18 
8.322570    6.4025634e-18 
8.332285    6.4183017e-18 
8.342000    6.4340400e-18 
8.351715    6.4497783e-18 
8.361430    6.4655166e-18 
8.371145    6.4812549e-18 
8.380860    6.4969932e-18 
8.390575    6.5127315e-18 
8.400290    6.5284698e-18 
8.410005    6.5442081e-18 
8.419720    6.5599464e-18 
8.429435    6.5756847e-18 
8.439150    6.5914230e-18 
8.448865    6.6071613e-18 
8.458580    6.6228996e-18 
8.468295    6.6386379e-18 
8.478010    6.6543762e-18 
8.487725    6.6701145e-18 
8.497440    6.6858528e-18 
8.507155    6.7015911e-18 
8.516870    6.7173294e-18 
8.526585    6.7330677e-18 
8.536300    6.7488060e-18 
8.546015    6.7645443e-18 
8.555730    6.7802826e-18 
8.565445    6.7960209e-18 
8.575160    6.8117592e-18 
8.584875    6.8274975e-18 
8.594590    6.8432358e-18 
8.604305    6.8589741e-18 
8.614020    6.8747124e-18 
8.623735    6.8904507e-18 
8.633450    6.9061890e-18 
8.643165    6.9219273e-18 
8.652880    6.9376656e-18 
8.662595    6.9534039e-18 
8.672310    6.9691422e-18 
8.682025    6.9848805e-18 
8.691740    7.0006188e-18 
8.701455    7.0163571e-18 
8.711170    7.0320954e-18 
8.720885    7.0478337e-18 
8.730600    7.0635720e-18 
8.740315    7.0793103e-18 
8.750030    7.0950486e-18 
8.759745    7.1107869e-18 
8.769460    7.1265252e-18 
8.779175    7.1422635e-18 
8.788890    7.1580018e-18 
8.798605    7.1737401e-18 
8.808320    7.1894784e-18 
8.818035    7.2052167e-18 
8.827750    7.2209550e-18 
8.837465    7.2366933e-18 
8.847180    7.2524316e-18 
8.856895    7.2681699e-18 
8.866610    7.2839082e-18 
8.876325    7.2996465e-18 
8.886040    7.3153848e-18 
8.895755    7.3311231e-18 
8.905470    7.3468614e-18 
8.915185    7.3625997e-18 
8.924900    7.3783380e-18 
8.934615    7.3940763e-18 
8.944330    7.4098146e-18 
8.954045    7.4255529e-18 
8.963760    7.4412912e-18 
8.973475    7.4570295e-18 
8.983190    7.4727678e-18 
8.992905    7.4885061e-18 
9.002620    7.4980350e-18 
9.012335    7.4907487e-18 
9.022050    7.4834625e-18 
9.031765    7.4761762e-18 
9.041480    7.4688900e-18 
9.051195    7.4616037e-18 
9.060910    7.4543175e-18 
9.070625    7.4470313e-18 
9.080340    7.4397450e-18 
9.090055    7.4324587e-18 
9.099770    7.4251725e-18 
9.109485    7.4178863e-18 
9.119200    7.4106000e-18 
9.128915    7.4033138e-18 
9.138630    7.3960275e-18 
9.148345    7.3887413e-18 
9.158060    7.3814550e-18 
9.167775    7.3741687e-18 
9.177490    7.3668825e-18 
9.187205    7.3595963e-18 
9.196920    7.3523100e-18 
9.206635    7.3450238e-18 
9.216350    7.3377375e-18 
9.226065    7.3304513e-18 
9.235780    7.3231650e-18 
9.245495    7.3158788e-18 
9.255210    7.3085925e-18 
9.264925    7.3013063e-18 
9.274640    7.2940200e-18 
9.284355    7.2867338e-18 
9.294070    7.2794475e-18 
9.303785    7.2721612e-18 
9.313500    7.2648750e-18 
9.323215    7.2575887e-18 
9.332930    7.2503025e-18 
9.342645    7.2430163e-18 
9.352360    7.2357300e-18 
9.362075    7.2284438e-18 
9.371790    7.2211575e-18 
9.381505    7.2138713e-18 
9.391220    7.2065850e-18 
9.400935    7.1992988e-18 
9.410650    7.1920125e-18 
9.420365    7.1847262e-18 
9.430080    7.1774400e-18 
9.439795    7.1701538e-18 
9.449510    7.1628675e-18 
9.459225    7.1555813e-18 
9.468940    7.1482950e-18 
9.478655    7.1410087e-18 
9.488370    7.1337225e-18 
9.498085    7.1264363e-18 
9.507800    7.1191500e-18 
9.517515    7.1118638e-18 
9.527230    7.1045775e-18 
9.536945    7.0972913e-18 
9.546660    7.0900050e-18 
9.556375    7.0827188e-18 
9.566090    7.0754325e-18 
9.575805    7.0681463e-18 
9.585520    7.0608600e-18 
9.595235    7.0535738e-18 
9.604950    7.0462875e-18 
9.614665    7.0390013e-18 
9.624380    7.0317150e-18 
9.634095    7.0244288e-18 
9.643810    7.0171425e-18 
9.653525    7.0098563e-18 
9.663240    7.0025700e-18 
9.672955    6.9952837e-18 
9.682670    6.9879975e-18 
9.692385    6.9807113e-18 
9.702100    6.9734250e-18 
9.711815    6.9661388e-18 
9.721530    6.9588525e-18 
9.731245    6.9515663e-18 
9.740960    6.9442800e-18 
9.750675    6.9369938e-18 
9.760390    6.9297075e-18 
9.770105    6.9224213e-18 
9.779820    6.9151350e-18 
9.789535    6.9078488e-18 
9.799250    6.9005625e-18 
9.808965    6.8932763e-18 
9.818680    6.8859900e-18 
9.828395    6.8787037e-18 
9.838110    6.8714175e-18 
9.847825    6.8641313e-18 
9.857540    6.8568450e-18 
9.867255    6.8495587e-18 
9.876970    6.8422725e-18 
9.886685    6.8349862e-18 
9.896400    6.8277000e-18 
9.906115    6.8204138e-18 
9.915830    6.8131275e-18 
9.925545    6.8058413e-18 
9.935260    6.7985550e-18 
9.944975    6.7912688e-18 
9.954690    6.7839825e-18 
9.964405    6.7766963e-18 
9.974120    6.7694100e-18 
9.983835    6.7621238e-18 
9.993550    6.7548375e-18 
10.003265    6.7463432e-18 
10.012980    6.7354624e-18 
10.022695    6.7245816e-18 
10.032410    6.7137008e-18 
10.042125    6.7028200e-18 
10.051840    6.6919392e-18 
10.061555    6.6810584e-18 
10.071270    6.6701776e-18 
10.080985    6.6592968e-18 
10.090700    6.6484160e-18 
10.100415    6.6375352e-18 
10.110130    6.6266544e-18 
10.119845    6.6157736e-18 
10.129560    6.6048928e-18 
10.139275    6.5940120e-18 
10.148990    6.5831312e-18 
10.158705    6.5722504e-18 
10.168420    6.5613696e-18 
10.178135    6.5504888e-18 
10.187850    6.5396080e-18 
10.197565    6.5287272e-18 
10.207280    6.5178464e-18 
10.216995    6.5069656e-18 
10.226710    6.4960848e-18 
10.236425    6.4852040e-18 
10.246140    6.4743232e-18 
10.255855    6.4634424e-18 
10.265570    6.4525616e-18 
10.275285    6.4416808e-18 
10.285000    6.4308000e-18 
10.294715    6.4199192e-18 
10.304430    6.4090384e-18 
10.314145    6.3981576e-18 
10.323860    6.3872768e-18 
10.333575    6.3763960e-18 
10.343290    6.3655152e-18 
10.353005    6.3546344e-18 
10.362720    6.3437536e-18 
10.372435    6.3328728e-18 
10.382150    6.3219920e-18 
10.391865    6.3111112e-18 
10.401580    6.3002304e-18 
10.411295    6.2893496e-18 
10.421010    6.2784688e-18 
10.430725    6.2675880e-18 
10.440440    6.2567072e-18 
10.450155    6.2458264e-18 
10.459870    6.2349456e-18 
10.469585    6.2240648e-18 
10.479300    6.2131840e-18 
10.489015    6.2023032e-18 
10.498730    6.1914224e-18 
10.508445    6.1805416e-18 
10.518160    6.1696608e-18 
10.527875    6.1587800e-18 
10.537590    6.1478992e-18 
10.547305    6.1370184e-18 
10.557020    6.1261376e-18 
10.566735    6.1152568e-18 
10.576450    6.1043760e-18 
10.586165    6.0934952e-18 
10.595880    6.0826144e-18 
10.605595    6.0717336e-18 
10.615310    6.0608528e-18 
10.625025    6.0499720e-18 
10.634740    6.0390912e-18 
10.644455    6.0282104e-18 
10.654170    6.0173296e-18 
10.663885    6.0064488e-18 
10.673600    5.9955680e-18 
10.683315    5.9846872e-18 
10.693030    5.9738064e-18 
10.702745    5.9629256e-18 
10.712460    5.9520448e-18 
10.722175    5.9411640e-18 
10.731890    5.9302832e-18 
10.741605    5.9194024e-18 
10.751320    5.9085216e-18 
10.761035    5.8976408e-18 
10.770750    5.8867600e-18 
10.780465    5.8758792e-18 
10.790180    5.8649984e-18 
10.799895    5.8541176e-18 
10.809610    5.8432368e-18 
10.819325    5.8323560e-18 
10.829040    5.8214752e-18 
10.838755    5.8105944e-18 
10.848470    5.7997136e-18 
10.858185    5.7888328e-18 
10.867900    5.7779520e-18 
10.877615    5.7670712e-18 
10.887330    5.7561904e-18 
10.897045    5.7453096e-18 
10.906760    5.7344288e-18 
10.916475    5.7235480e-18 
10.926190    5.7126672e-18 
10.935905    5.7017864e-18 
10.945620    5.6909056e-18 
10.955335    5.6800248e-18 
10.965050    5.6691440e-18 
10.974765    5.6582632e-18 
10.984480    5.6473824e-18 
10.994195    5.6365016e-18 
11.003910    5.6265592e-18 
11.013625    5.6180100e-18 
11.023340    5.6094608e-18 
11.033055    5.6009116e-18 
11.042770    5.5923624e-18 
11.052485    5.5838132e-18 
11.062200    5.5752640e-18 
11.071915    5.5667148e-18 
11.081630    5.5581656e-18 
11.091345    5.5496164e-18 
11.101060    5.5410672e-18 
11.110775    5.5325180e-18 
11.120490    5.5239688e-18 
11.130205    5.5154196e-18 
11.139920    5.5068704e-18 
11.149635    5.4983212e-18 
11.159350    5.4897720e-18 
11.169065    5.4812228e-18 
11.178780    5.4726736e-18 
11.188495    5.4641244e-18 
11.198210    5.4555752e-18 
11.207925    5.4470260e-18 
11.217640    5.4384768e-18 
11.227355    5.4299276e-18 
11.237070    5.4213784e-18 
11.246785    5.4128292e-18 
11.256500    5.4042800e-18 
11.266215    5.3957308e-18 
11.275930    5.3871816e-18 
11.285645    5.3786324e-18 
11.295360    5.3700832e-18 
11.305075    5.3615340e-18 
11.314790    5.3529848e-18 
11.324505    5.3444356e-18 
11.334220    5.3358864e-18 
11.343935    5.3273372e-18 
11.353650    5.3187880e-18 
11.363365    5.3102388e-18 
11.373080    5.3016896e-18 
11.382795    5.2931404e-18 
11.392510    5.2845912e-18 
11.402225    5.2760420e-18 
11.411940    5.2674928e-18 
11.421655    5.2589436e-18 
11.431370    5.2503944e-18 
11.441085    5.2418452e-18 
11.450800    5.2332960e-18 
11.460515    5.2247468e-18 
11.470230    5.2161976e-18 
11.479945    5.2076484e-18 
11.489660    5.1990992e-18 
11.499375    5.1905500e-18 
11.509090    5.1820008e-18 
11.518805    5.1734516e-18 
11.528520    5.1649024e-18 
11.538235    5.1563532e-18 
11.547950    5.1478040e-18 
11.557665    5.1392548e-18 
11.567380    5.1307056e-18 
11.577095    5.1221564e-18 
11.586810    5.1136072e-18 
11.596525    5.1050580e-18 
11.606240    5.0965088e-18 
11.615955    5.0879596e-18 
11.625670    5.0794104e-18 
11.635385    5.0708612e-18 
11.645100    5.0623120e-18 
11.654815    5.0537628e-18 
11.664530    5.0452136e-18 
11.674245    5.0366644e-18 
11.683960    5.0281152e-18 
11.693675    5.0195660e-18 
11.703390    5.0110168e-18 
11.713105    5.0024676e-18 
11.722820    4.9939184e-18 
11.732535    4.9853692e-18 
11.742250    4.9768200e-18 
11.751965    4.9682708e-18 
11.761680    4.9597216e-18 
11.771395    4.9511724e-18 
11.781110    4.9426232e-18 
11.790825    4.9340740e-18 
11.800540    4.9255248e-18 
11.810255    4.9169756e-18 
11.819970    4.9084264e-18 
11.829685    4.8998772e-18 
11.839400    4.8913280e-18 
11.849115    4.8827788e-18 
11.858830    4.8742296e-18 
11.868545    4.8656804e-18 
11.878260    4.8571312e-18 
11.887975    4.8485820e-18 
11.897690    4.8400328e-18 
11.907405    4.8314836e-18 
11.917120    4.8229344e-18 
11.926835    4.8143852e-18 
11.936550    4.8058360e-18 
11.946265    4.7972868e-18 
11.955980    4.7887376e-18 
11.965695    4.7801884e-18 
11.975410    4.7716392e-18 
11.985125    4.7630900e-18 
11.994840    4.7545408e-18 
12.004555    4.7420288e-18 
12.014270    4.7250275e-18 
12.023985    4.7080263e-18 
12.033700    4.6910250e-18 
12.043415    4.6740238e-18 
12.053130    4.6570225e-18 
12.062845    4.6400213e-18 
12.072560    4.6230200e-18 
12.082275    4.6060188e-18 
12.091990    4.5890175e-18 
12.101705    4.5720163e-18 
12.111420    4.5550150e-18 
12.121135    4.5380138e-18 
12.130850    4.5210125e-18 
12.140565    4.5040113e-18 
12.150280    4.4870100e-18 
12.159995    4.4700088e-18 
12.169710    4.4530075e-18 
12.179425    4.4360063e-18 
12.189140    4.4190050e-18 
12.198855    4.4020038e-18 
12.208570    4.3850025e-18 
12.218285    4.3680013e-18 
12.228000    4.3510000e-18 
12.237715    4.3339988e-18 
12.247430    4.3169975e-18 
12.257145    4.2999963e-18 
12.266860    4.2829950e-18 
12.276575    4.2659937e-18 
12.286290    4.2489925e-18 
12.296005    4.2319913e-18 
12.305720    4.2149900e-18 
12.315435    4.1979888e-18 
12.325150    4.1809875e-18 
12.334865    4.1639863e-18 
12.344580    4.1469850e-18 
12.354295    4.1299838e-18 
12.364010    4.1129825e-18 
12.373725    4.0959813e-18 
12.383440    4.0789800e-18 
12.393155    4.0619788e-18 
12.402870    4.0449775e-18 
12.412585    4.0279763e-18 
12.422300    4.0109750e-18 
12.432015    3.9939738e-18 
12.441730    3.9769725e-18 
12.451445    3.9599713e-18 
12.461160    3.9429700e-18 
12.470875    3.9259688e-18 
12.480590    3.9089675e-18 
12.490305    3.8919663e-18 
12.500020    3.8749650e-18 
12.509735    3.8579638e-18 
12.519450    3.8409625e-18 
12.529165    3.8239613e-18 
12.538880    3.8069600e-18 
12.548595    3.7899588e-18 
12.558310    3.7729575e-18 
12.568025    3.7559563e-18 
12.577740    3.7389550e-18 
12.587455    3.7219538e-18 
12.597170    3.7049525e-18 
12.606885    3.6879513e-18 
12.616600    3.6709500e-18 
12.626315    3.6539488e-18 
12.636030    3.6369475e-18 
12.645745    3.6199462e-18 
12.655460    3.6029450e-18 
12.665175    3.5859438e-18 
12.674890    3.5689425e-18 
12.684605    3.5519413e-18 
12.694320    3.5349400e-18 
12.704035    3.5179388e-18 
12.713750    3.5009375e-18 
12.723465    3.4839363e-18 
12.733180    3.4669350e-18 
12.742895    3.4499338e-18 
12.752610    3.4329325e-18 
12.762325    3.4159313e-18 
12.772040    3.3989300e-18 
12.781755    3.3819288e-18 
12.791470    3.3649275e-18 
12.801185    3.3479263e-18 
12.810900    3.3309250e-18 
12.820615    3.3139238e-18 
12.830330    3.2969225e-18 
12.840045    3.2799212e-18 
12.849760    3.2629200e-18 
12.859475    3.2459188e-18 
12.869190    3.2289175e-18 
12.878905    3.2119163e-18 
12.888620    3.1949150e-18 
12.898335    3.1779138e-18 
12.908050    3.1609125e-18 
12.917765    3.1439113e-18 
12.927480    3.1269100e-18 
12.937195    3.1099088e-18 
12.946910    3.0929075e-18 
12.956625    3.0759063e-18 
12.966340    3.0589050e-18 
12.976055    3.0419038e-18 
12.985770    3.0249025e-18 
12.995485    3.0079012e-18 
13.005200    2.9935000e-18 
13.014915    2.9813563e-18 
13.024630    2.9692125e-18 
13.034345    2.9570688e-18 
13.044060    2.9449250e-18 
13.053775    2.9327813e-18 
13.063490    2.9206375e-18 
13.073205    2.9084938e-18 
13.082920    2.8963500e-18 
13.092635    2.8842063e-18 
13.102350    2.8720625e-18 
13.112065    2.8599188e-18 
13.121780    2.8477750e-18 
13.131495    2.8356313e-18 
13.141210    2.8234875e-18 
13.150925    2.8113438e-18 
13.160640    2.7992000e-18 
13.170355    2.7870563e-18 
13.180070    2.7749125e-18 
13.189785    2.7627688e-18 
13.199500    2.7506250e-18 
13.209215    2.7384813e-18 
13.218930    2.7263375e-18 
13.228645    2.7141938e-18 
13.238360    2.7020500e-18 
13.248075    2.6899063e-18 
13.257790    2.6777625e-18 
13.267505    2.6656188e-18 
13.277220    2.6534750e-18 
13.286935    2.6413313e-18 
13.296650    2.6291875e-18 
13.306365    2.6170438e-18 
13.316080    2.6049000e-18 
13.325795    2.5927563e-18 
13.335510    2.5806125e-18 
13.345225    2.5684688e-18 
13.354940    2.5563250e-18 
13.364655    2.5441813e-18 
13.374370    2.5320375e-18 
13.384085    2.5198938e-18 
13.393800    2.5077500e-18 
13.403515    2.4956063e-18 
13.413230    2.4834625e-18 
13.422945    2.4713188e-18 
13.432660    2.4591750e-18 
13.442375    2.4470313e-18 
13.452090    2.4348875e-18 
13.461805    2.4227438e-18 
13.471520    2.4106000e-18 
13.481235    2.3984563e-18 
13.490950    2.3863125e-18 
13.500665    2.3741688e-18 
13.510380    2.3620250e-18 
13.520095    2.3498813e-18 
13.529810    2.3377375e-18 
13.539525    2.3255938e-18 
13.549240    2.3134500e-18 
13.558955    2.3013063e-18 
13.568670    2.2891625e-18 
13.578385    2.2770188e-18 
13.588100    2.2648750e-18 
13.597815    2.2527313e-18 
13.607530    2.2405875e-18 
13.617245    2.2284438e-18 
13.626960    2.2163000e-18 
13.636675    2.2041563e-18 
13.646390    2.1920125e-18 
13.656105    2.1798688e-18 
13.665820    2.1677250e-18 
13.675535    2.1555813e-18 
13.685250    2.1434375e-18 
13.694965    2.1312938e-18 
13.704680    2.1191500e-18 
13.714395    2.1070063e-18 
13.724110    2.0948625e-18 
13.733825    2.0827188e-18 
13.743540    2.0705750e-18 
13.753255    2.0584313e-18 
13.762970    2.0462875e-18 
13.772685    2.0341438e-18 
13.782400    2.0220000e-18 
13.792115    2.0098563e-18 
13.801830    1.9977125e-18 
13.811545    1.9855688e-18 
13.821260    1.9734250e-18 
13.830975    1.9612813e-18 
13.840690    1.9491375e-18 
13.850405    1.9369938e-18 
13.860120    1.9248500e-18 
13.869835    1.9127062e-18 
13.879550    1.9005625e-18 
13.889265    1.8884188e-18 
13.898980    1.8762750e-18 
13.908695    1.8641313e-18 
13.918410    1.8519875e-18 
13.928125    1.8398438e-18 
13.937840    1.8277000e-18 
13.947555    1.8155563e-18 
13.957270    1.8034125e-18 
13.966985    1.7912688e-18 
13.976700    1.7791250e-18 
13.986415    1.7669813e-18 
13.996130    1.7548375e-18 
14.005845    1.7449149e-18 
14.015560    1.7364628e-18 
14.025275    1.7280108e-18 
14.034990    1.7195587e-18 
14.044705    1.7111067e-18 
14.054420    1.7026546e-18 
14.064135    1.6942026e-18 
14.073850    1.6857505e-18 
14.083565    1.6772985e-18 
14.093280    1.6688464e-18 
14.102995    1.6603944e-18 
14.112710    1.6519423e-18 
14.122425    1.6434903e-18 
14.132140    1.6350382e-18 
14.141855    1.6265862e-18 
14.151570    1.6181341e-18 
14.161285    1.6096821e-18 
14.171000    1.6012300e-18 
14.180715    1.5927780e-18 
14.190430    1.5843259e-18 
14.200145    1.5758739e-18 
14.209860    1.5674218e-18 
14.219575    1.5589698e-18 
14.229290    1.5505177e-18 
14.239005    1.5420657e-18 
14.248720    1.5336136e-18 
14.258435    1.5251616e-18 
14.268150    1.5167095e-18 
14.277865    1.5082575e-18 
14.287580    1.4998054e-18 
14.297295    1.4913534e-18 
14.307010    1.4829013e-18 
14.316725    1.4744493e-18 
14.326440    1.4659972e-18 
14.336155    1.4575452e-18 
14.345870    1.4490931e-18 
14.355585    1.4406411e-18 
14.365300    1.4321890e-18 
14.375015    1.4237370e-18 
14.384730    1.4152849e-18 
14.394445    1.4068329e-18 
14.404160    1.3983808e-18 
14.413875    1.3899288e-18 
14.423590    1.3814767e-18 
14.433305    1.3730247e-18 
14.443020    1.3645726e-18 
14.452735    1.3561206e-18 
14.462450    1.3476685e-18 
14.472165    1.3392165e-18 
14.481880    1.3307644e-18 
14.491595    1.3223124e-18 
14.501310    1.3138603e-18 
14.511025    1.3054083e-18 
14.520740    1.2969562e-18 
14.530455    1.2885042e-18 
14.540170    1.2800521e-18 
14.549885    1.2716001e-18 
14.559600    1.2631480e-18 
14.569315    1.2546960e-18 
14.579030    1.2462439e-18 
14.588745    1.2377919e-18 
14.598460    1.2293398e-18 
14.608175    1.2208878e-18 
14.617890    1.2124357e-18 
14.627605    1.2039837e-18 
14.637320    1.1955316e-18 
14.647035    1.1870796e-18 
14.656750    1.1786275e-18 
14.666465    1.1701755e-18 
14.676180    1.1617234e-18 
14.685895    1.1532714e-18 
14.695610    1.1448193e-18 
14.705325    1.1363673e-18 
14.715040    1.1279152e-18 
14.724755    1.1194632e-18 
14.734470    1.1110111e-18 
14.744185    1.1025591e-18 
14.753900    1.0941070e-18 
14.763615    1.0856550e-18 
14.773330    1.0772029e-18 
14.783045    1.0687509e-18 
14.792760    1.0602988e-18 
14.802475    1.0518468e-18 
14.812190    1.0433947e-18 
14.821905    1.0349427e-18 
14.831620    1.0264906e-18 
14.841335    1.0180386e-18 
14.851050    1.0095865e-18 
14.860765    1.0011345e-18 
14.870480    9.9268240e-19 
14.880195    9.8423035e-19 
14.889910    9.7577830e-19 
14.899625    9.6732625e-19 
14.909340    9.5887420e-19 
14.919055    9.5042215e-19 
14.928770    9.4197010e-19 
14.938485    9.3351805e-19 
14.948200    9.2506600e-19 
14.957915    9.1661395e-19 
14.967630    9.0816190e-19 
14.977345    8.9970985e-19 
14.987060    8.9125780e-19 
14.996775    8.8280575e-19 
15.006490    8.7885776e-19 
15.016205    8.7714792e-19 
15.025920    8.7543808e-19 
15.035635    8.7372824e-19 
15.045350    8.7201840e-19 
15.055065    8.7030856e-19 
15.064780    8.6859872e-19 
15.074495    8.6688888e-19 
15.084210    8.6517904e-19 
15.093925    8.6346920e-19 
15.103640    8.6175936e-19 
15.113355    8.6004952e-19 
15.123070    8.5833968e-19 
15.132785    8.5662984e-19 
15.142500    8.5492000e-19 
15.152215    8.5321016e-19 
15.161930    8.5150032e-19 
15.171645    8.4979048e-19 
15.181360    8.4808064e-19 
15.191075    8.4637080e-19 
15.200790    8.4466096e-19 
15.210505    8.4295112e-19 
15.220220    8.4124128e-19 
15.229935    8.3953144e-19 
15.239650    8.3782160e-19 
15.249365    8.3611176e-19 
15.259080    8.3440192e-19 
15.268795    8.3269208e-19 
15.278510    8.3098224e-19 
15.288225    8.2927240e-19 
15.297940    8.2756256e-19 
15.307655    8.2585272e-19 
15.317370    8.2414288e-19 
15.327085    8.2243304e-19 
15.336800    8.2072320e-19 
15.346515    8.1901336e-19 
15.356230    8.1730352e-19 
15.365945    8.1559368e-19 
15.375660    8.1388384e-19 
15.385375    8.1217400e-19 
15.395090    8.1046416e-19 
15.404805    8.0875432e-19 
15.414520    8.0704448e-19 
15.424235    8.0533464e-19 
15.433950    8.0362480e-19 
15.443665    8.0191496e-19 
15.453380    8.0020512e-19 
15.463095    7.9849528e-19 
15.472810    7.9678544e-19 
15.482525    7.9507560e-19 
15.492240    7.9336576e-19 
15.501955    7.9165592e-19 
15.511670    7.8994608e-19 
15.521385    7.8823624e-19 
15.531100    7.8652640e-19 
15.540815    7.8481656e-19 
15.550530    7.8310672e-19 
15.560245    7.8139688e-19 
15.569960    7.7968704e-19 
15.579675    7.7797720e-19 
15.589390    7.7626736e-19 
15.599105    7.7455752e-19 
15.608820    7.7284768e-19 
15.618535    7.7113784e-19 
15.628250    7.6942800e-19 
15.637965    7.6771816e-19 
15.647680    7.6600832e-19 
15.657395    7.6429848e-19 
15.667110    7.6258864e-19 
15.676825    7.6087880e-19 
15.686540    7.5916896e-19 
15.696255    7.5745912e-19 
15.705970    7.5574928e-19 
15.715685    7.5403944e-19 
15.725400    7.5232960e-19 
15.735115    7.5061976e-19 
15.744830    7.4890992e-19 
15.754545    7.4720008e-19 
15.764260    7.4549024e-19 
15.773975    7.4378040e-19 
15.783690    7.4207056e-19 
15.793405    7.4036072e-19 
15.803120    7.3865088e-19 
15.812835    7.3694104e-19 
15.822550    7.3523120e-19 
15.832265    7.3352136e-19 
15.841980    7.3181152e-19 
15.851695    7.3010168e-19 
15.861410    7.2839184e-19 
15.871125    7.2668200e-19 
15.880840    7.2497216e-19 
15.890555    7.2326232e-19 
15.900270    7.2155248e-19 
15.909985    7.1984264e-19 
15.919700    7.1813280e-19 
15.929415    7.1642296e-19 
15.939130    7.1471312e-19 
15.948845    7.1300328e-19 
15.958560    7.1129344e-19 
15.968275    7.0958360e-19 
15.977990    7.0787376e-19 
15.987705    7.0616392e-19 
15.997420    7.0445408e-19 
16.007135    7.0274424e-19 
16.016850    7.0103440e-19 
16.026565    6.9932456e-19 
16.036280    6.9761472e-19 
16.045995    6.9590488e-19 
16.055710    6.9419504e-19 
16.065425    6.9248520e-19 
16.075140    6.9077536e-19 
16.084855    6.8906552e-19 
16.094570    6.8735568e-19 
16.104285    6.8564584e-19 
16.114000    6.8393600e-19 
16.123715    6.8222616e-19 
16.133430    6.8051632e-19 
16.143145    6.7880648e-19 
16.152860    6.7709664e-19 
16.162575    6.7538680e-19 
16.172290    6.7367696e-19 
16.182005    6.7196712e-19 
16.191720    6.7025728e-19 
16.201435    6.6854744e-19 
16.211150    6.6683760e-19 
16.220865    6.6512776e-19 
16.230580    6.6341792e-19 
16.240295    6.6170808e-19 
16.250010    6.5999824e-19 
16.259725    6.5828840e-19 
16.269440    6.5657856e-19 
16.279155    6.5486872e-19 
16.288870    6.5315888e-19 
16.298585    6.5144904e-19 
16.308300    6.4973920e-19 
16.318015    6.4802936e-19 
16.327730    6.4631952e-19 
16.337445    6.4460968e-19 
16.347160    6.4289984e-19 
16.356875    6.4119000e-19 
16.366590    6.3948016e-19 
16.376305    6.3777032e-19 
16.386020    6.3606048e-19 
16.395735    6.3435064e-19 
16.405450    6.3264080e-19 
16.415165    6.3093096e-19 
16.424880    6.2922112e-19 
16.434595    6.2751128e-19 
16.444310    6.2580144e-19 
16.454025    6.2409160e-19 
16.463740    6.2238176e-19 
16.473455    6.2067192e-19 
16.483170    6.1896208e-19 
16.492885    6.1725224e-19 
16.502600    6.1554240e-19 
16.512315    6.1383256e-19 
16.522030    6.1212272e-19 
16.531745    6.1041288e-19 
16.541460    6.0870304e-19 
16.551175    6.0699320e-19 
16.560890    6.0528336e-19 
16.570605    6.0357352e-19 
16.580320    6.0186368e-19 
16.590035    6.0015384e-19 
16.599750    5.9844400e-19 
16.609465    5.9673416e-19 
16.619180    5.9502432e-19 
16.628895    5.9331448e-19 
16.638610    5.9160464e-19 
16.648325    5.8989480e-19 
16.658040    5.8818496e-19 
16.667755    5.8647512e-19 
16.677470    5.8476528e-19 
16.687185    5.8305544e-19 
16.696900    5.8134560e-19 
16.706615    5.7963576e-19 
16.716330    5.7792592e-19 
16.726045    5.7621608e-19 
16.735760    5.7450624e-19 
16.745475    5.7279640e-19 
16.755190    5.7108656e-19 
16.764905    5.6937672e-19 
16.774620    5.6766688e-19 
16.784335    5.6595704e-19 
16.794050    5.6424720e-19 
16.803765    5.6253736e-19 
16.813480    5.6082752e-19 
16.823195    5.5911768e-19 
16.832910    5.5740784e-19 
16.842625    5.5569800e-19 
16.852340    5.5398816e-19 
16.862055    5.5227832e-19 
16.871770    5.5056848e-19 
16.881485    5.4885864e-19 
16.891200    5.4714880e-19 
16.900915    5.4543896e-19 
16.910630    5.4372912e-19 
16.920345    5.4201928e-19 
16.930060    5.4030944e-19 
16.939775    5.3859960e-19 
16.949490    5.3688976e-19 
16.959205    5.3517992e-19 
16.968920    5.3347008e-19 
16.978635    5.3176024e-19 
16.988350    5.3005040e-19 
16.998065    5.2834056e-19 
17.007780    5.2663072e-19 
17.017495    5.2492088e-19 
17.027210    5.2321104e-19 
17.036925    5.2150120e-19 
17.046640    5.1979136e-19 
17.056355    5.1808152e-19 
17.066070    5.1637168e-19 
17.075785    5.1466184e-19 
17.085500    5.1295200e-19 
17.095215    5.1124216e-19 
17.104930    5.0953232e-19 
17.114645    5.0782248e-19 
17.124360    5.0611264e-19 
17.134075    5.0440280e-19 
17.143790    5.0269296e-19 
17.153505    5.0098312e-19 
17.163220    4.9927328e-19 
17.172935    4.9756344e-19 
17.182650    4.9585360e-19 
17.192365    4.9414376e-19 
17.202080    4.9243392e-19 
17.211795    4.9072408e-19 
17.221510    4.8901424e-19 
17.231225    4.8730440e-19 
17.240940    4.8559456e-19 
17.250655    4.8388472e-19 
17.260370    4.8217488e-19 
17.270085    4.8046504e-19 
17.279800    4.7875520e-19 
17.289515    4.7704536e-19 
17.299230    4.7533552e-19 
17.308945    4.7362568e-19 
17.318660    4.7191584e-19 
17.328375    4.7020600e-19 
17.338090    4.6849616e-19 
17.347805    4.6678632e-19 
17.357520    4.6507648e-19 
17.367235    4.6336664e-19 
17.376950    4.6165680e-19 
17.386665    4.5994696e-19 
17.396380    4.5823712e-19 
17.406095    4.5652728e-19 
17.415810    4.5481744e-19 
17.425525    4.5310760e-19 
17.435240    4.5139776e-19 
17.444955    4.4968792e-19 
17.454670    4.4797808e-19 
17.464385    4.4626824e-19 
17.474100    4.4455840e-19 
17.483815    4.4284856e-19 
17.493530    4.4113872e-19 
17.503245    4.3942888e-19 
17.512960    4.3771904e-19 
17.522675    4.3600920e-19 
17.532390    4.3429936e-19 
17.542105    4.3258952e-19 
17.551820    4.3087968e-19 
17.561535    4.2916984e-19 
17.571250    4.2746000e-19 
17.580965    4.2575016e-19 
17.590680    4.2404032e-19 
17.600395    4.2233048e-19 
17.610110    4.2062064e-19 
17.619825    4.1891080e-19 
17.629540    4.1720096e-19 
17.639255    4.1549112e-19 
17.648970    4.1378128e-19 
17.658685    4.1207144e-19 
17.668400    4.1036160e-19 
17.678115    4.0865176e-19 
17.687830    4.0694192e-19 
17.697545    4.0523208e-19 
17.707260    4.0352224e-19 
17.716975    4.0181240e-19 
17.726690    4.0010256e-19 
17.736405    3.9839272e-19 
17.746120    3.9668288e-19 
17.755835    3.9497304e-19 
17.765550    3.9326320e-19 
17.775265    3.9155336e-19 
17.784980    3.8984352e-19 
17.794695    3.8813368e-19 
17.804410    3.8642384e-19 
17.814125    3.8471400e-19 
17.823840    3.8300416e-19 
17.833555    3.8129432e-19 
17.843270    3.7958448e-19 
17.852985    3.7787464e-19 
17.862700    3.7616480e-19 
17.872415    3.7445496e-19 
17.882130    3.7274512e-19 
17.891845    3.7103528e-19 
17.901560    3.6932544e-19 
17.911275    3.6761560e-19 
17.920990    3.6590576e-19 
17.930705    3.6419592e-19 
17.940420    3.6248608e-19 
17.950135    3.6077624e-19 
17.959850    3.5906640e-19 
17.969565    3.5735656e-19 
17.979280    3.5564672e-19 
17.988995    3.5393688e-19 
17.998710    3.5222704e-19 
18.008425    3.5051720e-19 
18.018140    3.4880736e-19 
18.027855    3.4709752e-19 
18.037570    3.4538768e-19 
18.047285    3.4367784e-19 
18.057000    3.4196800e-19 
18.066715    3.4025816e-19 
18.076430    3.3854832e-19 
18.086145    3.3683848e-19 
18.095860    3.3512864e-19 
18.105575    3.3341880e-19 
18.115290    3.3170896e-19 
18.125005    3.2999912e-19 
18.134720    3.2828928e-19 
18.144435    3.2657944e-19 
18.154150    3.2486960e-19 
18.163865    3.2315976e-19 
18.173580    3.2144992e-19 
18.183295    3.1974008e-19 
18.193010    3.1803024e-19 
18.202725    3.1632040e-19 
18.212440    3.1461056e-19 
18.222155    3.1290072e-19 
18.231870    3.1119088e-19 
18.241585    3.0948104e-19 
18.251300    3.0777120e-19 
18.261015    3.0606136e-19 
18.270730    3.0435152e-19 
18.280445    3.0264168e-19 
18.290160    3.0093184e-19 
18.299875    2.9922200e-19 
18.309590    2.9751216e-19 
18.319305    2.9580232e-19 
18.329020    2.9409248e-19 
18.338735    2.9238264e-19 
18.348450    2.9067280e-19 
18.358165    2.8896296e-19 
18.367880    2.8725312e-19 
18.377595    2.8554328e-19 
18.387310    2.8383344e-19 
18.397025    2.8212360e-19 
18.406740    2.8041376e-19 
18.416455    2.7870392e-19 
18.426170    2.7699408e-19 
18.435885    2.7528424e-19 
18.445600    2.7357440e-19 
18.455315    2.7186456e-19 
18.465030    2.7015472e-19 
18.474745    2.6844488e-19 
18.484460    2.6673504e-19 
18.494175    2.6502520e-19 
18.503890    2.6331536e-19 
18.513605    2.6160552e-19 
18.523320    2.5989568e-19 
18.533035    2.5818584e-19 
18.542750    2.5647600e-19 
18.552465    2.5476616e-19 
18.562180    2.5305632e-19 
18.571895    2.5134648e-19 
18.581610    2.4963664e-19 
18.591325    2.4792680e-19 
18.601040    2.4621696e-19 
18.610755    2.4450712e-19 
18.620470    2.4279728e-19 
18.630185    2.4108744e-19 
18.639900    2.3937760e-19 
18.649615    2.3766776e-19 
18.659330    2.3595792e-19 
18.669045    2.3424808e-19 
18.678760    2.3253824e-19 
18.688475    2.3082840e-19 
18.698190    2.2911856e-19 
18.707905    2.2740872e-19 
18.717620    2.2569888e-19 
18.727335    2.2398904e-19 
18.737050    2.2227920e-19 
18.746765    2.2056936e-19 
18.756480    2.1885952e-19 
18.766195    2.1714968e-19 
18.775910    2.1543984e-19 
18.785625    2.1373000e-19 
18.795340    2.1202016e-19 
18.805055    2.1031032e-19 
18.814770    2.0860048e-19 
18.824485    2.0689064e-19 
18.834200    2.0518080e-19 
18.843915    2.0347096e-19 
18.853630    2.0176112e-19 
18.863345    2.0005128e-19 
18.873060    1.9834144e-19 
18.882775    1.9663160e-19 
18.892490    1.9492176e-19 
18.902205    1.9321192e-19 
18.911920    1.9150208e-19 
18.921635    1.8979224e-19 
18.931350    1.8808240e-19 
18.941065    1.8637256e-19 
18.950780    1.8466272e-19 
18.960495    1.8295288e-19 
18.970210    1.8124304e-19 
18.979925    1.7953320e-19 
18.989640    1.7782336e-19 
18.999355    1.7611352e-19 
19.009070    1.7440368e-19 
19.018785    1.7269384e-19 
19.028500    1.7098400e-19 
19.038215    1.6927416e-19 
19.047930    1.6756432e-19 
19.057645    1.6585448e-19 
19.067360    1.6414464e-19 
19.077075    1.6243480e-19 
19.086790    1.6072496e-19 
19.096505    1.5901512e-19 
19.106220    1.5730528e-19 
19.115935    1.5559544e-19 
19.125650    1.5388560e-19 
19.135365    1.5217576e-19 
19.145080    1.5046592e-19 
19.154795    1.4875608e-19 
19.164510    1.4704624e-19 
19.174225    1.4533640e-19 
19.183940    1.4362656e-19 
19.193655    1.4191672e-19 
19.203370    1.4020688e-19 
19.213085    1.3849704e-19 
19.222800    1.3678720e-19 
19.232515    1.3507736e-19 
19.242230    1.3336752e-19 
19.251945    1.3165768e-19 
19.261660    1.2994784e-19 
19.271375    1.2823800e-19 
19.281090    1.2652816e-19 
19.290805    1.2481832e-19 
19.300520    1.2310848e-19 
19.310235    1.2139864e-19 
19.319950    1.1968880e-19 
19.329665    1.1797896e-19 
19.339380    1.1626912e-19 
19.349095    1.1455928e-19 
19.358810    1.1284944e-19 
19.368525    1.1113960e-19 
19.378240    1.0942976e-19 
19.387955    1.0771992e-19 
19.397670    1.0601008e-19 
19.407385    1.0430024e-19 
19.417100    1.0259040e-19 
19.426815    1.0088056e-19 
19.436530    9.9170720e-20 
19.446245    9.7460880e-20 
19.455960    9.5751040e-20 
19.465675    9.4041200e-20 
19.475390    9.2331360e-20 
19.485105    9.0621520e-20 
19.494820    8.8911680e-20 
19.504535    8.7201840e-20 
19.514250    8.5492000e-20 
19.523965    8.3782160e-20 
19.533680    8.2072320e-20 
19.543395    8.0362480e-20 
19.553110    7.8652640e-20 
19.562825    7.6942800e-20 
19.572540    7.5232960e-20 
19.582255    7.3523120e-20 
19.591970    7.1813280e-20 
19.601685    7.0103440e-20 
19.611400    6.8393600e-20 
19.621115    6.6683760e-20 
19.630830    6.4973920e-20 
19.640545    6.3264080e-20 
19.650260    6.1554240e-20 
19.659975    5.9844400e-20 
19.669690    5.8134560e-20 
19.679405    5.6424720e-20 
19.689120    5.4714880e-20 
19.698835    5.3005040e-20 
19.708550    5.1295200e-20 
19.718265    4.9585360e-20 
19.727980    4.7875520e-20 
19.737695    4.6165680e-20 
19.747410    4.4455840e-20 
19.757125    4.2746000e-20 
19.766840    4.1036160e-20 
19.776555    3.9326320e-20 
19.786270    3.7616480e-20 
19.795985    3.5906640e-20 
19.805700    3.4196800e-20 
19.815415    3.2486960e-20 
19.825130    3.0777120e-20 
19.834845    2.9067280e-20 
19.844560    2.7357440e-20 
19.854275    2.5647600e-20 
19.863990    2.3937760e-20 
19.873705    2.2227920e-20 
19.883420    2.0518080e-20 
19.893135    1.8808240e-20 
19.902850    1.7098400e-20 
19.912565    1.5388560e-20 
19.922280    1.3678720e-20 
19.931995    1.1968880e-20 
19.941710    1.0259040e-20 
19.951425    8.5492000e-21 
19.961140    6.8393600e-21 
19.970855    5.1295200e-21 
19.980570    3.4196800e-21 
19.990285    1.7098400e-21 
20.000000    0.0000000e+00 
