0.750000    0.0000000e+00 
0.757125    0.0000000e+00 
0.764250    0.0000000e+00 
0.771375    0.0000000e+00 
0.778500    0.0000000e+00 
0.785625    0.0000000e+00 
0.792750    4.1250000e-20 
0.799875    1.4812500e-19 
0.807000    9.7500000e-20 
0.814125    4.4062500e-20 
0.821250    0.0000000e+00 
0.828375    0.0000000e+00 
0.835500    0.0000000e+00 
0.842625    0.0000000e+00 
0.849750    0.0000000e+00 
0.856875    0.0000000e+00 
0.864000    0.0000000e+00 
0.871125    0.0000000e+00 
0.878250    0.0000000e+00 
0.885375    0.0000000e+00 
0.892500    0.0000000e+00 
0.899625    0.0000000e+00 
0.906750    3.7125000e-19 
0.913875    4.4343750e-19 
0.921000    2.4750000e-19 
0.928125    5.1562500e-20 
0.935250    0.0000000e+00 
0.942375    0.0000000e+00 
0.949500    0.0000000e+00 
0.956625    0.0000000e+00 
0.963750    0.0000000e+00 
0.970875    0.0000000e+00 
0.978000    0.0000000e+00 
0.985125    0.0000000e+00 
0.992250    0.0000000e+00 
0.999375    0.0000000e+00 
1.006500    0.0000000e+00 
1.013625    0.0000000e+00 
1.020750    2.2500000e-21 
1.027875    2.3625000e-20 
1.035000    2.2500000e-20 
1.042125    1.1812500e-20 
1.049250    1.1250000e-21 
1.056375    0.0000000e+00 
1.063500    0.0000000e+00 
1.070625    0.0000000e+00 
1.077750    0.0000000e+00 
1.084875    0.0000000e+00 
1.092000    0.0000000e+00 
1.099125    0.0000000e+00 
1.106250    0.0000000e+00 
1.113375    0.0000000e+00 
1.120500    0.0000000e+00 
1.127625    0.0000000e+00 
1.134750    7.8375000e-19 
1.141875    1.4953125e-18 
1.149000    9.0750000e-19 
1.156125    3.1968750e-19 
1.163250    0.0000000e+00 
1.170375    0.0000000e+00 
1.177500    0.0000000e+00 
1.184625    0.0000000e+00 
1.191750    0.0000000e+00 
1.198875    0.0000000e+00 
1.206000    0.0000000e+00 
1.213125    0.0000000e+00 
1.220250    0.0000000e+00 
1.227375    0.0000000e+00 
1.234500    1.4175000e-18 
1.241625    2.8940625e-18 
1.248750    1.7718750e-18 
1.255875    6.4968750e-19 
1.263000    0.0000000e+00 
1.270125    0.0000000e+00 
1.277250    0.0000000e+00 
1.284375    0.0000000e+00 
1.291500    0.0000000e+00 
1.298625    0.0000000e+00 
1.305750    0.0000000e+00 
1.312875    0.0000000e+00 
1.320000    0.0000000e+00 
1.327125    0.0000000e+00 
1.334250    0.0000000e+00 
1.341375    4.6062500e-19 
1.348500    2.8475000e-18 
1.355625    2.4078125e-18 
1.362750    1.2143750e-18 
1.369875    2.0937500e-20 
1.377000    0.0000000e+00 
1.384125    0.0000000e+00 
1.391250    0.0000000e+00 
1.398375    0.0000000e+00 
1.405500    0.0000000e+00 
1.412625    0.0000000e+00 
1.419750    0.0000000e+00 
1.426875    0.0000000e+00 
1.434000    0.0000000e+00 
1.441125    3.2062500e-19 
1.448250    2.3512500e-18 
1.455375    2.0840625e-18 
1.462500    1.0687500e-18 
1.469625    5.3437500e-20 
1.476750    0.0000000e+00 
1.483875    0.0000000e+00 
1.491000    0.0000000e+00 
1.498125    0.0000000e+00 
1.505250    0.0000000e+00 
1.512375    0.0000000e+00 
1.519500    0.0000000e+00 
1.526625    0.0000000e+00 
1.533750    0.0000000e+00 
1.540875    1.8812500e-19 
1.548000    1.7200000e-18 
1.555125    1.5990625e-18 
1.562250    8.3312500e-19 
1.569375    6.7187500e-20 
1.576500    0.0000000e+00 
1.583625    0.0000000e+00 
1.590750    0.0000000e+00 
1.597875    0.0000000e+00 
1.605000    0.0000000e+00 
1.612125    0.0000000e+00 
1.619250    0.0000000e+00 
1.626375    0.0000000e+00 
1.633500    2.8875000e-19 
1.640625    8.7656250e-19 
1.647750    1.4643750e-18 
1.654875    1.2478125e-18 
1.662000    6.6000000e-19 
1.669125    7.2187500e-20 
1.676250    0.0000000e+00 
1.683375    0.0000000e+00 
1.690500    0.0000000e+00 
1.697625    0.0000000e+00 
1.704750    0.0000000e+00 
1.711875    0.0000000e+00 
1.719000    0.0000000e+00 
1.726125    0.0000000e+00 
1.733250    0.0000000e+00 
1.740375    0.0000000e+00 
1.747500    0.0000000e+00 
1.754625    0.0000000e+00 
1.761750    0.0000000e+00 
1.768875    0.0000000e+00 
1.776000    0.0000000e+00 
1.783125    0.0000000e+00 
1.790250    0.0000000e+00 
1.797375    0.0000000e+00 
1.804500    0.0000000e+00 
1.811625    0.0000000e+00 
1.818750    0.0000000e+00 
1.825875    0.0000000e+00 
1.833000    0.0000000e+00 
1.840125    0.0000000e+00 
1.847250    0.0000000e+00 
1.854375    0.0000000e+00 
1.861500    0.0000000e+00 
1.868625    0.0000000e+00 
1.875750    0.0000000e+00 
1.882875    0.0000000e+00 
1.890000    0.0000000e+00 
1.897125    0.0000000e+00 
1.904250    0.0000000e+00 
1.911375    0.0000000e+00 
1.918500    0.0000000e+00 
1.925625    0.0000000e+00 
1.932750    0.0000000e+00 
1.939875    0.0000000e+00 
1.947000    0.0000000e+00 
1.954125    0.0000000e+00 
1.961250    0.0000000e+00 
1.968375    0.0000000e+00 
1.975500    0.0000000e+00 
1.982625    0.0000000e+00 
1.989750    0.0000000e+00 
1.996875    0.0000000e+00 
2.004000    0.0000000e+00 
2.011125    0.0000000e+00 
2.018250    0.0000000e+00 
2.025375    0.0000000e+00 
2.032500    0.0000000e+00 
2.039625    0.0000000e+00 
2.046750    0.0000000e+00 
2.053875    0.0000000e+00 
2.061000    0.0000000e+00 
2.068125    0.0000000e+00 
2.075250    0.0000000e+00 
2.082375    0.0000000e+00 
2.089500    0.0000000e+00 
2.096625    0.0000000e+00 
2.103750    0.0000000e+00 
2.110875    0.0000000e+00 
2.118000    0.0000000e+00 
2.125125    0.0000000e+00 
2.132250    0.0000000e+00 
2.139375    0.0000000e+00 
2.146500    0.0000000e+00 
2.153625    0.0000000e+00 
2.160750    0.0000000e+00 
2.167875    0.0000000e+00 
2.175000    0.0000000e+00 
2.182125    0.0000000e+00 
2.189250    0.0000000e+00 
2.196375    0.0000000e+00 
2.203500    0.0000000e+00 
2.210625    0.0000000e+00 
2.217750    0.0000000e+00 
2.224875    0.0000000e+00 
2.232000    0.0000000e+00 
2.239125    0.0000000e+00 
2.246250    0.0000000e+00 
2.253375    0.0000000e+00 
2.260500    0.0000000e+00 
2.267625    0.0000000e+00 
2.274750    0.0000000e+00 
2.281875    0.0000000e+00 
2.289000    0.0000000e+00 
2.296125    0.0000000e+00 
2.303250    0.0000000e+00 
2.310375    0.0000000e+00 
2.317500    0.0000000e+00 
2.324625    0.0000000e+00 
2.331750    0.0000000e+00 
2.338875    0.0000000e+00 
2.346000    0.0000000e+00 
2.353125    0.0000000e+00 
2.360250    0.0000000e+00 
2.367375    0.0000000e+00 
2.374500    0.0000000e+00 
2.381625    0.0000000e+00 
2.388750    0.0000000e+00 
2.395875    0.0000000e+00 
2.403000    0.0000000e+00 
2.410125    0.0000000e+00 
2.417250    0.0000000e+00 
2.424375    0.0000000e+00 
2.431500    0.0000000e+00 
2.438625    0.0000000e+00 
2.445750    0.0000000e+00 
2.452875    0.0000000e+00 
2.460000    0.0000000e+00 
2.467125    0.0000000e+00 
2.474250    0.0000000e+00 
2.481375    0.0000000e+00 
2.488500    0.0000000e+00 
2.495625    0.0000000e+00 
2.502750    0.0000000e+00 
2.509875    0.0000000e+00 
2.517000    0.0000000e+00 
2.524125    0.0000000e+00 
2.531250    0.0000000e+00 
2.538375    0.0000000e+00 
2.545500    0.0000000e+00 
2.552625    0.0000000e+00 
2.559750    0.0000000e+00 
2.566875    0.0000000e+00 
2.574000    0.0000000e+00 
2.581125    0.0000000e+00 
2.588250    0.0000000e+00 
2.595375    0.0000000e+00 
2.602500    0.0000000e+00 
2.609625    0.0000000e+00 
2.616750    0.0000000e+00 
2.623875    0.0000000e+00 
2.631000    0.0000000e+00 
2.638125    0.0000000e+00 
2.645250    0.0000000e+00 
2.652375    0.0000000e+00 
2.659500    0.0000000e+00 
2.666625    0.0000000e+00 
2.673750    0.0000000e+00 
2.680875    0.0000000e+00 
2.688000    0.0000000e+00 
2.695125    0.0000000e+00 
2.702250    0.0000000e+00 
2.709375    0.0000000e+00 
2.716500    0.0000000e+00 
2.723625    0.0000000e+00 
2.730750    0.0000000e+00 
2.737875    0.0000000e+00 
2.745000    0.0000000e+00 
2.752125    0.0000000e+00 
2.759250    0.0000000e+00 
2.766375    0.0000000e+00 
2.773500    0.0000000e+00 
2.780625    0.0000000e+00 
2.787750    0.0000000e+00 
2.794875    0.0000000e+00 
2.802000    0.0000000e+00 
2.809125    0.0000000e+00 
2.816250    0.0000000e+00 
2.823375    0.0000000e+00 
2.830500    0.0000000e+00 
2.837625    0.0000000e+00 
2.844750    0.0000000e+00 
2.851875    0.0000000e+00 
2.859000    0.0000000e+00 
2.866125    0.0000000e+00 
2.873250    0.0000000e+00 
2.880375    0.0000000e+00 
2.887500    0.0000000e+00 
2.894625    0.0000000e+00 
2.901750    0.0000000e+00 
2.908875    0.0000000e+00 
2.916000    0.0000000e+00 
2.923125    0.0000000e+00 
2.930250    0.0000000e+00 
2.937375    0.0000000e+00 
2.944500    0.0000000e+00 
2.951625    0.0000000e+00 
2.958750    0.0000000e+00 
2.965875    0.0000000e+00 
2.973000    0.0000000e+00 
2.980125    0.0000000e+00 
2.987250    0.0000000e+00 
2.994375    0.0000000e+00 
3.001500    0.0000000e+00 
3.008625    0.0000000e+00 
3.015750    0.0000000e+00 
3.022875    0.0000000e+00 
3.030000    0.0000000e+00 
3.037125    0.0000000e+00 
3.044250    0.0000000e+00 
3.051375    0.0000000e+00 
3.058500    0.0000000e+00 
3.065625    0.0000000e+00 
3.072750    0.0000000e+00 
3.079875    0.0000000e+00 
3.087000    0.0000000e+00 
3.094125    0.0000000e+00 
3.101250    0.0000000e+00 
3.108375    0.0000000e+00 
3.115500    0.0000000e+00 
3.122625    0.0000000e+00 
3.129750    0.0000000e+00 
3.136875    0.0000000e+00 
3.144000    0.0000000e+00 
3.151125    0.0000000e+00 
3.158250    0.0000000e+00 
3.165375    0.0000000e+00 
3.172500    0.0000000e+00 
3.179625    0.0000000e+00 
3.186750    0.0000000e+00 
3.193875    0.0000000e+00 
3.201000    0.0000000e+00 
3.208125    0.0000000e+00 
3.215250    0.0000000e+00 
3.222375    0.0000000e+00 
3.229500    0.0000000e+00 
3.236625    0.0000000e+00 
3.243750    0.0000000e+00 
3.250875    0.0000000e+00 
3.258000    0.0000000e+00 
3.265125    0.0000000e+00 
3.272250    0.0000000e+00 
3.279375    0.0000000e+00 
3.286500    0.0000000e+00 
3.293625    0.0000000e+00 
3.300750    0.0000000e+00 
3.307875    0.0000000e+00 
3.315000    0.0000000e+00 
3.322125    0.0000000e+00 
3.329250    0.0000000e+00 
3.336375    0.0000000e+00 
3.343500    0.0000000e+00 
3.350625    0.0000000e+00 
3.357750    0.0000000e+00 
3.364875    0.0000000e+00 
3.372000    0.0000000e+00 
3.379125    0.0000000e+00 
3.386250    0.0000000e+00 
3.393375    0.0000000e+00 
3.400500    0.0000000e+00 
3.407625    0.0000000e+00 
3.414750    0.0000000e+00 
3.421875    0.0000000e+00 
3.429000    0.0000000e+00 
3.436125    0.0000000e+00 
3.443250    0.0000000e+00 
3.450375    0.0000000e+00 
3.457500    0.0000000e+00 
3.464625    0.0000000e+00 
3.471750    0.0000000e+00 
3.478875    0.0000000e+00 
3.486000    0.0000000e+00 
3.493125    0.0000000e+00 
3.500250    0.0000000e+00 
3.507375    0.0000000e+00 
3.514500    0.0000000e+00 
3.521625    0.0000000e+00 
3.528750    0.0000000e+00 
3.535875    0.0000000e+00 
3.543000    0.0000000e+00 
3.550125    0.0000000e+00 
3.557250    0.0000000e+00 
3.564375    0.0000000e+00 
3.571500    0.0000000e+00 
3.578625    0.0000000e+00 
3.585750    0.0000000e+00 
3.592875    0.0000000e+00 
3.600000    0.0000000e+00 
3.607125    0.0000000e+00 
3.614250    0.0000000e+00 
3.621375    0.0000000e+00 
3.628500    0.0000000e+00 
3.635625    0.0000000e+00 
3.642750    0.0000000e+00 
3.649875    0.0000000e+00 
3.657000    0.0000000e+00 
3.664125    0.0000000e+00 
3.671250    0.0000000e+00 
3.678375    0.0000000e+00 
3.685500    0.0000000e+00 
3.692625    0.0000000e+00 
3.699750    0.0000000e+00 
3.706875    0.0000000e+00 
3.714000    0.0000000e+00 
3.721125    0.0000000e+00 
3.728250    0.0000000e+00 
3.735375    0.0000000e+00 
3.742500    0.0000000e+00 
3.749625    0.0000000e+00 
3.756750    0.0000000e+00 
3.763875    0.0000000e+00 
3.771000    0.0000000e+00 
3.778125    0.0000000e+00 
3.785250    0.0000000e+00 
3.792375    0.0000000e+00 
3.799500    0.0000000e+00 
3.806625    0.0000000e+00 
3.813750    0.0000000e+00 
3.820875    0.0000000e+00 
3.828000    0.0000000e+00 
3.835125    0.0000000e+00 
3.842250    0.0000000e+00 
3.849375    0.0000000e+00 
3.856500    0.0000000e+00 
3.863625    0.0000000e+00 
3.870750    0.0000000e+00 
3.877875    0.0000000e+00 
3.885000    0.0000000e+00 
3.892125    0.0000000e+00 
3.899250    0.0000000e+00 
3.906375    0.0000000e+00 
3.913500    0.0000000e+00 
3.920625    0.0000000e+00 
3.927750    0.0000000e+00 
3.934875    0.0000000e+00 
3.942000    0.0000000e+00 
3.949125    0.0000000e+00 
3.956250    0.0000000e+00 
3.963375    0.0000000e+00 
3.970500    0.0000000e+00 
3.977625    0.0000000e+00 
3.984750    0.0000000e+00 
3.991875    0.0000000e+00 
3.999000    0.0000000e+00 
4.006125    0.0000000e+00 
4.013250    0.0000000e+00 
4.020375    0.0000000e+00 
4.027500    0.0000000e+00 
4.034625    0.0000000e+00 
4.041750    0.0000000e+00 
4.048875    0.0000000e+00 
4.056000    0.0000000e+00 
4.063125    0.0000000e+00 
4.070250    0.0000000e+00 
4.077375    0.0000000e+00 
4.084500    0.0000000e+00 
4.091625    0.0000000e+00 
4.098750    0.0000000e+00 
4.105875    0.0000000e+00 
4.113000    0.0000000e+00 
4.120125    0.0000000e+00 
4.127250    0.0000000e+00 
4.134375    0.0000000e+00 
4.141500    0.0000000e+00 
4.148625    0.0000000e+00 
4.155750    0.0000000e+00 
4.162875    0.0000000e+00 
4.170000    0.0000000e+00 
4.177125    0.0000000e+00 
4.184250    0.0000000e+00 
4.191375    0.0000000e+00 
4.198500    0.0000000e+00 
4.205625    0.0000000e+00 
4.212750    0.0000000e+00 
4.219875    0.0000000e+00 
4.227000    0.0000000e+00 
4.234125    0.0000000e+00 
4.241250    0.0000000e+00 
4.248375    0.0000000e+00 
4.255500    0.0000000e+00 
4.262625    0.0000000e+00 
4.269750    0.0000000e+00 
4.276875    0.0000000e+00 
4.284000    0.0000000e+00 
4.291125    0.0000000e+00 
4.298250    0.0000000e+00 
4.305375    0.0000000e+00 
4.312500    0.0000000e+00 
4.319625    0.0000000e+00 
4.326750    0.0000000e+00 
4.333875    0.0000000e+00 
4.341000    0.0000000e+00 
4.348125    0.0000000e+00 
4.355250    0.0000000e+00 
4.362375    0.0000000e+00 
4.369500    0.0000000e+00 
4.376625    0.0000000e+00 
4.383750    0.0000000e+00 
4.390875    0.0000000e+00 
4.398000    0.0000000e+00 
4.405125    0.0000000e+00 
4.412250    0.0000000e+00 
4.419375    0.0000000e+00 
4.426500    0.0000000e+00 
4.433625    0.0000000e+00 
4.440750    0.0000000e+00 
4.447875    0.0000000e+00 
4.455000    0.0000000e+00 
4.462125    0.0000000e+00 
4.469250    0.0000000e+00 
4.476375    0.0000000e+00 
4.483500    0.0000000e+00 
4.490625    0.0000000e+00 
4.497750    0.0000000e+00 
4.504875    0.0000000e+00 
4.512000    0.0000000e+00 
4.519125    0.0000000e+00 
4.526250    0.0000000e+00 
4.533375    0.0000000e+00 
4.540500    0.0000000e+00 
4.547625    0.0000000e+00 
4.554750    0.0000000e+00 
4.561875    0.0000000e+00 
4.569000    0.0000000e+00 
4.576125    0.0000000e+00 
4.583250    0.0000000e+00 
4.590375    0.0000000e+00 
4.597500    0.0000000e+00 
4.604625    0.0000000e+00 
4.611750    0.0000000e+00 
4.618875    0.0000000e+00 
4.626000    0.0000000e+00 
4.633125    0.0000000e+00 
4.640250    0.0000000e+00 
4.647375    0.0000000e+00 
4.654500    0.0000000e+00 
4.661625    0.0000000e+00 
4.668750    0.0000000e+00 
4.675875    0.0000000e+00 
4.683000    0.0000000e+00 
4.690125    0.0000000e+00 
4.697250    0.0000000e+00 
4.704375    0.0000000e+00 
4.711500    0.0000000e+00 
4.718625    0.0000000e+00 
4.725750    0.0000000e+00 
4.732875    0.0000000e+00 
4.740000    0.0000000e+00 
4.747125    0.0000000e+00 
4.754250    0.0000000e+00 
4.761375    0.0000000e+00 
4.768500    0.0000000e+00 
4.775625    0.0000000e+00 
4.782750    0.0000000e+00 
4.789875    0.0000000e+00 
4.797000    0.0000000e+00 
4.804125    0.0000000e+00 
4.811250    0.0000000e+00 
4.818375    0.0000000e+00 
4.825500    0.0000000e+00 
4.832625    0.0000000e+00 
4.839750    0.0000000e+00 
4.846875    0.0000000e+00 
4.854000    0.0000000e+00 
4.861125    0.0000000e+00 
4.868250    0.0000000e+00 
4.875375    0.0000000e+00 
4.882500    0.0000000e+00 
4.889625    0.0000000e+00 
4.896750    0.0000000e+00 
4.903875    0.0000000e+00 
4.911000    0.0000000e+00 
4.918125    0.0000000e+00 
4.925250    0.0000000e+00 
4.932375    0.0000000e+00 
4.939500    0.0000000e+00 
4.946625    0.0000000e+00 
4.953750    0.0000000e+00 
4.960875    0.0000000e+00 
4.968000    0.0000000e+00 
4.975125    0.0000000e+00 
4.982250    0.0000000e+00 
4.989375    0.0000000e+00 
4.996500    0.0000000e+00 
5.003625    0.0000000e+00 
5.010750    0.0000000e+00 
5.017875    0.0000000e+00 
5.025000    0.0000000e+00 
5.032125    0.0000000e+00 
5.039250    0.0000000e+00 
5.046375    0.0000000e+00 
5.053500    0.0000000e+00 
5.060625    0.0000000e+00 
5.067750    0.0000000e+00 
5.074875    0.0000000e+00 
5.082000    0.0000000e+00 
5.089125    0.0000000e+00 
5.096250    0.0000000e+00 
5.103375    0.0000000e+00 
5.110500    0.0000000e+00 
5.117625    0.0000000e+00 
5.124750    0.0000000e+00 
5.131875    0.0000000e+00 
5.139000    0.0000000e+00 
5.146125    0.0000000e+00 
5.153250    0.0000000e+00 
5.160375    0.0000000e+00 
5.167500    0.0000000e+00 
5.174625    0.0000000e+00 
5.181750    0.0000000e+00 
5.188875    0.0000000e+00 
5.196000    0.0000000e+00 
5.203125    0.0000000e+00 
5.210250    0.0000000e+00 
5.217375    0.0000000e+00 
5.224500    0.0000000e+00 
5.231625    0.0000000e+00 
5.238750    0.0000000e+00 
5.245875    0.0000000e+00 
5.253000    0.0000000e+00 
5.260125    0.0000000e+00 
5.267250    0.0000000e+00 
5.274375    0.0000000e+00 
5.281500    0.0000000e+00 
5.288625    0.0000000e+00 
5.295750    0.0000000e+00 
5.302875    0.0000000e+00 
5.310000    0.0000000e+00 
5.317125    0.0000000e+00 
5.324250    0.0000000e+00 
5.331375    0.0000000e+00 
5.338500    0.0000000e+00 
5.345625    0.0000000e+00 
5.352750    0.0000000e+00 
5.359875    0.0000000e+00 
5.367000    0.0000000e+00 
5.374125    0.0000000e+00 
5.381250    0.0000000e+00 
5.388375    0.0000000e+00 
5.395500    0.0000000e+00 
5.402625    0.0000000e+00 
5.409750    0.0000000e+00 
5.416875    0.0000000e+00 
5.424000    0.0000000e+00 
5.431125    0.0000000e+00 
5.438250    0.0000000e+00 
5.445375    0.0000000e+00 
5.452500    0.0000000e+00 
5.459625    0.0000000e+00 
5.466750    0.0000000e+00 
5.473875    0.0000000e+00 
5.481000    0.0000000e+00 
5.488125    0.0000000e+00 
5.495250    0.0000000e+00 
5.502375    0.0000000e+00 
5.509500    0.0000000e+00 
5.516625    0.0000000e+00 
5.523750    0.0000000e+00 
5.530875    0.0000000e+00 
5.538000    0.0000000e+00 
5.545125    0.0000000e+00 
5.552250    0.0000000e+00 
5.559375    0.0000000e+00 
5.566500    0.0000000e+00 
5.573625    0.0000000e+00 
5.580750    0.0000000e+00 
5.587875    0.0000000e+00 
5.595000    0.0000000e+00 
5.602125    0.0000000e+00 
5.609250    0.0000000e+00 
5.616375    0.0000000e+00 
5.623500    0.0000000e+00 
5.630625    0.0000000e+00 
5.637750    0.0000000e+00 
5.644875    0.0000000e+00 
5.652000    0.0000000e+00 
5.659125    0.0000000e+00 
5.666250    0.0000000e+00 
5.673375    0.0000000e+00 
5.680500    0.0000000e+00 
5.687625    0.0000000e+00 
5.694750    0.0000000e+00 
5.701875    0.0000000e+00 
5.709000    0.0000000e+00 
5.716125    0.0000000e+00 
5.723250    0.0000000e+00 
5.730375    0.0000000e+00 
5.737500    0.0000000e+00 
5.744625    0.0000000e+00 
5.751750    0.0000000e+00 
5.758875    0.0000000e+00 
5.766000    0.0000000e+00 
5.773125    0.0000000e+00 
5.780250    0.0000000e+00 
5.787375    0.0000000e+00 
5.794500    0.0000000e+00 
5.801625    0.0000000e+00 
5.808750    0.0000000e+00 
5.815875    0.0000000e+00 
5.823000    0.0000000e+00 
5.830125    0.0000000e+00 
5.837250    0.0000000e+00 
5.844375    0.0000000e+00 
5.851500    0.0000000e+00 
5.858625    0.0000000e+00 
5.865750    0.0000000e+00 
5.872875    0.0000000e+00 
5.880000    0.0000000e+00 
5.887125    0.0000000e+00 
5.894250    0.0000000e+00 
5.901375    0.0000000e+00 
5.908500    0.0000000e+00 
5.915625    0.0000000e+00 
5.922750    0.0000000e+00 
5.929875    0.0000000e+00 
5.937000    0.0000000e+00 
5.944125    0.0000000e+00 
5.951250    0.0000000e+00 
5.958375    0.0000000e+00 
5.965500    0.0000000e+00 
5.972625    0.0000000e+00 
5.979750    0.0000000e+00 
5.986875    0.0000000e+00 
5.994000    0.0000000e+00 
6.001125    3.0937500e-21 
6.008250    2.2687500e-20 
6.015375    4.2281250e-20 
6.022500    6.1875000e-20 
6.029625    8.1468750e-20 
6.036750    1.0106250e-19 
6.043875    1.2065625e-19 
6.051000    1.4025000e-19 
6.058125    1.5984375e-19 
6.065250    1.7943750e-19 
6.072375    1.9903125e-19 
6.079500    2.1862500e-19 
6.086625    2.3821875e-19 
6.093750    2.5781250e-19 
6.100875    2.7740625e-19 
6.108000    2.9700000e-19 
6.115125    3.1659375e-19 
6.122250    3.3618750e-19 
6.129375    3.5578125e-19 
6.136500    3.7537500e-19 
6.143625    3.9496875e-19 
6.150750    4.1456250e-19 
6.157875    4.3415625e-19 
6.165000    4.5375000e-19 
6.172125    4.7334375e-19 
6.179250    4.9293750e-19 
6.186375    5.1253125e-19 
6.193500    5.3212500e-19 
6.200625    5.5171875e-19 
6.207750    5.7131250e-19 
6.214875    5.9090625e-19 
6.222000    6.1050000e-19 
6.229125    6.3009375e-19 
6.236250    6.4968750e-19 
6.243375    6.6928125e-19 
6.250500    6.8887500e-19 
6.257625    7.0846875e-19 
6.264750    7.2806250e-19 
6.271875    7.4765625e-19 
6.279000    7.6725000e-19 
6.286125    7.8684375e-19 
6.293250    8.0643750e-19 
6.300375    8.2603125e-19 
6.307500    8.4562500e-19 
6.314625    8.6521875e-19 
6.321750    8.8481250e-19 
6.328875    9.0440625e-19 
6.336000    9.2400000e-19 
6.343125    9.4359375e-19 
6.350250    9.6318750e-19 
6.357375    9.8278125e-19 
6.364500    1.0023750e-18 
6.371625    1.0219688e-18 
6.378750    1.0415625e-18 
6.385875    1.0611563e-18 
6.393000    1.0807500e-18 
6.400125    1.1003438e-18 
6.407250    1.1199375e-18 
6.414375    1.1395313e-18 
6.421500    1.1591250e-18 
6.428625    1.1787188e-18 
6.435750    1.1983125e-18 
6.442875    1.2179062e-18 
6.450000    1.2375000e-18 
6.457125    1.2570937e-18 
6.464250    1.2766875e-18 
6.471375    1.2962813e-18 
6.478500    1.3158750e-18 
6.485625    1.3354688e-18 
6.492750    1.3550625e-18 
6.499875    1.3746562e-18 
6.507000    1.3942500e-18 
6.514125    1.4138438e-18 
6.521250    1.4334375e-18 
6.528375    1.4530313e-18 
6.535500    1.4726250e-18 
6.542625    1.4922188e-18 
6.549750    1.5118125e-18 
6.556875    1.5314062e-18 
6.564000    1.5510000e-18 
6.571125    1.5705938e-18 
6.578250    1.5901875e-18 
6.585375    1.6097813e-18 
6.592500    1.6293750e-18 
6.599625    1.6489687e-18 
6.606750    1.6685625e-18 
6.613875    1.6881562e-18 
6.621000    1.7077500e-18 
6.628125    1.7273438e-18 
6.635250    1.7469375e-18 
6.642375    1.7665313e-18 
6.649500    1.7861250e-18 
6.656625    1.8057188e-18 
6.663750    1.8253125e-18 
6.670875    1.8449063e-18 
6.678000    1.8645000e-18 
6.685125    1.8840938e-18 
6.692250    1.9036875e-18 
6.699375    1.9232812e-18 
6.706500    1.9428750e-18 
6.713625    1.9624687e-18 
6.720750    1.9820625e-18 
6.727875    2.0016563e-18 
6.735000    2.0212500e-18 
6.742125    2.0408438e-18 
6.749250    2.0604375e-18 
6.756375    2.0800312e-18 
6.763500    2.0996250e-18 
6.770625    2.1192188e-18 
6.777750    2.1388125e-18 
6.784875    2.1584063e-18 
6.792000    2.1780000e-18 
6.799125    2.1975938e-18 
6.806250    2.2171875e-18 
6.813375    2.2367812e-18 
6.820500    2.2563750e-18 
6.827625    2.2759688e-18 
6.834750    2.2955625e-18 
6.841875    2.3151563e-18 
6.849000    2.3347500e-18 
6.856125    2.3543437e-18 
6.863250    2.3739375e-18 
6.870375    2.3935312e-18 
6.877500    2.4131250e-18 
6.884625    2.4327188e-18 
6.891750    2.4523125e-18 
6.898875    2.4719063e-18 
6.906000    2.4915000e-18 
6.913125    2.5110938e-18 
6.920250    2.5306875e-18 
6.927375    2.5502813e-18 
6.934500    2.5698750e-18 
6.941625    2.5894688e-18 
6.948750    2.6090625e-18 
6.955875    2.6286562e-18 
6.963000    2.6482500e-18 
6.970125    2.6678437e-18 
6.977250    2.6874375e-18 
6.984375    2.7070313e-18 
6.991500    2.7266250e-18 
6.998625    2.7462188e-18 
7.005750    2.7543125e-18 
7.012875    2.7596562e-18 
7.020000    2.7650000e-18 
7.027125    2.7703437e-18 
7.034250    2.7756875e-18 
7.041375    2.7810312e-18 
7.048500    2.7863750e-18 
7.055625    2.7917187e-18 
7.062750    2.7970625e-18 
7.069875    2.8024062e-18 
7.077000    2.8077500e-18 
7.084125    2.8130938e-18 
7.091250    2.8184375e-18 
7.098375    2.8237813e-18 
7.105500    2.8291250e-18 
7.112625    2.8344687e-18 
7.119750    2.8398125e-18 
7.126875    2.8451562e-18 
7.134000    2.8505000e-18 
7.141125    2.8558438e-18 
7.148250    2.8611875e-18 
7.155375    2.8665313e-18 
7.162500    2.8718750e-18 
7.169625    2.8772187e-18 
7.176750    2.8825625e-18 
7.183875    2.8879063e-18 
7.191000    2.8932500e-18 
7.198125    2.8985938e-18 
7.205250    2.9039375e-18 
7.212375    2.9092812e-18 
7.219500    2.9146250e-18 
7.226625    2.9199687e-18 
7.233750    2.9253125e-18 
7.240875    2.9306563e-18 
7.248000    2.9360000e-18 
7.255125    2.9413438e-18 
7.262250    2.9466875e-18 
7.269375    2.9520312e-18 
7.276500    2.9573750e-18 
7.283625    2.9627187e-18 
7.290750    2.9680625e-18 
7.297875    2.9734063e-18 
7.305000    2.9787500e-18 
7.312125    2.9840938e-18 
7.319250    2.9894375e-18 
7.326375    2.9947812e-18 
7.333500    3.0001250e-18 
7.340625    3.0054688e-18 
7.347750    3.0108125e-18 
7.354875    3.0161563e-18 
7.362000    3.0215000e-18 
7.369125    3.0268437e-18 
7.376250    3.0321875e-18 
7.383375    3.0375312e-18 
7.390500    3.0428750e-18 
7.397625    3.0482188e-18 
7.404750    3.0535625e-18 
7.411875    3.0589062e-18 
7.419000    3.0642500e-18 
7.426125    3.0695937e-18 
7.433250    3.0749375e-18 
7.440375    3.0802813e-18 
7.447500    3.0856250e-18 
7.454625    3.0909688e-18 
7.461750    3.0963125e-18 
7.468875    3.1016563e-18 
7.476000    3.1070000e-18 
7.483125    3.1123437e-18 
7.490250    3.1176875e-18 
7.497375    3.1230313e-18 
7.504500    3.1283750e-18 
7.511625    3.1337188e-18 
7.518750    3.1390625e-18 
7.525875    3.1444062e-18 
7.533000    3.1497500e-18 
7.540125    3.1550937e-18 
7.547250    3.1604375e-18 
7.554375    3.1657813e-18 
7.561500    3.1711250e-18 
7.568625    3.1764687e-18 
7.575750    3.1818125e-18 
7.582875    3.1871563e-18 
7.590000    3.1925000e-18 
7.597125    3.1978438e-18 
7.604250    3.2031875e-18 
7.611375    3.2085313e-18 
7.618500    3.2138750e-18 
7.625625    3.2192187e-18 
7.632750    3.2245625e-18 
7.639875    3.2299063e-18 
7.647000    3.2352500e-18 
7.654125    3.2405938e-18 
7.661250    3.2459375e-18 
7.668375    3.2512813e-18 
7.675500    3.2566250e-18 
7.682625    3.2619688e-18 
7.689750    3.2673125e-18 
7.696875    3.2726563e-18 
7.704000    3.2780000e-18 
7.711125    3.2833438e-18 
7.718250    3.2886875e-18 
7.725375    3.2940313e-18 
7.732500    3.2993750e-18 
7.739625    3.3047187e-18 
7.746750    3.3100625e-18 
7.753875    3.3154063e-18 
7.761000    3.3207500e-18 
7.768125    3.3260938e-18 
7.775250    3.3314375e-18 
7.782375    3.3367813e-18 
7.789500    3.3421250e-18 
7.796625    3.3474687e-18 
7.803750    3.3528125e-18 
7.810875    3.3581563e-18 
7.818000    3.3635000e-18 
7.825125    3.3688438e-18 
7.832250    3.3741875e-18 
7.839375    3.3795313e-18 
7.846500    3.3848750e-18 
7.853625    3.3902188e-18 
7.860750    3.3955625e-18 
7.867875    3.4009063e-18 
7.875000    3.4062500e-18 
7.882125    3.4115938e-18 
7.889250    3.4169375e-18 
7.896375    3.4222812e-18 
7.903500    3.4276250e-18 
7.910625    3.4329687e-18 
7.917750    3.4383125e-18 
7.924875    3.4436563e-18 
7.932000    3.4490000e-18 
7.939125    3.4543438e-18 
7.946250    3.4596875e-18 
7.953375    3.4650312e-18 
7.960500    3.4703750e-18 
7.967625    3.4757188e-18 
7.974750    3.4810625e-18 
7.981875    3.4864063e-18 
7.989000    3.4917500e-18 
7.996125    3.4970938e-18 
8.003250    3.5020475e-18 
8.010375    3.5065363e-18 
8.017500    3.5110250e-18 
8.024625    3.5155138e-18 
8.031750    3.5200025e-18 
8.038875    3.5244913e-18 
8.046000    3.5289800e-18 
8.053125    3.5334687e-18 
8.060250    3.5379575e-18 
8.067375    3.5424462e-18 
8.074500    3.5469350e-18 
8.081625    3.5514238e-18 
8.088750    3.5559125e-18 
8.095875    3.5604012e-18 
8.103000    3.5648900e-18 
8.110125    3.5693788e-18 
8.117250    3.5738675e-18 
8.124375    3.5783562e-18 
8.131500    3.5828450e-18 
8.138625    3.5873338e-18 
8.145750    3.5918225e-18 
8.152875    3.5963113e-18 
8.160000    3.6008000e-18 
8.167125    3.6052888e-18 
8.174250    3.6097775e-18 
8.181375    3.6142663e-18 
8.188500    3.6187550e-18 
8.195625    3.6232437e-18 
8.202750    3.6277325e-18 
8.209875    3.6322213e-18 
8.217000    3.6367100e-18 
8.224125    3.6411988e-18 
8.231250    3.6456875e-18 
8.238375    3.6501763e-18 
8.245500    3.6546650e-18 
8.252625    3.6591538e-18 
8.259750    3.6636425e-18 
8.266875    3.6681313e-18 
8.274000    3.6726200e-18 
8.281125    3.6771088e-18 
8.288250    3.6815975e-18 
8.295375    3.6860862e-18 
8.302500    3.6905750e-18 
8.309625    3.6950638e-18 
8.316750    3.6995525e-18 
8.323875    3.7040412e-18 
8.331000    3.7085300e-18 
8.338125    3.7130187e-18 
8.345250    3.7175075e-18 
8.352375    3.7219963e-18 
8.359500    3.7264850e-18 
8.366625    3.7309737e-18 
8.373750    3.7354625e-18 
8.380875    3.7399513e-18 
8.388000    3.7444400e-18 
8.395125    3.7489287e-18 
8.402250    3.7534175e-18 
8.409375    3.7579063e-18 
8.416500    3.7623950e-18 
8.423625    3.7668838e-18 
8.430750    3.7713725e-18 
8.437875    3.7758613e-18 
8.445000    3.7803500e-18 
8.452125    3.7848388e-18 
8.459250    3.7893275e-18 
8.466375    3.7938162e-18 
8.473500    3.7983050e-18 
8.480625    3.8027938e-18 
8.487750    3.8072825e-18 
8.494875    3.8117713e-18 
8.502000    3.8162600e-18 
8.509125    3.8207487e-18 
8.516250    3.8252375e-18 
8.523375    3.8297263e-18 
8.530500    3.8342150e-18 
8.537625    3.8387038e-18 
8.544750    3.8431925e-18 
8.551875    3.8476813e-18 
8.559000    3.8521700e-18 
8.566125    3.8566587e-18 
8.573250    3.8611475e-18 
8.580375    3.8656363e-18 
8.587500    3.8701250e-18 
8.594625    3.8746138e-18 
8.601750    3.8791025e-18 
8.608875    3.8835912e-18 
8.616000    3.8880800e-18 
8.623125    3.8925688e-18 
8.630250    3.8970575e-18 
8.637375    3.9015462e-18 
8.644500    3.9060350e-18 
8.651625    3.9105238e-18 
8.658750    3.9150125e-18 
8.665875    3.9195012e-18 
8.673000    3.9239900e-18 
8.680125    3.9284787e-18 
8.687250    3.9329675e-18 
8.694375    3.9374563e-18 
8.701500    3.9419450e-18 
8.708625    3.9464338e-18 
8.715750    3.9509225e-18 
8.722875    3.9554113e-18 
8.730000    3.9599000e-18 
8.737125    3.9643887e-18 
8.744250    3.9688775e-18 
8.751375    3.9733663e-18 
8.758500    3.9778550e-18 
8.765625    3.9823438e-18 
8.772750    3.9868325e-18 
8.779875    3.9913212e-18 
8.787000    3.9958100e-18 
8.794125    4.0002988e-18 
8.801250    4.0047875e-18 
8.808375    4.0092763e-18 
8.815500    4.0137650e-18 
8.822625    4.0182538e-18 
8.829750    4.0227425e-18 
8.836875    4.0272312e-18 
8.844000    4.0317200e-18 
8.851125    4.0362088e-18 
8.858250    4.0406975e-18 
8.865375    4.0451863e-18 
8.872500    4.0496750e-18 
8.879625    4.0541637e-18 
8.886750    4.0586525e-18 
8.893875    4.0631413e-18 
8.901000    4.0676300e-18 
8.908125    4.0721187e-18 
8.915250    4.0766075e-18 
8.922375    4.0810963e-18 
8.929500    4.0855850e-18 
8.936625    4.0900738e-18 
8.943750    4.0945625e-18 
8.950875    4.0990513e-18 
8.958000    4.1035400e-18 
8.965125    4.1080288e-18 
8.972250    4.1125175e-18 
8.979375    4.1170063e-18 
8.986500    4.1214950e-18 
8.993625    4.1259838e-18 
9.000750    4.1303675e-18 
9.007875    4.1338587e-18 
9.015000    4.1373500e-18 
9.022125    4.1408413e-18 
9.029250    4.1443325e-18 
9.036375    4.1478237e-18 
9.043500    4.1513150e-18 
9.050625    4.1548063e-18 
9.057750    4.1582975e-18 
9.064875    4.1617888e-18 
9.072000    4.1652800e-18 
9.079125    4.1687713e-18 
9.086250    4.1722625e-18 
9.093375    4.1757538e-18 
9.100500    4.1792450e-18 
9.107625    4.1827363e-18 
9.114750    4.1862275e-18 
9.121875    4.1897188e-18 
9.129000    4.1932100e-18 
9.136125    4.1967013e-18 
9.143250    4.2001925e-18 
9.150375    4.2036837e-18 
9.157500    4.2071750e-18 
9.164625    4.2106663e-18 
9.171750    4.2141575e-18 
9.178875    4.2176487e-18 
9.186000    4.2211400e-18 
9.193125    4.2246312e-18 
9.200250    4.2281225e-18 
9.207375    4.2316138e-18 
9.214500    4.2351050e-18 
9.221625    4.2385962e-18 
9.228750    4.2420875e-18 
9.235875    4.2455787e-18 
9.243000    4.2490700e-18 
9.250125    4.2525612e-18 
9.257250    4.2560525e-18 
9.264375    4.2595438e-18 
9.271500    4.2630350e-18 
9.278625    4.2665263e-18 
9.285750    4.2700175e-18 
9.292875    4.2735087e-18 
9.300000    4.2770000e-18 
9.307125    4.2804913e-18 
9.314250    4.2839825e-18 
9.321375    4.2874738e-18 
9.328500    4.2909650e-18 
9.335625    4.2944563e-18 
9.342750    4.2979475e-18 
9.349875    4.3014387e-18 
9.357000    4.3049300e-18 
9.364125    4.3084213e-18 
9.371250    4.3119125e-18 
9.378375    4.3154038e-18 
9.385500    4.3188950e-18 
9.392625    4.3223862e-18 
9.399750    4.3258775e-18 
9.406875    4.3293687e-18 
9.414000    4.3328600e-18 
9.421125    4.3363512e-18 
9.428250    4.3398425e-18 
9.435375    4.3433338e-18 
9.442500    4.3468250e-18 
9.449625    4.3503162e-18 
9.456750    4.3538075e-18 
9.463875    4.3572987e-18 
9.471000    4.3607900e-18 
9.478125    4.3642813e-18 
9.485250    4.3677725e-18 
9.492375    4.3712637e-18 
9.499500    4.3747550e-18 
9.506625    4.3782462e-18 
9.513750    4.3817375e-18 
9.520875    4.3852287e-18 
9.528000    4.3887200e-18 
9.535125    4.3922113e-18 
9.542250    4.3957025e-18 
9.549375    4.3991937e-18 
9.556500    4.4026850e-18 
9.563625    4.4061762e-18 
9.570750    4.4096675e-18 
9.577875    4.4131588e-18 
9.585000    4.4166500e-18 
9.592125    4.4201412e-18 
9.599250    4.4236325e-18 
9.606375    4.4271237e-18 
9.613500    4.4306150e-18 
9.620625    4.4341063e-18 
9.627750    4.4375975e-18 
9.634875    4.4410887e-18 
9.642000    4.4445800e-18 
9.649125    4.4480713e-18 
9.656250    4.4515625e-18 
9.663375    4.4550537e-18 
9.670500    4.4585450e-18 
9.677625    4.4620362e-18 
9.684750    4.4655275e-18 
9.691875    4.4690187e-18 
9.699000    4.4725100e-18 
9.706125    4.4760012e-18 
9.713250    4.4794925e-18 
9.720375    4.4829837e-18 
9.727500    4.4864750e-18 
9.734625    4.4899662e-18 
9.741750    4.4934575e-18 
9.748875    4.4969488e-18 
9.756000    4.5004400e-18 
9.763125    4.5039312e-18 
9.770250    4.5074225e-18 
9.777375    4.5109138e-18 
9.784500    4.5144050e-18 
9.791625    4.5178962e-18 
9.798750    4.5213875e-18 
9.805875    4.5248788e-18 
9.813000    4.5283700e-18 
9.820125    4.5318612e-18 
9.827250    4.5353525e-18 
9.834375    4.5388438e-18 
9.841500    4.5423350e-18 
9.848625    4.5458263e-18 
9.855750    4.5493175e-18 
9.862875    4.5528088e-18 
9.870000    4.5563000e-18 
9.877125    4.5597913e-18 
9.884250    4.5632825e-18 
9.891375    4.5667737e-18 
9.898500    4.5702650e-18 
9.905625    4.5737563e-18 
9.912750    4.5772475e-18 
9.919875    4.5807387e-18 
9.927000    4.5842300e-18 
9.934125    4.5877212e-18 
9.941250    4.5912125e-18 
9.948375    4.5947037e-18 
9.955500    4.5981950e-18 
9.962625    4.6016862e-18 
9.969750    4.6051775e-18 
9.976875    4.6086687e-18 
9.984000    4.6121600e-18 
9.991125    4.6156512e-18 
9.998250    4.6191425e-18 
10.005375    4.6119913e-18 
10.012500    4.6013750e-18 
10.019625    4.5907588e-18 
10.026750    4.5801425e-18 
10.033875    4.5695262e-18 
10.041000    4.5589100e-18 
10.048125    4.5482937e-18 
10.055250    4.5376775e-18 
10.062375    4.5270613e-18 
10.069500    4.5164450e-18 
10.076625    4.5058288e-18 
10.083750    4.4952125e-18 
10.090875    4.4845962e-18 
10.098000    4.4739800e-18 
10.105125    4.4633638e-18 
10.112250    4.4527475e-18 
10.119375    4.4421313e-18 
10.126500    4.4315150e-18 
10.133625    4.4208988e-18 
10.140750    4.4102825e-18 
10.147875    4.3996662e-18 
10.155000    4.3890500e-18 
10.162125    4.3784337e-18 
10.169250    4.3678175e-18 
10.176375    4.3572012e-18 
10.183500    4.3465850e-18 
10.190625    4.3359687e-18 
10.197750    4.3253525e-18 
10.204875    4.3147363e-18 
10.212000    4.3041200e-18 
10.219125    4.2935037e-18 
10.226250    4.2828875e-18 
10.233375    4.2722713e-18 
10.240500    4.2616550e-18 
10.247625    4.2510387e-18 
10.254750    4.2404225e-18 
10.261875    4.2298063e-18 
10.269000    4.2191900e-18 
10.276125    4.2085738e-18 
10.283250    4.1979575e-18 
10.290375    4.1873412e-18 
10.297500    4.1767250e-18 
10.304625    4.1661088e-18 
10.311750    4.1554925e-18 
10.318875    4.1448762e-18 
10.326000    4.1342600e-18 
10.333125    4.1236438e-18 
10.340250    4.1130275e-18 
10.347375    4.1024112e-18 
10.354500    4.0917950e-18 
10.361625    4.0811787e-18 
10.368750    4.0705625e-18 
10.375875    4.0599463e-18 
10.383000    4.0493300e-18 
10.390125    4.0387138e-18 
10.397250    4.0280975e-18 
10.404375    4.0174812e-18 
10.411500    4.0068650e-18 
10.418625    3.9962487e-18 
10.425750    3.9856325e-18 
10.432875    3.9750163e-18 
10.440000    3.9644000e-18 
10.447125    3.9537838e-18 
10.454250    3.9431675e-18 
10.461375    3.9325512e-18 
10.468500    3.9219350e-18 
10.475625    3.9113188e-18 
10.482750    3.9007025e-18 
10.489875    3.8900863e-18 
10.497000    3.8794700e-18 
10.504125    3.8688537e-18 
10.511250    3.8582375e-18 
10.518375    3.8476212e-18 
10.525500    3.8370050e-18 
10.532625    3.8263888e-18 
10.539750    3.8157725e-18 
10.546875    3.8051563e-18 
10.554000    3.7945400e-18 
10.561125    3.7839237e-18 
10.568250    3.7733075e-18 
10.575375    3.7626913e-18 
10.582500    3.7520750e-18 
10.589625    3.7414587e-18 
10.596750    3.7308425e-18 
10.603875    3.7202262e-18 
10.611000    3.7096100e-18 
10.618125    3.6989937e-18 
10.625250    3.6883775e-18 
10.632375    3.6777612e-18 
10.639500    3.6671450e-18 
10.646625    3.6565288e-18 
10.653750    3.6459125e-18 
10.660875    3.6352962e-18 
10.668000    3.6246800e-18 
10.675125    3.6140638e-18 
10.682250    3.6034475e-18 
10.689375    3.5928312e-18 
10.696500    3.5822150e-18 
10.703625    3.5715987e-18 
10.710750    3.5609825e-18 
10.717875    3.5503663e-18 
10.725000    3.5397500e-18 
10.732125    3.5291338e-18 
10.739250    3.5185175e-18 
10.746375    3.5079013e-18 
10.753500    3.4972850e-18 
10.760625    3.4866687e-18 
10.767750    3.4760525e-18 
10.774875    3.4654363e-18 
10.782000    3.4548200e-18 
10.789125    3.4442037e-18 
10.796250    3.4335875e-18 
10.803375    3.4229713e-18 
10.810500    3.4123550e-18 
10.817625    3.4017388e-18 
10.824750    3.3911225e-18 
10.831875    3.3805062e-18 
10.839000    3.3698900e-18 
10.846125    3.3592738e-18 
10.853250    3.3486575e-18 
10.860375    3.3380412e-18 
10.867500    3.3274250e-18 
10.874625    3.3168087e-18 
10.881750    3.3061925e-18 
10.888875    3.2955762e-18 
10.896000    3.2849600e-18 
10.903125    3.2743438e-18 
10.910250    3.2637275e-18 
10.917375    3.2531112e-18 
10.924500    3.2424950e-18 
10.931625    3.2318787e-18 
10.938750    3.2212625e-18 
10.945875    3.2106463e-18 
10.953000    3.2000300e-18 
10.960125    3.1894137e-18 
10.967250    3.1787975e-18 
10.974375    3.1681812e-18 
10.981500    3.1575650e-18 
10.988625    3.1469488e-18 
10.995750    3.1363325e-18 
11.002875    3.1281887e-18 
11.010000    3.1237000e-18 
11.017125    3.1192112e-18 
11.024250    3.1147225e-18 
11.031375    3.1102337e-18 
11.038500    3.1057450e-18 
11.045625    3.1012563e-18 
11.052750    3.0967675e-18 
11.059875    3.0922788e-18 
11.067000    3.0877900e-18 
11.074125    3.0833013e-18 
11.081250    3.0788125e-18 
11.088375    3.0743238e-18 
11.095500    3.0698350e-18 
11.102625    3.0653463e-18 
11.109750    3.0608575e-18 
11.116875    3.0563688e-18 
11.124000    3.0518800e-18 
11.131125    3.0473912e-18 
11.138250    3.0429025e-18 
11.145375    3.0384138e-18 
11.152500    3.0339250e-18 
11.159625    3.0294363e-18 
11.166750    3.0249475e-18 
11.173875    3.0204587e-18 
11.181000    3.0159700e-18 
11.188125    3.0114813e-18 
11.195250    3.0069925e-18 
11.202375    3.0025037e-18 
11.209500    2.9980150e-18 
11.216625    2.9935263e-18 
11.223750    2.9890375e-18 
11.230875    2.9845487e-18 
11.238000    2.9800600e-18 
11.245125    2.9755712e-18 
11.252250    2.9710825e-18 
11.259375    2.9665938e-18 
11.266500    2.9621050e-18 
11.273625    2.9576162e-18 
11.280750    2.9531275e-18 
11.287875    2.9486388e-18 
11.295000    2.9441500e-18 
11.302125    2.9396612e-18 
11.309250    2.9351725e-18 
11.316375    2.9306838e-18 
11.323500    2.9261950e-18 
11.330625    2.9217062e-18 
11.337750    2.9172175e-18 
11.344875    2.9127288e-18 
11.352000    2.9082400e-18 
11.359125    2.9037513e-18 
11.366250    2.8992625e-18 
11.373375    2.8947737e-18 
11.380500    2.8902850e-18 
11.387625    2.8857962e-18 
11.394750    2.8813075e-18 
11.401875    2.8768188e-18 
11.409000    2.8723300e-18 
11.416125    2.8678413e-18 
11.423250    2.8633525e-18 
11.430375    2.8588638e-18 
11.437500    2.8543750e-18 
11.444625    2.8498862e-18 
11.451750    2.8453975e-18 
11.458875    2.8409088e-18 
11.466000    2.8364200e-18 
11.473125    2.8319313e-18 
11.480250    2.8274425e-18 
11.487375    2.8229537e-18 
11.494500    2.8184650e-18 
11.501625    2.8139762e-18 
11.508750    2.8094875e-18 
11.515875    2.8049988e-18 
11.523000    2.8005100e-18 
11.530125    2.7960213e-18 
11.537250    2.7915325e-18 
11.544375    2.7870438e-18 
11.551500    2.7825550e-18 
11.558625    2.7780663e-18 
11.565750    2.7735775e-18 
11.572875    2.7690888e-18 
11.580000    2.7646000e-18 
11.587125    2.7601112e-18 
11.594250    2.7556225e-18 
11.601375    2.7511338e-18 
11.608500    2.7466450e-18 
11.615625    2.7421563e-18 
11.622750    2.7376675e-18 
11.629875    2.7331787e-18 
11.637000    2.7286900e-18 
11.644125    2.7242012e-18 
11.651250    2.7197125e-18 
11.658375    2.7152238e-18 
11.665500    2.7107350e-18 
11.672625    2.7062463e-18 
11.679750    2.7017575e-18 
11.686875    2.6972688e-18 
11.694000    2.6927800e-18 
11.701125    2.6882913e-18 
11.708250    2.6838025e-18 
11.715375    2.6793138e-18 
11.722500    2.6748250e-18 
11.729625    2.6703363e-18 
11.736750    2.6658475e-18 
11.743875    2.6613587e-18 
11.751000    2.6568700e-18 
11.758125    2.6523812e-18 
11.765250    2.6478925e-18 
11.772375    2.6434038e-18 
11.779500    2.6389150e-18 
11.786625    2.6344262e-18 
11.793750    2.6299375e-18 
11.800875    2.6254488e-18 
11.808000    2.6209600e-18 
11.815125    2.6164713e-18 
11.822250    2.6119825e-18 
11.829375    2.6074938e-18 
11.836500    2.6030050e-18 
11.843625    2.5985162e-18 
11.850750    2.5940275e-18 
11.857875    2.5895388e-18 
11.865000    2.5850500e-18 
11.872125    2.5805613e-18 
11.879250    2.5760725e-18 
11.886375    2.5715838e-18 
11.893500    2.5670950e-18 
11.900625    2.5626063e-18 
11.907750    2.5581175e-18 
11.914875    2.5536287e-18 
11.922000    2.5491400e-18 
11.929125    2.5446513e-18 
11.936250    2.5401625e-18 
11.943375    2.5356737e-18 
11.950500    2.5311850e-18 
11.957625    2.5266963e-18 
11.964750    2.5222075e-18 
11.971875    2.5177188e-18 
11.979000    2.5132300e-18 
11.986125    2.5087413e-18 
11.993250    2.5042525e-18 
12.000375    2.4997187e-18 
12.007500    2.4943750e-18 
12.014625    2.4890312e-18 
12.021750    2.4836875e-18 
12.028875    2.4783438e-18 
12.036000    2.4730000e-18 
12.043125    2.4676562e-18 
12.050250    2.4623125e-18 
12.057375    2.4569687e-18 
12.064500    2.4516250e-18 
12.071625    2.4462813e-18 
12.078750    2.4409375e-18 
12.085875    2.4355938e-18 
12.093000    2.4302500e-18 
12.100125    2.4249063e-18 
12.107250    2.4195625e-18 
12.114375    2.4142187e-18 
12.121500    2.4088750e-18 
12.128625    2.4035313e-18 
12.135750    2.3981875e-18 
12.142875    2.3928438e-18 
12.150000    2.3875000e-18 
12.157125    2.3821562e-18 
12.164250    2.3768125e-18 
12.171375    2.3714688e-18 
12.178500    2.3661250e-18 
12.185625    2.3607813e-18 
12.192750    2.3554375e-18 
12.199875    2.3500937e-18 
12.207000    2.3447500e-18 
12.214125    2.3394062e-18 
12.221250    2.3340625e-18 
12.228375    2.3287188e-18 
12.235500    2.3233750e-18 
12.242625    2.3180313e-18 
12.249750    2.3126875e-18 
12.256875    2.3073437e-18 
12.264000    2.3020000e-18 
12.271125    2.2966563e-18 
12.278250    2.2913125e-18 
12.285375    2.2859687e-18 
12.292500    2.2806250e-18 
12.299625    2.2752813e-18 
12.306750    2.2699375e-18 
12.313875    2.2645938e-18 
12.321000    2.2592500e-18 
12.328125    2.2539063e-18 
12.335250    2.2485625e-18 
12.342375    2.2432188e-18 
12.349500    2.2378750e-18 
12.356625    2.2325312e-18 
12.363750    2.2271875e-18 
12.370875    2.2218438e-18 
12.378000    2.2165000e-18 
12.385125    2.2111563e-18 
12.392250    2.2058125e-18 
12.399375    2.2004688e-18 
12.406500    2.1951250e-18 
12.413625    2.1897812e-18 
12.420750    2.1844375e-18 
12.427875    2.1790938e-18 
12.435000    2.1737500e-18 
12.442125    2.1684063e-18 
12.449250    2.1630625e-18 
12.456375    2.1577187e-18 
12.463500    2.1523750e-18 
12.470625    2.1470312e-18 
12.477750    2.1416875e-18 
12.484875    2.1363438e-18 
12.492000    2.1310000e-18 
12.499125    2.1256563e-18 
12.506250    2.1203125e-18 
12.513375    2.1149688e-18 
12.520500    2.1096250e-18 
12.527625    2.1042812e-18 
12.534750    2.0989375e-18 
12.541875    2.0935938e-18 
12.549000    2.0882500e-18 
12.556125    2.0829063e-18 
12.563250    2.0775625e-18 
12.570375    2.0722188e-18 
12.577500    2.0668750e-18 
12.584625    2.0615313e-18 
12.591750    2.0561875e-18 
12.598875    2.0508438e-18 
12.606000    2.0455000e-18 
12.613125    2.0401563e-18 
12.620250    2.0348125e-18 
12.627375    2.0294687e-18 
12.634500    2.0241250e-18 
12.641625    2.0187813e-18 
12.648750    2.0134375e-18 
12.655875    2.0080937e-18 
12.663000    2.0027500e-18 
12.670125    1.9974062e-18 
12.677250    1.9920625e-18 
12.684375    1.9867188e-18 
12.691500    1.9813750e-18 
12.698625    1.9760313e-18 
12.705750    1.9706875e-18 
12.712875    1.9653437e-18 
12.720000    1.9600000e-18 
12.727125    1.9546562e-18 
12.734250    1.9493125e-18 
12.741375    1.9439688e-18 
12.748500    1.9386250e-18 
12.755625    1.9332813e-18 
12.762750    1.9279375e-18 
12.769875    1.9225937e-18 
12.777000    1.9172500e-18 
12.784125    1.9119063e-18 
12.791250    1.9065625e-18 
12.798375    1.9012188e-18 
12.805500    1.8958750e-18 
12.812625    1.8905313e-18 
12.819750    1.8851875e-18 
12.826875    1.8798437e-18 
12.834000    1.8745000e-18 
12.841125    1.8691562e-18 
12.848250    1.8638125e-18 
12.855375    1.8584688e-18 
12.862500    1.8531250e-18 
12.869625    1.8477812e-18 
12.876750    1.8424375e-18 
12.883875    1.8370938e-18 
12.891000    1.8317500e-18 
12.898125    1.8264063e-18 
12.905250    1.8210625e-18 
12.912375    1.8157188e-18 
12.919500    1.8103750e-18 
12.926625    1.8050312e-18 
12.933750    1.7996875e-18 
12.940875    1.7943438e-18 
12.948000    1.7890000e-18 
12.955125    1.7836563e-18 
12.962250    1.7783125e-18 
12.969375    1.7729688e-18 
12.976500    1.7676250e-18 
12.983625    1.7622813e-18 
12.990750    1.7569375e-18 
12.997875    1.7515937e-18 
13.005000    1.7456500e-18 
13.012125    1.7394513e-18 
13.019250    1.7332525e-18 
13.026375    1.7270538e-18 
13.033500    1.7208550e-18 
13.040625    1.7146562e-18 
13.047750    1.7084575e-18 
13.054875    1.7022588e-18 
13.062000    1.6960600e-18 
13.069125    1.6898613e-18 
13.076250    1.6836625e-18 
13.083375    1.6774637e-18 
13.090500    1.6712650e-18 
13.097625    1.6650662e-18 
13.104750    1.6588675e-18 
13.111875    1.6526688e-18 
13.119000    1.6464700e-18 
13.126125    1.6402713e-18 
13.133250    1.6340725e-18 
13.140375    1.6278737e-18 
13.147500    1.6216750e-18 
13.154625    1.6154763e-18 
13.161750    1.6092775e-18 
13.168875    1.6030788e-18 
13.176000    1.5968800e-18 
13.183125    1.5906813e-18 
13.190250    1.5844825e-18 
13.197375    1.5782837e-18 
13.204500    1.5720850e-18 
13.211625    1.5658863e-18 
13.218750    1.5596875e-18 
13.225875    1.5534888e-18 
13.233000    1.5472900e-18 
13.240125    1.5410912e-18 
13.247250    1.5348925e-18 
13.254375    1.5286938e-18 
13.261500    1.5224950e-18 
13.268625    1.5162963e-18 
13.275750    1.5100975e-18 
13.282875    1.5038987e-18 
13.290000    1.4977000e-18 
13.297125    1.4915013e-18 
13.304250    1.4853025e-18 
13.311375    1.4791038e-18 
13.318500    1.4729050e-18 
13.325625    1.4667063e-18 
13.332750    1.4605075e-18 
13.339875    1.4543087e-18 
13.347000    1.4481100e-18 
13.354125    1.4419113e-18 
13.361250    1.4357125e-18 
13.368375    1.4295137e-18 
13.375500    1.4233150e-18 
13.382625    1.4171163e-18 
13.389750    1.4109175e-18 
13.396875    1.4047188e-18 
13.404000    1.3985200e-18 
13.411125    1.3923213e-18 
13.418250    1.3861225e-18 
13.425375    1.3799238e-18 
13.432500    1.3737250e-18 
13.439625    1.3675262e-18 
13.446750    1.3613275e-18 
13.453875    1.3551288e-18 
13.461000    1.3489300e-18 
13.468125    1.3427313e-18 
13.475250    1.3365325e-18 
13.482375    1.3303338e-18 
13.489500    1.3241350e-18 
13.496625    1.3179363e-18 
13.503750    1.3117375e-18 
13.510875    1.3055387e-18 
13.518000    1.2993400e-18 
13.525125    1.2931413e-18 
13.532250    1.2869425e-18 
13.539375    1.2807437e-18 
13.546500    1.2745450e-18 
13.553625    1.2683462e-18 
13.560750    1.2621475e-18 
13.567875    1.2559488e-18 
13.575000    1.2497500e-18 
13.582125    1.2435513e-18 
13.589250    1.2373525e-18 
13.596375    1.2311538e-18 
13.603500    1.2249550e-18 
13.610625    1.2187562e-18 
13.617750    1.2125575e-18 
13.624875    1.2063588e-18 
13.632000    1.2001600e-18 
13.639125    1.1939613e-18 
13.646250    1.1877625e-18 
13.653375    1.1815637e-18 
13.660500    1.1753650e-18 
13.667625    1.1691663e-18 
13.674750    1.1629675e-18 
13.681875    1.1567688e-18 
13.689000    1.1505700e-18 
13.696125    1.1443712e-18 
13.703250    1.1381725e-18 
13.710375    1.1319737e-18 
13.717500    1.1257750e-18 
13.724625    1.1195763e-18 
13.731750    1.1133775e-18 
13.738875    1.1071788e-18 
13.746000    1.1009800e-18 
13.753125    1.0947812e-18 
13.760250    1.0885825e-18 
13.767375    1.0823838e-18 
13.774500    1.0761850e-18 
13.781625    1.0699863e-18 
13.788750    1.0637875e-18 
13.795875    1.0575887e-18 
13.803000    1.0513900e-18 
13.810125    1.0451912e-18 
13.817250    1.0389925e-18 
13.824375    1.0327938e-18 
13.831500    1.0265950e-18 
13.838625    1.0203963e-18 
13.845750    1.0141975e-18 
13.852875    1.0079987e-18 
13.860000    1.0018000e-18 
13.867125    9.9560125e-19 
13.874250    9.8940250e-19 
13.881375    9.8320375e-19 
13.888500    9.7700500e-19 
13.895625    9.7080625e-19 
13.902750    9.6460750e-19 
13.909875    9.5840875e-19 
13.917000    9.5221000e-19 
13.924125    9.4601125e-19 
13.931250    9.3981250e-19 
13.938375    9.3361375e-19 
13.945500    9.2741500e-19 
13.952625    9.2121625e-19 
13.959750    9.1501750e-19 
13.966875    9.0881875e-19 
13.974000    9.0262000e-19 
13.981125    8.9642125e-19 
13.988250    8.9022250e-19 
13.995375    8.8402375e-19 
14.002500    8.7780000e-19 
14.009625    8.7153000e-19 
14.016750    8.6526000e-19 
14.023875    8.5899000e-19 
14.031000    8.5272000e-19 
14.038125    8.4645000e-19 
14.045250    8.4018000e-19 
14.052375    8.3391000e-19 
14.059500    8.2764000e-19 
14.066625    8.2137000e-19 
14.073750    8.1510000e-19 
14.080875    8.0883000e-19 
14.088000    8.0256000e-19 
14.095125    7.9629000e-19 
14.102250    7.9002000e-19 
14.109375    7.8375000e-19 
14.116500    7.7748000e-19 
14.123625    7.7121000e-19 
14.130750    7.6494000e-19 
14.137875    7.5867000e-19 
14.145000    7.5240000e-19 
14.152125    7.4613000e-19 
14.159250    7.3986000e-19 
14.166375    7.3359000e-19 
14.173500    7.2732000e-19 
14.180625    7.2105000e-19 
14.187750    7.1478000e-19 
14.194875    7.0851000e-19 
14.202000    7.0224000e-19 
14.209125    6.9597000e-19 
14.216250    6.8970000e-19 
14.223375    6.8343000e-19 
14.230500    6.7716000e-19 
14.237625    6.7089000e-19 
14.244750    6.6462000e-19 
14.251875    6.5835000e-19 
14.259000    6.5208000e-19 
14.266125    6.4581000e-19 
14.273250    6.3954000e-19 
14.280375    6.3327000e-19 
14.287500    6.2700000e-19 
14.294625    6.2073000e-19 
14.301750    6.1446000e-19 
14.308875    6.0819000e-19 
14.316000    6.0192000e-19 
14.323125    5.9565000e-19 
14.330250    5.8938000e-19 
14.337375    5.8311000e-19 
14.344500    5.7684000e-19 
14.351625    5.7057000e-19 
14.358750    5.6430000e-19 
14.365875    5.5803000e-19 
14.373000    5.5176000e-19 
14.380125    5.4549000e-19 
14.387250    5.3922000e-19 
14.394375    5.3295000e-19 
14.401500    5.2668000e-19 
14.408625    5.2041000e-19 
14.415750    5.1414000e-19 
14.422875    5.0787000e-19 
14.430000    5.0160000e-19 
14.437125    4.9533000e-19 
14.444250    4.8906000e-19 
14.451375    4.8279000e-19 
14.458500    4.7652000e-19 
14.465625    4.7025000e-19 
14.472750    4.6398000e-19 
14.479875    4.5771000e-19 
14.487000    4.5144000e-19 
14.494125    4.4517000e-19 
14.501250    4.3890000e-19 
14.508375    4.3263000e-19 
14.515500    4.2636000e-19 
14.522625    4.2009000e-19 
14.529750    4.1382000e-19 
14.536875    4.0755000e-19 
14.544000    4.0128000e-19 
14.551125    3.9501000e-19 
14.558250    3.8874000e-19 
14.565375    3.8247000e-19 
14.572500    3.7620000e-19 
14.579625    3.6993000e-19 
14.586750    3.6366000e-19 
14.593875    3.5739000e-19 
14.601000    3.5112000e-19 
14.608125    3.4485000e-19 
14.615250    3.3858000e-19 
14.622375    3.3231000e-19 
14.629500    3.2604000e-19 
14.636625    3.1977000e-19 
14.643750    3.1350000e-19 
14.650875    3.0723000e-19 
14.658000    3.0096000e-19 
14.665125    2.9469000e-19 
14.672250    2.8842000e-19 
14.679375    2.8215000e-19 
14.686500    2.7588000e-19 
14.693625    2.6961000e-19 
14.700750    2.6334000e-19 
14.707875    2.5707000e-19 
14.715000    2.5080000e-19 
14.722125    2.4453000e-19 
14.729250    2.3826000e-19 
14.736375    2.3199000e-19 
14.743500    2.2572000e-19 
14.750625    2.1945000e-19 
14.757750    2.1318000e-19 
14.764875    2.0691000e-19 
14.772000    2.0064000e-19 
14.779125    1.9437000e-19 
14.786250    1.8810000e-19 
14.793375    1.8183000e-19 
14.800500    1.7556000e-19 
14.807625    1.6929000e-19 
14.814750    1.6302000e-19 
14.821875    1.5675000e-19 
14.829000    1.5048000e-19 
14.836125    1.4421000e-19 
14.843250    1.3794000e-19 
14.850375    1.3167000e-19 
14.857500    1.2540000e-19 
14.864625    1.1913000e-19 
14.871750    1.1286000e-19 
14.878875    1.0659000e-19 
14.886000    1.0032000e-19 
14.893125    9.4050000e-20 
14.900250    8.7780000e-20 
14.907375    8.1510000e-20 
14.914500    7.5240000e-20 
14.921625    6.8970000e-20 
14.928750    6.2700000e-20 
14.935875    5.6430000e-20 
14.943000    5.0160000e-20 
14.950125    4.3890000e-20 
14.957250    3.7620000e-20 
14.964375    3.1350000e-20 
14.971500    2.5080000e-20 
14.978625    1.8810000e-20 
14.985750    1.2540000e-20 
14.992875    6.2700000e-21 
15.000000    0.0000000e+00 
