0.380000    0.0000000e+00 
0.402310    0.0000000e+00 
0.424620    0.0000000e+00 
0.446930    0.0000000e+00 
0.469240    0.0000000e+00 
0.491550    0.0000000e+00 
0.513860    0.0000000e+00 
0.536170    0.0000000e+00 
0.558480    0.0000000e+00 
0.580790    6.4470000e-18 
0.603100    0.0000000e+00 
0.625410    0.0000000e+00 
0.647720    0.0000000e+00 
0.670030    0.0000000e+00 
0.692340    3.6644500e-17 
0.714650    0.0000000e+00 
0.736960    0.0000000e+00 
0.759270    0.0000000e+00 
0.781580    0.0000000e+00 
0.803890    4.3094250e-17 
0.826200    0.0000000e+00 
0.848510    0.0000000e+00 
0.870820    0.0000000e+00 
0.893130    0.0000000e+00 
0.915440    3.3852000e-17 
0.937750    0.0000000e+00 
0.960060    0.0000000e+00 
0.982370    0.0000000e+00 
1.004680    0.0000000e+00 
1.026990    2.2018500e-17 
1.049300    1.1025000e-18 
1.071610    0.0000000e+00 
1.093920    0.0000000e+00 
1.116230    0.0000000e+00 
1.138540    1.7080000e-17 
1.160850    0.0000000e+00 
1.183160    0.0000000e+00 
1.205470    0.0000000e+00 
1.227780    0.0000000e+00 
1.250090    4.7072500e-18 
1.272400    0.0000000e+00 
1.294710    0.0000000e+00 
1.317020    0.0000000e+00 
1.339330    0.0000000e+00 
1.361640    1.6720000e-18 
1.383950    0.0000000e+00 
1.406260    0.0000000e+00 
1.428570    0.0000000e+00 
1.450880    1.7686000e-18 
1.473190    0.0000000e+00 
1.495500    0.0000000e+00 
1.517810    0.0000000e+00 
1.540120    1.0200000e-20 
1.562430    3.2172500e-19 
1.584740    0.0000000e+00 
1.607050    0.0000000e+00 
1.629360    0.0000000e+00 
1.651670    3.1161000e-19 
1.673980    0.0000000e+00 
1.696290    0.0000000e+00 
1.718600    0.0000000e+00 
1.740910    0.0000000e+00 
1.763220    0.0000000e+00 
1.785530    0.0000000e+00 
1.807840    0.0000000e+00 
1.830150    0.0000000e+00 
1.852460    0.0000000e+00 
1.874770    0.0000000e+00 
1.897080    0.0000000e+00 
1.919390    0.0000000e+00 
1.941700    0.0000000e+00 
1.964010    0.0000000e+00 
1.986320    0.0000000e+00 
2.008630    0.0000000e+00 
2.030940    0.0000000e+00 
2.053250    0.0000000e+00 
2.075560    0.0000000e+00 
2.097870    0.0000000e+00 
2.120180    0.0000000e+00 
2.142490    0.0000000e+00 
2.164800    0.0000000e+00 
2.187110    0.0000000e+00 
2.209420    0.0000000e+00 
2.231730    0.0000000e+00 
2.254040    0.0000000e+00 
2.276350    0.0000000e+00 
2.298660    0.0000000e+00 
2.320970    0.0000000e+00 
2.343280    0.0000000e+00 
2.365590    0.0000000e+00 
2.387900    0.0000000e+00 
2.410210    0.0000000e+00 
2.432520    0.0000000e+00 
2.454830    0.0000000e+00 
2.477140    0.0000000e+00 
2.499450    0.0000000e+00 
2.521760    0.0000000e+00 
2.544070    0.0000000e+00 
2.566380    0.0000000e+00 
2.588690    0.0000000e+00 
2.611000    0.0000000e+00 
2.633310    0.0000000e+00 
2.655620    0.0000000e+00 
2.677930    0.0000000e+00 
2.700240    0.0000000e+00 
2.722550    0.0000000e+00 
2.744860    0.0000000e+00 
2.767170    0.0000000e+00 
2.789480    0.0000000e+00 
2.811790    0.0000000e+00 
2.834100    0.0000000e+00 
2.856410    0.0000000e+00 
2.878720    0.0000000e+00 
2.901030    0.0000000e+00 
2.923340    0.0000000e+00 
2.945650    0.0000000e+00 
2.967960    0.0000000e+00 
2.990270    0.0000000e+00 
3.012580    0.0000000e+00 
3.034890    0.0000000e+00 
3.057200    0.0000000e+00 
3.079510    0.0000000e+00 
3.101820    0.0000000e+00 
3.124130    0.0000000e+00 
3.146440    0.0000000e+00 
3.168750    0.0000000e+00 
3.191060    0.0000000e+00 
3.213370    0.0000000e+00 
3.235680    0.0000000e+00 
3.257990    0.0000000e+00 
3.280300    0.0000000e+00 
3.302610    0.0000000e+00 
3.324920    0.0000000e+00 
3.347230    0.0000000e+00 
3.369540    0.0000000e+00 
3.391850    0.0000000e+00 
3.414160    0.0000000e+00 
3.436470    0.0000000e+00 
3.458780    0.0000000e+00 
3.481090    0.0000000e+00 
3.503400    0.0000000e+00 
3.525710    0.0000000e+00 
3.548020    0.0000000e+00 
3.570330    0.0000000e+00 
3.592640    0.0000000e+00 
3.614950    0.0000000e+00 
3.637260    0.0000000e+00 
3.659570    0.0000000e+00 
3.681880    0.0000000e+00 
3.704190    0.0000000e+00 
3.726500    0.0000000e+00 
3.748810    0.0000000e+00 
3.771120    0.0000000e+00 
3.793430    0.0000000e+00 
3.815740    0.0000000e+00 
3.838050    0.0000000e+00 
3.860360    0.0000000e+00 
3.882670    0.0000000e+00 
3.904980    0.0000000e+00 
3.927290    0.0000000e+00 
3.949600    0.0000000e+00 
3.971910    0.0000000e+00 
3.994220    0.0000000e+00 
4.016530    4.6284000e-20 
4.038840    1.0875200e-19 
4.061150    1.7122000e-19 
4.083460    2.3368800e-19 
4.105770    2.9615600e-19 
4.128080    3.5862400e-19 
4.150390    4.2109200e-19 
4.172700    4.8356000e-19 
4.195010    5.4602800e-19 
4.217320    6.0849600e-19 
4.239630    6.7096400e-19 
4.261940    7.3343200e-19 
4.284250    7.9590000e-19 
4.306560    8.5836800e-19 
4.328870    9.2083600e-19 
4.351180    9.8330400e-19 
4.373490    1.0457720e-18 
4.395800    1.1082400e-18 
4.418110    1.1707080e-18 
4.440420    1.2331760e-18 
4.462730    1.2956440e-18 
4.485040    1.3581120e-18 
4.507350    1.4205800e-18 
4.529660    1.4830480e-18 
4.551970    1.5455160e-18 
4.574280    1.6079840e-18 
4.596590    1.6704520e-18 
4.618900    1.7329200e-18 
4.641210    1.7953880e-18 
4.663520    1.8578560e-18 
4.685830    1.9203240e-18 
4.708140    1.9827920e-18 
4.730450    2.0452600e-18 
4.752760    2.1077280e-18 
4.775070    2.1701960e-18 
4.797380    2.2326640e-18 
4.819690    2.2951320e-18 
4.842000    2.3576000e-18 
4.864310    2.4200680e-18 
4.886620    2.4825360e-18 
4.908930    2.5450040e-18 
4.931240    2.6074720e-18 
4.953550    2.6699400e-18 
4.975860    2.7324080e-18 
4.998170    2.7948760e-18 
5.020480    2.8245760e-18 
5.042790    2.8513480e-18 
5.065100    2.8781200e-18 
5.087410    2.9048920e-18 
5.109720    2.9316640e-18 
5.132030    2.9584360e-18 
5.154340    2.9852080e-18 
5.176650    3.0119800e-18 
5.198960    3.0387520e-18 
5.221270    3.0655240e-18 
5.243580    3.0922960e-18 
5.265890    3.1190680e-18 
5.288200    3.1458400e-18 
5.310510    3.1726120e-18 
5.332820    3.1993840e-18 
5.355130    3.2261560e-18 
5.377440    3.2529280e-18 
5.399750    3.2797000e-18 
5.422060    3.3064720e-18 
5.444370    3.3332440e-18 
5.466680    3.3600160e-18 
5.488990    3.3867880e-18 
5.511300    3.4135600e-18 
5.533610    3.4403320e-18 
5.555920    3.4671040e-18 
5.578230    3.4938760e-18 
5.600540    3.5206480e-18 
5.622850    3.5474200e-18 
5.645160    3.5741920e-18 
5.667470    3.6009640e-18 
5.689780    3.6277360e-18 
5.712090    3.6545080e-18 
5.734400    3.6812800e-18 
5.756710    3.7080520e-18 
5.779020    3.7348240e-18 
5.801330    3.7615960e-18 
5.823640    3.7883680e-18 
5.845950    3.8151400e-18 
5.868260    3.8419120e-18 
5.890570    3.8686840e-18 
5.912880    3.8954560e-18 
5.935190    3.9222280e-18 
5.957500    3.9490000e-18 
5.979810    3.9757720e-18 
6.002120    4.0069960e-18 
6.024430    4.0806190e-18 
6.046740    4.1542420e-18 
6.069050    4.2278650e-18 
6.091360    4.3014880e-18 
6.113670    4.3751110e-18 
6.135980    4.4487340e-18 
6.158290    4.5223570e-18 
6.180600    4.5959800e-18 
6.202910    4.6696030e-18 
6.225220    4.7432260e-18 
6.247530    4.8168490e-18 
6.269840    4.8904720e-18 
6.292150    4.9640950e-18 
6.314460    5.0377180e-18 
6.336770    5.1113410e-18 
6.359080    5.1849640e-18 
6.381390    5.2585870e-18 
6.403700    5.3322100e-18 
6.426010    5.4058330e-18 
6.448320    5.4794560e-18 
6.470630    5.5530790e-18 
6.492940    5.6267020e-18 
6.515250    5.7003250e-18 
6.537560    5.7739480e-18 
6.559870    5.8475710e-18 
6.582180    5.9211940e-18 
6.604490    5.9948170e-18 
6.626800    6.0684400e-18 
6.649110    6.1420630e-18 
6.671420    6.2156860e-18 
6.693730    6.2893090e-18 
6.716040    6.3629320e-18 
6.738350    6.4365550e-18 
6.760660    6.5101780e-18 
6.782970    6.5838010e-18 
6.805280    6.6574240e-18 
6.827590    6.7310470e-18 
6.849900    6.8046700e-18 
6.872210    6.8782930e-18 
6.894520    6.9519160e-18 
6.916830    7.0255390e-18 
6.939140    7.0991620e-18 
6.961450    7.1727850e-18 
6.983760    7.2464080e-18 
7.006070    7.3127470e-18 
7.028380    7.3595980e-18 
7.050690    7.4064490e-18 
7.073000    7.4533000e-18 
7.095310    7.5001510e-18 
7.117620    7.5470020e-18 
7.139930    7.5938530e-18 
7.162240    7.6407040e-18 
7.184550    7.6875550e-18 
7.206860    7.7344060e-18 
7.229170    7.7812570e-18 
7.251480    7.8281080e-18 
7.273790    7.8749590e-18 
7.296100    7.9218100e-18 
7.318410    7.9686610e-18 
7.340720    8.0155120e-18 
7.363030    8.0623630e-18 
7.385340    8.1092140e-18 
7.407650    8.1560650e-18 
7.429960    8.2029160e-18 
7.452270    8.2497670e-18 
7.474580    8.2966180e-18 
7.496890    8.3434690e-18 
7.519200    8.3903200e-18 
7.541510    8.4371710e-18 
7.563820    8.4840220e-18 
7.586130    8.5308730e-18 
7.608440    8.5777240e-18 
7.630750    8.6245750e-18 
7.653060    8.6714260e-18 
7.675370    8.7182770e-18 
7.697680    8.7651280e-18 
7.719990    8.8119790e-18 
7.742300    8.8588300e-18 
7.764610    8.9056810e-18 
7.786920    8.9525320e-18 
7.809230    8.9993830e-18 
7.831540    9.0462340e-18 
7.853850    9.0930850e-18 
7.876160    9.1399360e-18 
7.898470    9.1867870e-18 
7.920780    9.2336380e-18 
7.943090    9.2804890e-18 
7.965400    9.3273400e-18 
7.987710    9.3741910e-18 
8.010020    9.4160320e-18 
8.032330    9.4517280e-18 
8.054640    9.4874240e-18 
8.076950    9.5231200e-18 
8.099260    9.5588160e-18 
8.121570    9.5945120e-18 
8.143880    9.6302080e-18 
8.166190    9.6659040e-18 
8.188500    9.7016000e-18 
8.210810    9.7372960e-18 
8.233120    9.7729920e-18 
8.255430    9.8086880e-18 
8.277740    9.8443840e-18 
8.300050    9.8800800e-18 
8.322360    9.9157760e-18 
8.344670    9.9514720e-18 
8.366980    9.9871680e-18 
8.389290    1.0022864e-17 
8.411600    1.0058560e-17 
8.433910    1.0094256e-17 
8.456220    1.0129952e-17 
8.478530    1.0165648e-17 
8.500840    1.0201344e-17 
8.523150    1.0237040e-17 
8.545460    1.0272736e-17 
8.567770    1.0308432e-17 
8.590080    1.0344128e-17 
8.612390    1.0379824e-17 
8.634700    1.0415520e-17 
8.657010    1.0451216e-17 
8.679320    1.0486912e-17 
8.701630    1.0522608e-17 
8.723940    1.0558304e-17 
8.746250    1.0594000e-17 
8.768560    1.0629696e-17 
8.790870    1.0665392e-17 
8.813180    1.0701088e-17 
8.835490    1.0736784e-17 
8.857800    1.0772480e-17 
8.880110    1.0808176e-17 
8.902420    1.0843872e-17 
8.924730    1.0879568e-17 
8.947040    1.0915264e-17 
8.969350    1.0950960e-17 
8.991660    1.0986656e-17 
9.013970    1.0998603e-17 
9.036280    1.0996372e-17 
9.058590    1.0994141e-17 
9.080900    1.0991910e-17 
9.103210    1.0989679e-17 
9.125520    1.0987448e-17 
9.147830    1.0985217e-17 
9.170140    1.0982986e-17 
9.192450    1.0980755e-17 
9.214760    1.0978524e-17 
9.237070    1.0976293e-17 
9.259380    1.0974062e-17 
9.281690    1.0971831e-17 
9.304000    1.0969600e-17 
9.326310    1.0967369e-17 
9.348620    1.0965138e-17 
9.370930    1.0962907e-17 
9.393240    1.0960676e-17 
9.415550    1.0958445e-17 
9.437860    1.0956214e-17 
9.460170    1.0953983e-17 
9.482480    1.0951752e-17 
9.504790    1.0949521e-17 
9.527100    1.0947290e-17 
9.549410    1.0945059e-17 
9.571720    1.0942828e-17 
9.594030    1.0940597e-17 
9.616340    1.0938366e-17 
9.638650    1.0936135e-17 
9.660960    1.0933904e-17 
9.683270    1.0931673e-17 
9.705580    1.0929442e-17 
9.727890    1.0927211e-17 
9.750200    1.0924980e-17 
9.772510    1.0922749e-17 
9.794820    1.0920518e-17 
9.817130    1.0918287e-17 
9.839440    1.0916056e-17 
9.861750    1.0913825e-17 
9.884060    1.0911594e-17 
9.906370    1.0909363e-17 
9.928680    1.0907132e-17 
9.950990    1.0904901e-17 
9.973300    1.0902670e-17 
9.995610    1.0900439e-17 
10.017920    1.0871328e-17 
10.040230    1.0835632e-17 
10.062540    1.0799936e-17 
10.084850    1.0764240e-17 
10.107160    1.0728544e-17 
10.129470    1.0692848e-17 
10.151780    1.0657152e-17 
10.174090    1.0621456e-17 
10.196400    1.0585760e-17 
10.218710    1.0550064e-17 
10.241020    1.0514368e-17 
10.263330    1.0478672e-17 
10.285640    1.0442976e-17 
10.307950    1.0407280e-17 
10.330260    1.0371584e-17 
10.352570    1.0335888e-17 
10.374880    1.0300192e-17 
10.397190    1.0264496e-17 
10.419500    1.0228800e-17 
10.441810    1.0193104e-17 
10.464120    1.0157408e-17 
10.486430    1.0121712e-17 
10.508740    1.0086016e-17 
10.531050    1.0050320e-17 
10.553360    1.0014624e-17 
10.575670    9.9789280e-18 
10.597980    9.9432320e-18 
10.620290    9.9075360e-18 
10.642600    9.8718400e-18 
10.664910    9.8361440e-18 
10.687220    9.8004480e-18 
10.709530    9.7647520e-18 
10.731840    9.7290560e-18 
10.754150    9.6933600e-18 
10.776460    9.6576640e-18 
10.798770    9.6219680e-18 
10.821080    9.5862720e-18 
10.843390    9.5505760e-18 
10.865700    9.5148800e-18 
10.888010    9.4791840e-18 
10.910320    9.4434880e-18 
10.932630    9.4077920e-18 
10.954940    9.3720960e-18 
10.977250    9.3364000e-18 
10.999560    9.3007040e-18 
11.021870    9.2562600e-18 
11.044180    9.2116400e-18 
11.066490    9.1670200e-18 
11.088800    9.1224000e-18 
11.111110    9.0777800e-18 
11.133420    9.0331600e-18 
11.155730    8.9885400e-18 
11.178040    8.9439200e-18 
11.200350    8.8993000e-18 
11.222660    8.8546800e-18 
11.244970    8.8100600e-18 
11.267280    8.7654400e-18 
11.289590    8.7208200e-18 
11.311900    8.6762000e-18 
11.334210    8.6315800e-18 
11.356520    8.5869600e-18 
11.378830    8.5423400e-18 
11.401140    8.4977200e-18 
11.423450    8.4531000e-18 
11.445760    8.4084800e-18 
11.468070    8.3638600e-18 
11.490380    8.3192400e-18 
11.512690    8.2746200e-18 
11.535000    8.2300000e-18 
11.557310    8.1853800e-18 
11.579620    8.1407600e-18 
11.601930    8.0961400e-18 
11.624240    8.0515200e-18 
11.646550    8.0069000e-18 
11.668860    7.9622800e-18 
11.691170    7.9176600e-18 
11.713480    7.8730400e-18 
11.735790    7.8284200e-18 
11.758100    7.7838000e-18 
11.780410    7.7391800e-18 
11.802720    7.6945600e-18 
11.825030    7.6499400e-18 
11.847340    7.6053200e-18 
11.869650    7.5607000e-18 
11.891960    7.5160800e-18 
11.914270    7.4714600e-18 
11.936580    7.4268400e-18 
11.958890    7.3822200e-18 
11.981200    7.3376000e-18 
12.003510    7.2922780e-18 
12.025820    7.2431960e-18 
12.048130    7.1941140e-18 
12.070440    7.1450320e-18 
12.092750    7.0959500e-18 
12.115060    7.0468680e-18 
12.137370    6.9977860e-18 
12.159680    6.9487040e-18 
12.181990    6.8996220e-18 
12.204300    6.8505400e-18 
12.226610    6.8014580e-18 
12.248920    6.7523760e-18 
12.271230    6.7032940e-18 
12.293540    6.6542120e-18 
12.315850    6.6051300e-18 
12.338160    6.5560480e-18 
12.360470    6.5069660e-18 
12.382780    6.4578840e-18 
12.405090    6.4088020e-18 
12.427400    6.3597200e-18 
12.449710    6.3106380e-18 
12.472020    6.2615560e-18 
12.494330    6.2124740e-18 
12.516640    6.1633920e-18 
12.538950    6.1143100e-18 
12.561260    6.0652280e-18 
12.583570    6.0161460e-18 
12.605880    5.9670640e-18 
12.628190    5.9179820e-18 
12.650500    5.8689000e-18 
12.672810    5.8198180e-18 
12.695120    5.7707360e-18 
12.717430    5.7216540e-18 
12.739740    5.6725720e-18 
12.762050    5.6234900e-18 
12.784360    5.5744080e-18 
12.806670    5.5253260e-18 
12.828980    5.4762440e-18 
12.851290    5.4271620e-18 
12.873600    5.3780800e-18 
12.895910    5.3289980e-18 
12.918220    5.2799160e-18 
12.940530    5.2308340e-18 
12.962840    5.1817520e-18 
12.985150    5.1326700e-18 
13.007460    5.0828420e-18 
13.029770    5.0315290e-18 
13.052080    4.9802160e-18 
13.074390    4.9289030e-18 
13.096700    4.8775900e-18 
13.119010    4.8262770e-18 
13.141320    4.7749640e-18 
13.163630    4.7236510e-18 
13.185940    4.6723380e-18 
13.208250    4.6210250e-18 
13.230560    4.5697120e-18 
13.252870    4.5183990e-18 
13.275180    4.4670860e-18 
13.297490    4.4157730e-18 
13.319800    4.3644600e-18 
13.342110    4.3131470e-18 
13.364420    4.2618340e-18 
13.386730    4.2105210e-18 
13.409040    4.1592080e-18 
13.431350    4.1078950e-18 
13.453660    4.0565820e-18 
13.475970    4.0052690e-18 
13.498280    3.9539560e-18 
13.520590    3.9026430e-18 
13.542900    3.8513300e-18 
13.565210    3.8000170e-18 
13.587520    3.7487040e-18 
13.609830    3.6973910e-18 
13.632140    3.6460780e-18 
13.654450    3.5947650e-18 
13.676760    3.5434520e-18 
13.699070    3.4921390e-18 
13.721380    3.4408260e-18 
13.743690    3.3895130e-18 
13.766000    3.3382000e-18 
13.788310    3.2868870e-18 
13.810620    3.2355740e-18 
13.832930    3.1842610e-18 
13.855240    3.1329480e-18 
13.877550    3.0816350e-18 
13.899860    3.0303220e-18 
13.922170    2.9790090e-18 
13.944480    2.9276960e-18 
13.966790    2.8763830e-18 
13.989100    2.8250700e-18 
14.011410    2.7828850e-18 
14.033720    2.7494200e-18 
14.056030    2.7159550e-18 
14.078340    2.6824900e-18 
14.100650    2.6490250e-18 
14.122960    2.6155600e-18 
14.145270    2.5820950e-18 
14.167580    2.5486300e-18 
14.189890    2.5151650e-18 
14.212200    2.4817000e-18 
14.234510    2.4482350e-18 
14.256820    2.4147700e-18 
14.279130    2.3813050e-18 
14.301440    2.3478400e-18 
14.323750    2.3143750e-18 
14.346060    2.2809100e-18 
14.368370    2.2474450e-18 
14.390680    2.2139800e-18 
14.412990    2.1805150e-18 
14.435300    2.1470500e-18 
14.457610    2.1135850e-18 
14.479920    2.0801200e-18 
14.502230    2.0466550e-18 
14.524540    2.0131900e-18 
14.546850    1.9797250e-18 
14.569160    1.9462600e-18 
14.591470    1.9127950e-18 
14.613780    1.8793300e-18 
14.636090    1.8458650e-18 
14.658400    1.8124000e-18 
14.680710    1.7789350e-18 
14.703020    1.7454700e-18 
14.725330    1.7120050e-18 
14.747640    1.6785400e-18 
14.769950    1.6450750e-18 
14.792260    1.6116100e-18 
14.814570    1.5781450e-18 
14.836880    1.5446800e-18 
14.859190    1.5112150e-18 
14.881500    1.4777500e-18 
14.903810    1.4442850e-18 
14.926120    1.4108200e-18 
14.948430    1.3773550e-18 
14.970740    1.3438900e-18 
14.993050    1.3104250e-18 
15.015360    1.2975424e-18 
15.037670    1.2939728e-18 
15.059980    1.2904032e-18 
15.082290    1.2868336e-18 
15.104600    1.2832640e-18 
15.126910    1.2796944e-18 
15.149220    1.2761248e-18 
15.171530    1.2725552e-18 
15.193840    1.2689856e-18 
15.216150    1.2654160e-18 
15.238460    1.2618464e-18 
15.260770    1.2582768e-18 
15.283080    1.2547072e-18 
15.305390    1.2511376e-18 
15.327700    1.2475680e-18 
15.350010    1.2439984e-18 
15.372320    1.2404288e-18 
15.394630    1.2368592e-18 
15.416940    1.2332896e-18 
15.439250    1.2297200e-18 
15.461560    1.2261504e-18 
15.483870    1.2225808e-18 
15.506180    1.2190112e-18 
15.528490    1.2154416e-18 
15.550800    1.2118720e-18 
15.573110    1.2083024e-18 
15.595420    1.2047328e-18 
15.617730    1.2011632e-18 
15.640040    1.1975936e-18 
15.662350    1.1940240e-18 
15.684660    1.1904544e-18 
15.706970    1.1868848e-18 
15.729280    1.1833152e-18 
15.751590    1.1797456e-18 
15.773900    1.1761760e-18 
15.796210    1.1726064e-18 
15.818520    1.1690368e-18 
15.840830    1.1654672e-18 
15.863140    1.1618976e-18 
15.885450    1.1583280e-18 
15.907760    1.1547584e-18 
15.930070    1.1511888e-18 
15.952380    1.1476192e-18 
15.974690    1.1440496e-18 
15.997000    1.1404800e-18 
16.019310    1.1369104e-18 
16.041620    1.1333408e-18 
16.063930    1.1297712e-18 
16.086240    1.1262016e-18 
16.108550    1.1226320e-18 
16.130860    1.1190624e-18 
16.153170    1.1154928e-18 
16.175480    1.1119232e-18 
16.197790    1.1083536e-18 
16.220100    1.1047840e-18 
16.242410    1.1012144e-18 
16.264720    1.0976448e-18 
16.287030    1.0940752e-18 
16.309340    1.0905056e-18 
16.331650    1.0869360e-18 
16.353960    1.0833664e-18 
16.376270    1.0797968e-18 
16.398580    1.0762272e-18 
16.420890    1.0726576e-18 
16.443200    1.0690880e-18 
16.465510    1.0655184e-18 
16.487820    1.0619488e-18 
16.510130    1.0583792e-18 
16.532440    1.0548096e-18 
16.554750    1.0512400e-18 
16.577060    1.0476704e-18 
16.599370    1.0441008e-18 
16.621680    1.0405312e-18 
16.643990    1.0369616e-18 
16.666300    1.0333920e-18 
16.688610    1.0298224e-18 
16.710920    1.0262528e-18 
16.733230    1.0226832e-18 
16.755540    1.0191136e-18 
16.777850    1.0155440e-18 
16.800160    1.0119744e-18 
16.822470    1.0084048e-18 
16.844780    1.0048352e-18 
16.867090    1.0012656e-18 
16.889400    9.9769600e-19 
16.911710    9.9412640e-19 
16.934020    9.9055680e-19 
16.956330    9.8698720e-19 
16.978640    9.8341760e-19 
17.000950    9.7984800e-19 
17.023260    9.7627840e-19 
17.045570    9.7270880e-19 
17.067880    9.6913920e-19 
17.090190    9.6556960e-19 
17.112500    9.6200000e-19 
17.134810    9.5843040e-19 
17.157120    9.5486080e-19 
17.179430    9.5129120e-19 
17.201740    9.4772160e-19 
17.224050    9.4415200e-19 
17.246360    9.4058240e-19 
17.268670    9.3701280e-19 
17.290980    9.3344320e-19 
17.313290    9.2987360e-19 
17.335600    9.2630400e-19 
17.357910    9.2273440e-19 
17.380220    9.1916480e-19 
17.402530    9.1559520e-19 
17.424840    9.1202560e-19 
17.447150    9.0845600e-19 
17.469460    9.0488640e-19 
17.491770    9.0131680e-19 
17.514080    8.9774720e-19 
17.536390    8.9417760e-19 
17.558700    8.9060800e-19 
17.581010    8.8703840e-19 
17.603320    8.8346880e-19 
17.625630    8.7989920e-19 
17.647940    8.7632960e-19 
17.670250    8.7276000e-19 
17.692560    8.6919040e-19 
17.714870    8.6562080e-19 
17.737180    8.6205120e-19 
17.759490    8.5848160e-19 
17.781800    8.5491200e-19 
17.804110    8.5134240e-19 
17.826420    8.4777280e-19 
17.848730    8.4420320e-19 
17.871040    8.4063360e-19 
17.893350    8.3706400e-19 
17.915660    8.3349440e-19 
17.937970    8.2992480e-19 
17.960280    8.2635520e-19 
17.982590    8.2278560e-19 
18.004900    8.1921600e-19 
18.027210    8.1564640e-19 
18.049520    8.1207680e-19 
18.071830    8.0850720e-19 
18.094140    8.0493760e-19 
18.116450    8.0136800e-19 
18.138760    7.9779840e-19 
18.161070    7.9422880e-19 
18.183380    7.9065920e-19 
18.205690    7.8708960e-19 
18.228000    7.8352000e-19 
18.250310    7.7995040e-19 
18.272620    7.7638080e-19 
18.294930    7.7281120e-19 
18.317240    7.6924160e-19 
18.339550    7.6567200e-19 
18.361860    7.6210240e-19 
18.384170    7.5853280e-19 
18.406480    7.5496320e-19 
18.428790    7.5139360e-19 
18.451100    7.4782400e-19 
18.473410    7.4425440e-19 
18.495720    7.4068480e-19 
18.518030    7.3711520e-19 
18.540340    7.3354560e-19 
18.562650    7.2997600e-19 
18.584960    7.2640640e-19 
18.607270    7.2283680e-19 
18.629580    7.1926720e-19 
18.651890    7.1569760e-19 
18.674200    7.1212800e-19 
18.696510    7.0855840e-19 
18.718820    7.0498880e-19 
18.741130    7.0141920e-19 
18.763440    6.9784960e-19 
18.785750    6.9428000e-19 
18.808060    6.9071040e-19 
18.830370    6.8714080e-19 
18.852680    6.8357120e-19 
18.874990    6.8000160e-19 
18.897300    6.7643200e-19 
18.919610    6.7286240e-19 
18.941920    6.6929280e-19 
18.964230    6.6572320e-19 
18.986540    6.6215360e-19 
19.008850    6.5858400e-19 
19.031160    6.5501440e-19 
19.053470    6.5144480e-19 
19.075780    6.4787520e-19 
19.098090    6.4430560e-19 
19.120400    6.4073600e-19 
19.142710    6.3716640e-19 
19.165020    6.3359680e-19 
19.187330    6.3002720e-19 
19.209640    6.2645760e-19 
19.231950    6.2288800e-19 
19.254260    6.1931840e-19 
19.276570    6.1574880e-19 
19.298880    6.1217920e-19 
19.321190    6.0860960e-19 
19.343500    6.0504000e-19 
19.365810    6.0147040e-19 
19.388120    5.9790080e-19 
19.410430    5.9433120e-19 
19.432740    5.9076160e-19 
19.455050    5.8719200e-19 
19.477360    5.8362240e-19 
19.499670    5.8005280e-19 
19.521980    5.7648320e-19 
19.544290    5.7291360e-19 
19.566600    5.6934400e-19 
19.588910    5.6577440e-19 
19.611220    5.6220480e-19 
19.633530    5.5863520e-19 
19.655840    5.5506560e-19 
19.678150    5.5149600e-19 
19.700460    5.4792640e-19 
19.722770    5.4435680e-19 
19.745080    5.4078720e-19 
19.767390    5.3721760e-19 
19.789700    5.3364800e-19 
19.812010    5.3007840e-19 
19.834320    5.2650880e-19 
19.856630    5.2293920e-19 
19.878940    5.1936960e-19 
19.901250    5.1580000e-19 
19.923560    5.1223040e-19 
19.945870    5.0866080e-19 
19.968180    5.0509120e-19 
19.990490    5.0152160e-19 
20.012800    4.9974400e-19 
20.035110    4.9929780e-19 
20.057420    4.9885160e-19 
20.079730    4.9840540e-19 
20.102040    4.9795920e-19 
20.124350    4.9751300e-19 
20.146660    4.9706680e-19 
20.168970    4.9662060e-19 
20.191280    4.9617440e-19 
20.213590    4.9572820e-19 
20.235900    4.9528200e-19 
20.258210    4.9483580e-19 
20.280520    4.9438960e-19 
20.302830    4.9394340e-19 
20.325140    4.9349720e-19 
20.347450    4.9305100e-19 
20.369760    4.9260480e-19 
20.392070    4.9215860e-19 
20.414380    4.9171240e-19 
20.436690    4.9126620e-19 
20.459000    4.9082000e-19 
20.481310    4.9037380e-19 
20.503620    4.8992760e-19 
20.525930    4.8948140e-19 
20.548240    4.8903520e-19 
20.570550    4.8858900e-19 
20.592860    4.8814280e-19 
20.615170    4.8769660e-19 
20.637480    4.8725040e-19 
20.659790    4.8680420e-19 
20.682100    4.8635800e-19 
20.704410    4.8591180e-19 
20.726720    4.8546560e-19 
20.749030    4.8501940e-19 
20.771340    4.8457320e-19 
20.793650    4.8412700e-19 
20.815960    4.8368080e-19 
20.838270    4.8323460e-19 
20.860580    4.8278840e-19 
20.882890    4.8234220e-19 
20.905200    4.8189600e-19 
20.927510    4.8144980e-19 
20.949820    4.8100360e-19 
20.972130    4.8055740e-19 
20.994440    4.8011120e-19 
21.016750    4.7966500e-19 
21.039060    4.7921880e-19 
21.061370    4.7877260e-19 
21.083680    4.7832640e-19 
21.105990    4.7788020e-19 
21.128300    4.7743400e-19 
21.150610    4.7698780e-19 
21.172920    4.7654160e-19 
21.195230    4.7609540e-19 
21.217540    4.7564920e-19 
21.239850    4.7520300e-19 
21.262160    4.7475680e-19 
21.284470    4.7431060e-19 
21.306780    4.7386440e-19 
21.329090    4.7341820e-19 
21.351400    4.7297200e-19 
21.373710    4.7252580e-19 
21.396020    4.7207960e-19 
21.418330    4.7163340e-19 
21.440640    4.7118720e-19 
21.462950    4.7074100e-19 
21.485260    4.7029480e-19 
21.507570    4.6984860e-19 
21.529880    4.6940240e-19 
21.552190    4.6895620e-19 
21.574500    4.6851000e-19 
21.596810    4.6806380e-19 
21.619120    4.6761760e-19 
21.641430    4.6717140e-19 
21.663740    4.6672520e-19 
21.686050    4.6627900e-19 
21.708360    4.6583280e-19 
21.730670    4.6538660e-19 
21.752980    4.6494040e-19 
21.775290    4.6449420e-19 
21.797600    4.6404800e-19 
21.819910    4.6360180e-19 
21.842220    4.6315560e-19 
21.864530    4.6270940e-19 
21.886840    4.6226320e-19 
21.909150    4.6181700e-19 
21.931460    4.6137080e-19 
21.953770    4.6092460e-19 
21.976080    4.6047840e-19 
21.998390    4.6003220e-19 
22.020700    4.5958600e-19 
22.043010    4.5913980e-19 
22.065320    4.5869360e-19 
22.087630    4.5824740e-19 
22.109940    4.5780120e-19 
22.132250    4.5735500e-19 
22.154560    4.5690880e-19 
22.176870    4.5646260e-19 
22.199180    4.5601640e-19 
22.221490    4.5557020e-19 
22.243800    4.5512400e-19 
22.266110    4.5467780e-19 
22.288420    4.5423160e-19 
22.310730    4.5378540e-19 
22.333040    4.5333920e-19 
22.355350    4.5289300e-19 
22.377660    4.5244680e-19 
22.399970    4.5200060e-19 
22.422280    4.5155440e-19 
22.444590    4.5110820e-19 
22.466900    4.5066200e-19 
22.489210    4.5021580e-19 
22.511520    4.4976960e-19 
22.533830    4.4932340e-19 
22.556140    4.4887720e-19 
22.578450    4.4843100e-19 
22.600760    4.4798480e-19 
22.623070    4.4753860e-19 
22.645380    4.4709240e-19 
22.667690    4.4664620e-19 
22.690000    4.4620000e-19 
22.712310    4.4575380e-19 
22.734620    4.4530760e-19 
22.756930    4.4486140e-19 
22.779240    4.4441520e-19 
22.801550    4.4396900e-19 
22.823860    4.4352280e-19 
22.846170    4.4307660e-19 
22.868480    4.4263040e-19 
22.890790    4.4218420e-19 
22.913100    4.4173800e-19 
22.935410    4.4129180e-19 
22.957720    4.4084560e-19 
22.980030    4.4039940e-19 
23.002340    4.3995320e-19 
23.024650    4.3950700e-19 
23.046960    4.3906080e-19 
23.069270    4.3861460e-19 
23.091580    4.3816840e-19 
23.113890    4.3772220e-19 
23.136200    4.3727600e-19 
23.158510    4.3682980e-19 
23.180820    4.3638360e-19 
23.203130    4.3593740e-19 
23.225440    4.3549120e-19 
23.247750    4.3504500e-19 
23.270060    4.3459880e-19 
23.292370    4.3415260e-19 
23.314680    4.3370640e-19 
23.336990    4.3326020e-19 
23.359300    4.3281400e-19 
23.381610    4.3236780e-19 
23.403920    4.3192160e-19 
23.426230    4.3147540e-19 
23.448540    4.3102920e-19 
23.470850    4.3058300e-19 
23.493160    4.3013680e-19 
23.515470    4.2969060e-19 
23.537780    4.2924440e-19 
23.560090    4.2879820e-19 
23.582400    4.2835200e-19 
23.604710    4.2790580e-19 
23.627020    4.2745960e-19 
23.649330    4.2701340e-19 
23.671640    4.2656720e-19 
23.693950    4.2612100e-19 
23.716260    4.2567480e-19 
23.738570    4.2522860e-19 
23.760880    4.2478240e-19 
23.783190    4.2433620e-19 
23.805500    4.2389000e-19 
23.827810    4.2344380e-19 
23.850120    4.2299760e-19 
23.872430    4.2255140e-19 
23.894740    4.2210520e-19 
23.917050    4.2165900e-19 
23.939360    4.2121280e-19 
23.961670    4.2076660e-19 
23.983980    4.2032040e-19 
24.006290    4.1987420e-19 
24.028600    4.1942800e-19 
24.050910    4.1898180e-19 
24.073220    4.1853560e-19 
24.095530    4.1808940e-19 
24.117840    4.1764320e-19 
24.140150    4.1719700e-19 
24.162460    4.1675080e-19 
24.184770    4.1630460e-19 
24.207080    4.1585840e-19 
24.229390    4.1541220e-19 
24.251700    4.1496600e-19 
24.274010    4.1451980e-19 
24.296320    4.1407360e-19 
24.318630    4.1362740e-19 
24.340940    4.1318120e-19 
24.363250    4.1273500e-19 
24.385560    4.1228880e-19 
24.407870    4.1184260e-19 
24.430180    4.1139640e-19 
24.452490    4.1095020e-19 
24.474800    4.1050400e-19 
24.497110    4.1005780e-19 
24.519420    4.0961160e-19 
24.541730    4.0916540e-19 
24.564040    4.0871920e-19 
24.586350    4.0827300e-19 
24.608660    4.0782680e-19 
24.630970    4.0738060e-19 
24.653280    4.0693440e-19 
24.675590    4.0648820e-19 
24.697900    4.0604200e-19 
24.720210    4.0559580e-19 
24.742520    4.0514960e-19 
24.764830    4.0470340e-19 
24.787140    4.0425720e-19 
24.809450    4.0381100e-19 
24.831760    4.0336480e-19 
24.854070    4.0291860e-19 
24.876380    4.0247240e-19 
24.898690    4.0202620e-19 
24.921000    4.0158000e-19 
24.943310    4.0113380e-19 
24.965620    4.0068760e-19 
24.987930    4.0024140e-19 
25.010240    3.9979520e-19 
25.032550    3.9934900e-19 
25.054860    3.9890280e-19 
25.077170    3.9845660e-19 
25.099480    3.9801040e-19 
25.121790    3.9756420e-19 
25.144100    3.9711800e-19 
25.166410    3.9667180e-19 
25.188720    3.9622560e-19 
25.211030    3.9577940e-19 
25.233340    3.9533320e-19 
25.255650    3.9488700e-19 
25.277960    3.9444080e-19 
25.300270    3.9399460e-19 
25.322580    3.9354840e-19 
25.344890    3.9310220e-19 
25.367200    3.9265600e-19 
25.389510    3.9220980e-19 
25.411820    3.9176360e-19 
25.434130    3.9131740e-19 
25.456440    3.9087120e-19 
25.478750    3.9042500e-19 
25.501060    3.8997880e-19 
25.523370    3.8953260e-19 
25.545680    3.8908640e-19 
25.567990    3.8864020e-19 
25.590300    3.8819400e-19 
25.612610    3.8774780e-19 
25.634920    3.8730160e-19 
25.657230    3.8685540e-19 
25.679540    3.8640920e-19 
25.701850    3.8596300e-19 
25.724160    3.8551680e-19 
25.746470    3.8507060e-19 
25.768780    3.8462440e-19 
25.791090    3.8417820e-19 
25.813400    3.8373200e-19 
25.835710    3.8328580e-19 
25.858020    3.8283960e-19 
25.880330    3.8239340e-19 
25.902640    3.8194720e-19 
25.924950    3.8150100e-19 
25.947260    3.8105480e-19 
25.969570    3.8060860e-19 
25.991880    3.8016240e-19 
26.014190    3.7971620e-19 
26.036500    3.7927000e-19 
26.058810    3.7882380e-19 
26.081120    3.7837760e-19 
26.103430    3.7793140e-19 
26.125740    3.7748520e-19 
26.148050    3.7703900e-19 
26.170360    3.7659280e-19 
26.192670    3.7614660e-19 
26.214980    3.7570040e-19 
26.237290    3.7525420e-19 
26.259600    3.7480800e-19 
26.281910    3.7436180e-19 
26.304220    3.7391560e-19 
26.326530    3.7346940e-19 
26.348840    3.7302320e-19 
26.371150    3.7257700e-19 
26.393460    3.7213080e-19 
26.415770    3.7168460e-19 
26.438080    3.7123840e-19 
26.460390    3.7079220e-19 
26.482700    3.7034600e-19 
26.505010    3.6989980e-19 
26.527320    3.6945360e-19 
26.549630    3.6900740e-19 
26.571940    3.6856120e-19 
26.594250    3.6811500e-19 
26.616560    3.6766880e-19 
26.638870    3.6722260e-19 
26.661180    3.6677640e-19 
26.683490    3.6633020e-19 
26.705800    3.6588400e-19 
26.728110    3.6543780e-19 
26.750420    3.6499160e-19 
26.772730    3.6454540e-19 
26.795040    3.6409920e-19 
26.817350    3.6365300e-19 
26.839660    3.6320680e-19 
26.861970    3.6276060e-19 
26.884280    3.6231440e-19 
26.906590    3.6186820e-19 
26.928900    3.6142200e-19 
26.951210    3.6097580e-19 
26.973520    3.6052960e-19 
26.995830    3.6008340e-19 
27.018140    3.5963720e-19 
27.040450    3.5919100e-19 
27.062760    3.5874480e-19 
27.085070    3.5829860e-19 
27.107380    3.5785240e-19 
27.129690    3.5740620e-19 
27.152000    3.5696000e-19 
27.174310    3.5651380e-19 
27.196620    3.5606760e-19 
27.218930    3.5562140e-19 
27.241240    3.5517520e-19 
27.263550    3.5472900e-19 
27.285860    3.5428280e-19 
27.308170    3.5383660e-19 
27.330480    3.5339040e-19 
27.352790    3.5294420e-19 
27.375100    3.5249800e-19 
27.397410    3.5205180e-19 
27.419720    3.5160560e-19 
27.442030    3.5115940e-19 
27.464340    3.5071320e-19 
27.486650    3.5026700e-19 
27.508960    3.4982080e-19 
27.531270    3.4937460e-19 
27.553580    3.4892840e-19 
27.575890    3.4848220e-19 
27.598200    3.4803600e-19 
27.620510    3.4758980e-19 
27.642820    3.4714360e-19 
27.665130    3.4669740e-19 
27.687440    3.4625120e-19 
27.709750    3.4580500e-19 
27.732060    3.4535880e-19 
27.754370    3.4491260e-19 
27.776680    3.4446640e-19 
27.798990    3.4402020e-19 
27.821300    3.4357400e-19 
27.843610    3.4312780e-19 
27.865920    3.4268160e-19 
27.888230    3.4223540e-19 
27.910540    3.4178920e-19 
27.932850    3.4134300e-19 
27.955160    3.4089680e-19 
27.977470    3.4045060e-19 
27.999780    3.4000440e-19 
28.022090    3.3955820e-19 
28.044400    3.3911200e-19 
28.066710    3.3866580e-19 
28.089020    3.3821960e-19 
28.111330    3.3777340e-19 
28.133640    3.3732720e-19 
28.155950    3.3688100e-19 
28.178260    3.3643480e-19 
28.200570    3.3598860e-19 
28.222880    3.3554240e-19 
28.245190    3.3509620e-19 
28.267500    3.3465000e-19 
28.289810    3.3420380e-19 
28.312120    3.3375760e-19 
28.334430    3.3331140e-19 
28.356740    3.3286520e-19 
28.379050    3.3241900e-19 
28.401360    3.3197280e-19 
28.423670    3.3152660e-19 
28.445980    3.3108040e-19 
28.468290    3.3063420e-19 
28.490600    3.3018800e-19 
28.512910    3.2974180e-19 
28.535220    3.2929560e-19 
28.557530    3.2884940e-19 
28.579840    3.2840320e-19 
28.602150    3.2795700e-19 
28.624460    3.2751080e-19 
28.646770    3.2706460e-19 
28.669080    3.2661840e-19 
28.691390    3.2617220e-19 
28.713700    3.2572600e-19 
28.736010    3.2527980e-19 
28.758320    3.2483360e-19 
28.780630    3.2438740e-19 
28.802940    3.2394120e-19 
28.825250    3.2349500e-19 
28.847560    3.2304880e-19 
28.869870    3.2260260e-19 
28.892180    3.2215640e-19 
28.914490    3.2171020e-19 
28.936800    3.2126400e-19 
28.959110    3.2081780e-19 
28.981420    3.2037160e-19 
29.003730    3.1992540e-19 
29.026040    3.1947920e-19 
29.048350    3.1903300e-19 
29.070660    3.1858680e-19 
29.092970    3.1814060e-19 
29.115280    3.1769440e-19 
29.137590    3.1724820e-19 
29.159900    3.1680200e-19 
29.182210    3.1635580e-19 
29.204520    3.1590960e-19 
29.226830    3.1546340e-19 
29.249140    3.1501720e-19 
29.271450    3.1457100e-19 
29.293760    3.1412480e-19 
29.316070    3.1367860e-19 
29.338380    3.1323240e-19 
29.360690    3.1278620e-19 
29.383000    3.1234000e-19 
29.405310    3.1189380e-19 
29.427620    3.1144760e-19 
29.449930    3.1100140e-19 
29.472240    3.1055520e-19 
29.494550    3.1010900e-19 
29.516860    3.0966280e-19 
29.539170    3.0921660e-19 
29.561480    3.0877040e-19 
29.583790    3.0832420e-19 
29.606100    3.0787800e-19 
29.628410    3.0743180e-19 
29.650720    3.0698560e-19 
29.673030    3.0653940e-19 
29.695340    3.0609320e-19 
29.717650    3.0564700e-19 
29.739960    3.0520080e-19 
29.762270    3.0475460e-19 
29.784580    3.0430840e-19 
29.806890    3.0386220e-19 
29.829200    3.0341600e-19 
29.851510    3.0296980e-19 
29.873820    3.0252360e-19 
29.896130    3.0207740e-19 
29.918440    3.0163120e-19 
29.940750    3.0118500e-19 
29.963060    3.0073880e-19 
29.985370    3.0029260e-19 
30.007680    2.9984640e-19 
30.029990    2.9940020e-19 
30.052300    2.9895400e-19 
30.074610    2.9850780e-19 
30.096920    2.9806160e-19 
30.119230    2.9761540e-19 
30.141540    2.9716920e-19 
30.163850    2.9672300e-19 
30.186160    2.9627680e-19 
30.208470    2.9583060e-19 
30.230780    2.9538440e-19 
30.253090    2.9493820e-19 
30.275400    2.9449200e-19 
30.297710    2.9404580e-19 
30.320020    2.9359960e-19 
30.342330    2.9315340e-19 
30.364640    2.9270720e-19 
30.386950    2.9226100e-19 
30.409260    2.9181480e-19 
30.431570    2.9136860e-19 
30.453880    2.9092240e-19 
30.476190    2.9047620e-19 
30.498500    2.9003000e-19 
30.520810    2.8958380e-19 
30.543120    2.8913760e-19 
30.565430    2.8869140e-19 
30.587740    2.8824520e-19 
30.610050    2.8779900e-19 
30.632360    2.8735280e-19 
30.654670    2.8690660e-19 
30.676980    2.8646040e-19 
30.699290    2.8601420e-19 
30.721600    2.8556800e-19 
30.743910    2.8512180e-19 
30.766220    2.8467560e-19 
30.788530    2.8422940e-19 
30.810840    2.8378320e-19 
30.833150    2.8333700e-19 
30.855460    2.8289080e-19 
30.877770    2.8244460e-19 
30.900080    2.8199840e-19 
30.922390    2.8155220e-19 
30.944700    2.8110600e-19 
30.967010    2.8065980e-19 
30.989320    2.8021360e-19 
31.011630    2.7976740e-19 
31.033940    2.7932120e-19 
31.056250    2.7887500e-19 
31.078560    2.7842880e-19 
31.100870    2.7798260e-19 
31.123180    2.7753640e-19 
31.145490    2.7709020e-19 
31.167800    2.7664400e-19 
31.190110    2.7619780e-19 
31.212420    2.7575160e-19 
31.234730    2.7530540e-19 
31.257040    2.7485920e-19 
31.279350    2.7441300e-19 
31.301660    2.7396680e-19 
31.323970    2.7352060e-19 
31.346280    2.7307440e-19 
31.368590    2.7262820e-19 
31.390900    2.7218200e-19 
31.413210    2.7173580e-19 
31.435520    2.7128960e-19 
31.457830    2.7084340e-19 
31.480140    2.7039720e-19 
31.502450    2.6995100e-19 
31.524760    2.6950480e-19 
31.547070    2.6905860e-19 
31.569380    2.6861240e-19 
31.591690    2.6816620e-19 
31.614000    2.6772000e-19 
31.636310    2.6727380e-19 
31.658620    2.6682760e-19 
31.680930    2.6638140e-19 
31.703240    2.6593520e-19 
31.725550    2.6548900e-19 
31.747860    2.6504280e-19 
31.770170    2.6459660e-19 
31.792480    2.6415040e-19 
31.814790    2.6370420e-19 
31.837100    2.6325800e-19 
31.859410    2.6281180e-19 
31.881720    2.6236560e-19 
31.904030    2.6191940e-19 
31.926340    2.6147320e-19 
31.948650    2.6102700e-19 
31.970960    2.6058080e-19 
31.993270    2.6013460e-19 
32.015580    2.5968840e-19 
32.037890    2.5924220e-19 
32.060200    2.5879600e-19 
32.082510    2.5834980e-19 
32.104820    2.5790360e-19 
32.127130    2.5745740e-19 
32.149440    2.5701120e-19 
32.171750    2.5656500e-19 
32.194060    2.5611880e-19 
32.216370    2.5567260e-19 
32.238680    2.5522640e-19 
32.260990    2.5478020e-19 
32.283300    2.5433400e-19 
32.305610    2.5388780e-19 
32.327920    2.5344160e-19 
32.350230    2.5299540e-19 
32.372540    2.5254920e-19 
32.394850    2.5210300e-19 
32.417160    2.5165680e-19 
32.439470    2.5121060e-19 
32.461780    2.5076440e-19 
32.484090    2.5031820e-19 
32.506400    2.4987200e-19 
32.528710    2.4942580e-19 
32.551020    2.4897960e-19 
32.573330    2.4853340e-19 
32.595640    2.4808720e-19 
32.617950    2.4764100e-19 
32.640260    2.4719480e-19 
32.662570    2.4674860e-19 
32.684880    2.4630240e-19 
32.707190    2.4585620e-19 
32.729500    2.4541000e-19 
32.751810    2.4496380e-19 
32.774120    2.4451760e-19 
32.796430    2.4407140e-19 
32.818740    2.4362520e-19 
32.841050    2.4317900e-19 
32.863360    2.4273280e-19 
32.885670    2.4228660e-19 
32.907980    2.4184040e-19 
32.930290    2.4139420e-19 
32.952600    2.4094800e-19 
32.974910    2.4050180e-19 
32.997220    2.4005560e-19 
33.019530    2.3960940e-19 
33.041840    2.3916320e-19 
33.064150    2.3871700e-19 
33.086460    2.3827080e-19 
33.108770    2.3782460e-19 
33.131080    2.3737840e-19 
33.153390    2.3693220e-19 
33.175700    2.3648600e-19 
33.198010    2.3603980e-19 
33.220320    2.3559360e-19 
33.242630    2.3514740e-19 
33.264940    2.3470120e-19 
33.287250    2.3425500e-19 
33.309560    2.3380880e-19 
33.331870    2.3336260e-19 
33.354180    2.3291640e-19 
33.376490    2.3247020e-19 
33.398800    2.3202400e-19 
33.421110    2.3157780e-19 
33.443420    2.3113160e-19 
33.465730    2.3068540e-19 
33.488040    2.3023920e-19 
33.510350    2.2979300e-19 
33.532660    2.2934680e-19 
33.554970    2.2890060e-19 
33.577280    2.2845440e-19 
33.599590    2.2800820e-19 
33.621900    2.2756200e-19 
33.644210    2.2711580e-19 
33.666520    2.2666960e-19 
33.688830    2.2622340e-19 
33.711140    2.2577720e-19 
33.733450    2.2533100e-19 
33.755760    2.2488480e-19 
33.778070    2.2443860e-19 
33.800380    2.2399240e-19 
33.822690    2.2354620e-19 
33.845000    2.2310000e-19 
33.867310    2.2265380e-19 
33.889620    2.2220760e-19 
33.911930    2.2176140e-19 
33.934240    2.2131520e-19 
33.956550    2.2086900e-19 
33.978860    2.2042280e-19 
34.001170    2.1997660e-19 
34.023480    2.1953040e-19 
34.045790    2.1908420e-19 
34.068100    2.1863800e-19 
34.090410    2.1819180e-19 
34.112720    2.1774560e-19 
34.135030    2.1729940e-19 
34.157340    2.1685320e-19 
34.179650    2.1640700e-19 
34.201960    2.1596080e-19 
34.224270    2.1551460e-19 
34.246580    2.1506840e-19 
34.268890    2.1462220e-19 
34.291200    2.1417600e-19 
34.313510    2.1372980e-19 
34.335820    2.1328360e-19 
34.358130    2.1283740e-19 
34.380440    2.1239120e-19 
34.402750    2.1194500e-19 
34.425060    2.1149880e-19 
34.447370    2.1105260e-19 
34.469680    2.1060640e-19 
34.491990    2.1016020e-19 
34.514300    2.0971400e-19 
34.536610    2.0926780e-19 
34.558920    2.0882160e-19 
34.581230    2.0837540e-19 
34.603540    2.0792920e-19 
34.625850    2.0748300e-19 
34.648160    2.0703680e-19 
34.670470    2.0659060e-19 
34.692780    2.0614440e-19 
34.715090    2.0569820e-19 
34.737400    2.0525200e-19 
34.759710    2.0480580e-19 
34.782020    2.0435960e-19 
34.804330    2.0391340e-19 
34.826640    2.0346720e-19 
34.848950    2.0302100e-19 
34.871260    2.0257480e-19 
34.893570    2.0212860e-19 
34.915880    2.0168240e-19 
34.938190    2.0123620e-19 
34.960500    2.0079000e-19 
34.982810    2.0034380e-19 
35.005120    1.9989760e-19 
35.027430    1.9945140e-19 
35.049740    1.9900520e-19 
35.072050    1.9855900e-19 
35.094360    1.9811280e-19 
35.116670    1.9766660e-19 
35.138980    1.9722040e-19 
35.161290    1.9677420e-19 
35.183600    1.9632800e-19 
35.205910    1.9588180e-19 
35.228220    1.9543560e-19 
35.250530    1.9498940e-19 
35.272840    1.9454320e-19 
35.295150    1.9409700e-19 
35.317460    1.9365080e-19 
35.339770    1.9320460e-19 
35.362080    1.9275840e-19 
35.384390    1.9231220e-19 
35.406700    1.9186600e-19 
35.429010    1.9141980e-19 
35.451320    1.9097360e-19 
35.473630    1.9052740e-19 
35.495940    1.9008120e-19 
35.518250    1.8963500e-19 
35.540560    1.8918880e-19 
35.562870    1.8874260e-19 
35.585180    1.8829640e-19 
35.607490    1.8785020e-19 
35.629800    1.8740400e-19 
35.652110    1.8695780e-19 
35.674420    1.8651160e-19 
35.696730    1.8606540e-19 
35.719040    1.8561920e-19 
35.741350    1.8517300e-19 
35.763660    1.8472680e-19 
35.785970    1.8428060e-19 
35.808280    1.8383440e-19 
35.830590    1.8338820e-19 
35.852900    1.8294200e-19 
35.875210    1.8249580e-19 
35.897520    1.8204960e-19 
35.919830    1.8160340e-19 
35.942140    1.8115720e-19 
35.964450    1.8071100e-19 
35.986760    1.8026480e-19 
36.009070    1.7981860e-19 
36.031380    1.7937240e-19 
36.053690    1.7892620e-19 
36.076000    1.7848000e-19 
36.098310    1.7803380e-19 
36.120620    1.7758760e-19 
36.142930    1.7714140e-19 
36.165240    1.7669520e-19 
36.187550    1.7624900e-19 
36.209860    1.7580280e-19 
36.232170    1.7535660e-19 
36.254480    1.7491040e-19 
36.276790    1.7446420e-19 
36.299100    1.7401800e-19 
36.321410    1.7357180e-19 
36.343720    1.7312560e-19 
36.366030    1.7267940e-19 
36.388340    1.7223320e-19 
36.410650    1.7178700e-19 
36.432960    1.7134080e-19 
36.455270    1.7089460e-19 
36.477580    1.7044840e-19 
36.499890    1.7000220e-19 
36.522200    1.6955600e-19 
36.544510    1.6910980e-19 
36.566820    1.6866360e-19 
36.589130    1.6821740e-19 
36.611440    1.6777120e-19 
36.633750    1.6732500e-19 
36.656060    1.6687880e-19 
36.678370    1.6643260e-19 
36.700680    1.6598640e-19 
36.722990    1.6554020e-19 
36.745300    1.6509400e-19 
36.767610    1.6464780e-19 
36.789920    1.6420160e-19 
36.812230    1.6375540e-19 
36.834540    1.6330920e-19 
36.856850    1.6286300e-19 
36.879160    1.6241680e-19 
36.901470    1.6197060e-19 
36.923780    1.6152440e-19 
36.946090    1.6107820e-19 
36.968400    1.6063200e-19 
36.990710    1.6018580e-19 
37.013020    1.5973960e-19 
37.035330    1.5929340e-19 
37.057640    1.5884720e-19 
37.079950    1.5840100e-19 
37.102260    1.5795480e-19 
37.124570    1.5750860e-19 
37.146880    1.5706240e-19 
37.169190    1.5661620e-19 
37.191500    1.5617000e-19 
37.213810    1.5572380e-19 
37.236120    1.5527760e-19 
37.258430    1.5483140e-19 
37.280740    1.5438520e-19 
37.303050    1.5393900e-19 
37.325360    1.5349280e-19 
37.347670    1.5304660e-19 
37.369980    1.5260040e-19 
37.392290    1.5215420e-19 
37.414600    1.5170800e-19 
37.436910    1.5126180e-19 
37.459220    1.5081560e-19 
37.481530    1.5036940e-19 
37.503840    1.4992320e-19 
37.526150    1.4947700e-19 
37.548460    1.4903080e-19 
37.570770    1.4858460e-19 
37.593080    1.4813840e-19 
37.615390    1.4769220e-19 
37.637700    1.4724600e-19 
37.660010    1.4679980e-19 
37.682320    1.4635360e-19 
37.704630    1.4590740e-19 
37.726940    1.4546120e-19 
37.749250    1.4501500e-19 
37.771560    1.4456880e-19 
37.793870    1.4412260e-19 
37.816180    1.4367640e-19 
37.838490    1.4323020e-19 
37.860800    1.4278400e-19 
37.883110    1.4233780e-19 
37.905420    1.4189160e-19 
37.927730    1.4144540e-19 
37.950040    1.4099920e-19 
37.972350    1.4055300e-19 
37.994660    1.4010680e-19 
38.016970    1.3966060e-19 
38.039280    1.3921440e-19 
38.061590    1.3876820e-19 
38.083900    1.3832200e-19 
38.106210    1.3787580e-19 
38.128520    1.3742960e-19 
38.150830    1.3698340e-19 
38.173140    1.3653720e-19 
38.195450    1.3609100e-19 
38.217760    1.3564480e-19 
38.240070    1.3519860e-19 
38.262380    1.3475240e-19 
38.284690    1.3430620e-19 
38.307000    1.3386000e-19 
38.329310    1.3341380e-19 
38.351620    1.3296760e-19 
38.373930    1.3252140e-19 
38.396240    1.3207520e-19 
38.418550    1.3162900e-19 
38.440860    1.3118280e-19 
38.463170    1.3073660e-19 
38.485480    1.3029040e-19 
38.507790    1.2984420e-19 
38.530100    1.2939800e-19 
38.552410    1.2895180e-19 
38.574720    1.2850560e-19 
38.597030    1.2805940e-19 
38.619340    1.2761320e-19 
38.641650    1.2716700e-19 
38.663960    1.2672080e-19 
38.686270    1.2627460e-19 
38.708580    1.2582840e-19 
38.730890    1.2538220e-19 
38.753200    1.2493600e-19 
38.775510    1.2448980e-19 
38.797820    1.2404360e-19 
38.820130    1.2359740e-19 
38.842440    1.2315120e-19 
38.864750    1.2270500e-19 
38.887060    1.2225880e-19 
38.909370    1.2181260e-19 
38.931680    1.2136640e-19 
38.953990    1.2092020e-19 
38.976300    1.2047400e-19 
38.998610    1.2002780e-19 
39.020920    1.1958160e-19 
39.043230    1.1913540e-19 
39.065540    1.1868920e-19 
39.087850    1.1824300e-19 
39.110160    1.1779680e-19 
39.132470    1.1735060e-19 
39.154780    1.1690440e-19 
39.177090    1.1645820e-19 
39.199400    1.1601200e-19 
39.221710    1.1556580e-19 
39.244020    1.1511960e-19 
39.266330    1.1467340e-19 
39.288640    1.1422720e-19 
39.310950    1.1378100e-19 
39.333260    1.1333480e-19 
39.355570    1.1288860e-19 
39.377880    1.1244240e-19 
39.400190    1.1199620e-19 
39.422500    1.1155000e-19 
39.444810    1.1110380e-19 
39.467120    1.1065760e-19 
39.489430    1.1021140e-19 
39.511740    1.0976520e-19 
39.534050    1.0931900e-19 
39.556360    1.0887280e-19 
39.578670    1.0842660e-19 
39.600980    1.0798040e-19 
39.623290    1.0753420e-19 
39.645600    1.0708800e-19 
39.667910    1.0664180e-19 
39.690220    1.0619560e-19 
39.712530    1.0574940e-19 
39.734840    1.0530320e-19 
39.757150    1.0485700e-19 
39.779460    1.0441080e-19 
39.801770    1.0396460e-19 
39.824080    1.0351840e-19 
39.846390    1.0307220e-19 
39.868700    1.0262600e-19 
39.891010    1.0217980e-19 
39.913320    1.0173360e-19 
39.935630    1.0128740e-19 
39.957940    1.0084120e-19 
39.980250    1.0039500e-19 
40.002560    9.9948800e-20 
40.024870    9.9502600e-20 
40.047180    9.9056400e-20 
40.069490    9.8610200e-20 
40.091800    9.8164000e-20 
40.114110    9.7717800e-20 
40.136420    9.7271600e-20 
40.158730    9.6825400e-20 
40.181040    9.6379200e-20 
40.203350    9.5933000e-20 
40.225660    9.5486800e-20 
40.247970    9.5040600e-20 
40.270280    9.4594400e-20 
40.292590    9.4148200e-20 
40.314900    9.3702000e-20 
40.337210    9.3255800e-20 
40.359520    9.2809600e-20 
40.381830    9.2363400e-20 
40.404140    9.1917200e-20 
40.426450    9.1471000e-20 
40.448760    9.1024800e-20 
40.471070    9.0578600e-20 
40.493380    9.0132400e-20 
40.515690    8.9686200e-20 
40.538000    8.9240000e-20 
40.560310    8.8793800e-20 
40.582620    8.8347600e-20 
40.604930    8.7901400e-20 
40.627240    8.7455200e-20 
40.649550    8.7009000e-20 
40.671860    8.6562800e-20 
40.694170    8.6116600e-20 
40.716480    8.5670400e-20 
40.738790    8.5224200e-20 
40.761100    8.4778000e-20 
40.783410    8.4331800e-20 
40.805720    8.3885600e-20 
40.828030    8.3439400e-20 
40.850340    8.2993200e-20 
40.872650    8.2547000e-20 
40.894960    8.2100800e-20 
40.917270    8.1654600e-20 
40.939580    8.1208400e-20 
40.961890    8.0762200e-20 
40.984200    8.0316000e-20 
41.006510    7.9869800e-20 
41.028820    7.9423600e-20 
41.051130    7.8977400e-20 
41.073440    7.8531200e-20 
41.095750    7.8085000e-20 
41.118060    7.7638800e-20 
41.140370    7.7192600e-20 
41.162680    7.6746400e-20 
41.184990    7.6300200e-20 
41.207300    7.5854000e-20 
41.229610    7.5407800e-20 
41.251920    7.4961600e-20 
41.274230    7.4515400e-20 
41.296540    7.4069200e-20 
41.318850    7.3623000e-20 
41.341160    7.3176800e-20 
41.363470    7.2730600e-20 
41.385780    7.2284400e-20 
41.408090    7.1838200e-20 
41.430400    7.1392000e-20 
41.452710    7.0945800e-20 
41.475020    7.0499600e-20 
41.497330    7.0053400e-20 
41.519640    6.9607200e-20 
41.541950    6.9161000e-20 
41.564260    6.8714800e-20 
41.586570    6.8268600e-20 
41.608880    6.7822400e-20 
41.631190    6.7376200e-20 
41.653500    6.6930000e-20 
41.675810    6.6483800e-20 
41.698120    6.6037600e-20 
41.720430    6.5591400e-20 
41.742740    6.5145200e-20 
41.765050    6.4699000e-20 
41.787360    6.4252800e-20 
41.809670    6.3806600e-20 
41.831980    6.3360400e-20 
41.854290    6.2914200e-20 
41.876600    6.2468000e-20 
41.898910    6.2021800e-20 
41.921220    6.1575600e-20 
41.943530    6.1129400e-20 
41.965840    6.0683200e-20 
41.988150    6.0237000e-20 
42.010460    5.9790800e-20 
42.032770    5.9344600e-20 
42.055080    5.8898400e-20 
42.077390    5.8452200e-20 
42.099700    5.8006000e-20 
42.122010    5.7559800e-20 
42.144320    5.7113600e-20 
42.166630    5.6667400e-20 
42.188940    5.6221200e-20 
42.211250    5.5775000e-20 
42.233560    5.5328800e-20 
42.255870    5.4882600e-20 
42.278180    5.4436400e-20 
42.300490    5.3990200e-20 
42.322800    5.3544000e-20 
42.345110    5.3097800e-20 
42.367420    5.2651600e-20 
42.389730    5.2205400e-20 
42.412040    5.1759200e-20 
42.434350    5.1313000e-20 
42.456660    5.0866800e-20 
42.478970    5.0420600e-20 
42.501280    4.9974400e-20 
42.523590    4.9528200e-20 
42.545900    4.9082000e-20 
42.568210    4.8635800e-20 
42.590520    4.8189600e-20 
42.612830    4.7743400e-20 
42.635140    4.7297200e-20 
42.657450    4.6851000e-20 
42.679760    4.6404800e-20 
42.702070    4.5958600e-20 
42.724380    4.5512400e-20 
42.746690    4.5066200e-20 
42.769000    4.4620000e-20 
42.791310    4.4173800e-20 
42.813620    4.3727600e-20 
42.835930    4.3281400e-20 
42.858240    4.2835200e-20 
42.880550    4.2389000e-20 
42.902860    4.1942800e-20 
42.925170    4.1496600e-20 
42.947480    4.1050400e-20 
42.969790    4.0604200e-20 
42.992100    4.0158000e-20 
43.014410    3.9711800e-20 
43.036720    3.9265600e-20 
43.059030    3.8819400e-20 
43.081340    3.8373200e-20 
43.103650    3.7927000e-20 
43.125960    3.7480800e-20 
43.148270    3.7034600e-20 
43.170580    3.6588400e-20 
43.192890    3.6142200e-20 
43.215200    3.5696000e-20 
43.237510    3.5249800e-20 
43.259820    3.4803600e-20 
43.282130    3.4357400e-20 
43.304440    3.3911200e-20 
43.326750    3.3465000e-20 
43.349060    3.3018800e-20 
43.371370    3.2572600e-20 
43.393680    3.2126400e-20 
43.415990    3.1680200e-20 
43.438300    3.1234000e-20 
43.460610    3.0787800e-20 
43.482920    3.0341600e-20 
43.505230    2.9895400e-20 
43.527540    2.9449200e-20 
43.549850    2.9003000e-20 
43.572160    2.8556800e-20 
43.594470    2.8110600e-20 
43.616780    2.7664400e-20 
43.639090    2.7218200e-20 
43.661400    2.6772000e-20 
43.683710    2.6325800e-20 
43.706020    2.5879600e-20 
43.728330    2.5433400e-20 
43.750640    2.4987200e-20 
43.772950    2.4541000e-20 
43.795260    2.4094800e-20 
43.817570    2.3648600e-20 
43.839880    2.3202400e-20 
43.862190    2.2756200e-20 
43.884500    2.2310000e-20 
43.906810    2.1863800e-20 
43.929120    2.1417600e-20 
43.951430    2.0971400e-20 
43.973740    2.0525200e-20 
43.996050    2.0079000e-20 
44.018360    1.9632800e-20 
44.040670    1.9186600e-20 
44.062980    1.8740400e-20 
44.085290    1.8294200e-20 
44.107600    1.7848000e-20 
44.129910    1.7401800e-20 
44.152220    1.6955600e-20 
44.174530    1.6509400e-20 
44.196840    1.6063200e-20 
44.219150    1.5617000e-20 
44.241460    1.5170800e-20 
44.263770    1.4724600e-20 
44.286080    1.4278400e-20 
44.308390    1.3832200e-20 
44.330700    1.3386000e-20 
44.353010    1.2939800e-20 
44.375320    1.2493600e-20 
44.397630    1.2047400e-20 
44.419940    1.1601200e-20 
44.442250    1.1155000e-20 
44.464560    1.0708800e-20 
44.486870    1.0262600e-20 
44.509180    9.8164000e-21 
44.531490    9.3702000e-21 
44.553800    8.9240000e-21 
44.576110    8.4778000e-21 
44.598420    8.0316000e-21 
44.620730    7.5854000e-21 
44.643040    7.1392000e-21 
44.665350    6.6930000e-21 
44.687660    6.2468000e-21 
44.709970    5.8006000e-21 
44.732280    5.3544000e-21 
44.754590    4.9082000e-21 
44.776900    4.4620000e-21 
44.799210    4.0158000e-21 
44.821520    3.5696000e-21 
44.843830    3.1234000e-21 
44.866140    2.6772000e-21 
44.888450    2.2310000e-21 
44.910760    1.7848000e-21 
44.933070    1.3386000e-21 
44.955380    8.9240000e-22 
44.977690    4.4620000e-22 
45.000000    0.0000000e+00 
