0.000000    8.3000000e-15 
0.100000    2.8927049e-15 
0.200000    2.3124324e-15 
0.300000    2.2493272e-15 
0.400000    2.2377500e-15 
0.500000    2.2261729e-15 
0.600000    2.2145957e-15 
0.700000    2.2030185e-15 
0.800000    2.1914414e-15 
0.900000    2.1798642e-15 
1.000000    2.1682871e-15 
1.100000    2.1567099e-15 
1.200000    2.1451327e-15 
1.300000    2.1335556e-15 
1.400000    2.1219784e-15 
1.500000    2.1104013e-15 
1.600000    2.0988241e-15 
1.700000    2.0872469e-15 
1.800000    2.0756698e-15 
1.900000    2.0640926e-15 
2.000000    2.0525155e-15 
2.100000    2.0409383e-15 
2.200000    2.0293611e-15 
2.300000    2.0177840e-15 
2.400000    2.0062068e-15 
2.500000    1.9946297e-15 
2.600000    1.9830525e-15 
2.700000    1.9714753e-15 
2.800000    1.9598982e-15 
2.900000    1.9483210e-15 
3.000000    1.9367438e-15 
3.100000    1.9251667e-15 
3.200000    1.9135895e-15 
3.300000    1.9020124e-15 
3.400000    1.8904352e-15 
3.500000    1.8788580e-15 
3.600000    1.8672809e-15 
3.700000    1.8557037e-15 
3.800000    1.8441266e-15 
3.900000    1.8325494e-15 
4.000000    1.8209722e-15 
4.100000    1.8093951e-15 
4.200000    1.7978179e-15 
4.300000    1.7862408e-15 
4.400000    1.7746636e-15 
4.500000    1.7630864e-15 
4.600000    1.7515093e-15 
4.700000    1.7399321e-15 
4.800000    1.7283550e-15 
4.900000    1.7167778e-15 
5.000000    1.7052006e-15 
5.100000    1.6936235e-15 
5.200000    1.6820463e-15 
5.300000    1.6704691e-15 
5.400000    1.6588920e-15 
5.500000    1.6473148e-15 
5.600000    1.6357377e-15 
5.700000    1.6241605e-15 
5.800000    1.6125833e-15 
5.900000    1.6010062e-15 
6.000000    1.5894290e-15 
6.100000    1.5778519e-15 
6.200000    1.5662747e-15 
6.300000    1.5546975e-15 
6.400000    1.5431204e-15 
6.500000    1.5315432e-15 
6.600000    1.5199661e-15 
6.700000    1.5083889e-15 
6.800000    1.4968117e-15 
6.900000    1.4852346e-15 
7.000000    1.4736574e-15 
7.100000    1.4620803e-15 
7.200000    1.4505031e-15 
7.300000    1.4389259e-15 
7.400000    1.4273488e-15 
7.500000    1.4157716e-15 
7.600000    1.4041944e-15 
7.700000    1.3926173e-15 
7.800000    1.3810401e-15 
7.900000    1.3694630e-15 
8.000000    1.3578858e-15 
8.100000    1.3463086e-15 
8.200000    1.3347315e-15 
8.300000    1.3231543e-15 
8.400000    1.3115772e-15 
8.500000    1.3000000e-15 
8.600000    1.2966667e-15 
8.700000    1.2933333e-15 
8.800000    1.2900000e-15 
8.900000    1.2866667e-15 
9.000000    1.2833333e-15 
9.100000    1.2800000e-15 
9.200000    1.2766667e-15 
9.300000    1.2733333e-15 
9.400000    1.2700000e-15 
9.500000    1.2666667e-15 
9.600000    1.2633333e-15 
9.700000    1.2600000e-15 
9.800000    1.2566667e-15 
9.900000    1.2533333e-15 
10.000000    1.2500000e-15 
10.100000    1.2466667e-15 
10.200000    1.2433333e-15 
10.300000    1.2400000e-15 
10.400000    1.2366667e-15 
10.500000    1.2333333e-15 
10.600000    1.2300000e-15 
10.700000    1.2266667e-15 
10.800000    1.2233333e-15 
10.900000    1.2200000e-15 
11.000000    1.2166667e-15 
11.100000    1.2133333e-15 
11.200000    1.2100000e-15 
11.300000    1.2066667e-15 
11.400000    1.2033333e-15 
11.500000    1.2000000e-15 
11.600000    1.1985714e-15 
11.700000    1.1971429e-15 
11.800000    1.1957143e-15 
11.900000    1.1942857e-15 
12.000000    1.1928571e-15 
12.100000    1.1914286e-15 
12.200000    1.1900000e-15 
12.300000    1.1885714e-15 
12.400000    1.1871429e-15 
12.500000    1.1857143e-15 
12.600000    1.1842857e-15 
12.700000    1.1828571e-15 
12.800000    1.1814286e-15 
12.900000    1.1800000e-15 
13.000000    1.1785714e-15 
13.100000    1.1771429e-15 
13.200000    1.1757143e-15 
13.300000    1.1742857e-15 
13.400000    1.1728571e-15 
13.500000    1.1714286e-15 
13.600000    1.1700000e-15 
13.700000    1.1685714e-15 
13.800000    1.1671429e-15 
13.900000    1.1657143e-15 
14.000000    1.1642857e-15 
14.100000    1.1628571e-15 
14.200000    1.1614286e-15 
14.300000    1.1600000e-15 
14.400000    1.1585714e-15 
14.500000    1.1571429e-15 
14.600000    1.1557143e-15 
14.700000    1.1542857e-15 
14.800000    1.1528571e-15 
14.900000    1.1514286e-15 
15.000000    1.1500000e-15 
15.100000    1.1490000e-15 
15.200000    1.1480000e-15 
15.300000    1.1470000e-15 
15.400000    1.1460000e-15 
15.500000    1.1450000e-15 
15.600000    1.1440000e-15 
15.700000    1.1430000e-15 
15.800000    1.1420000e-15 
15.900000    1.1410000e-15 
16.000000    1.1400000e-15 
16.100000    1.1390000e-15 
16.200000    1.1380000e-15 
16.300000    1.1370000e-15 
16.400000    1.1360000e-15 
16.500000    1.1350000e-15 
16.600000    1.1340000e-15 
16.700000    1.1330000e-15 
16.800000    1.1320000e-15 
16.900000    1.1310000e-15 
17.000000    1.1300000e-15 
17.100000    1.1290000e-15 
17.200000    1.1280000e-15 
17.300000    1.1270000e-15 
17.400000    1.1260000e-15 
17.500000    1.1250000e-15 
17.600000    1.1240000e-15 
17.700000    1.1230000e-15 
17.800000    1.1220000e-15 
17.900000    1.1210000e-15 
18.000000    1.1200000e-15 
18.100000    1.1190000e-15 
18.200000    1.1180000e-15 
18.300000    1.1170000e-15 
18.400000    1.1160000e-15 
18.500000    1.1150000e-15 
18.600000    1.1140000e-15 
18.700000    1.1130000e-15 
18.800000    1.1120000e-15 
18.900000    1.1110000e-15 
19.000000    1.1100000e-15 
19.100000    1.1090000e-15 
19.200000    1.1080000e-15 
19.300000    1.1070000e-15 
19.400000    1.1060000e-15 
19.500000    1.1050000e-15 
19.600000    1.1040000e-15 
19.700000    1.1030000e-15 
19.800000    1.1020000e-15 
19.900000    1.1010000e-15 
20.000000    1.1000000e-15 
20.100000    1.0990000e-15 
20.200000    1.0980000e-15 
20.300000    1.0970000e-15 
20.400000    1.0960000e-15 
20.500000    1.0950000e-15 
20.600000    1.0940000e-15 
20.700000    1.0930000e-15 
20.800000    1.0920000e-15 
20.900000    1.0910000e-15 
21.000000    1.0900000e-15 
21.100000    1.0890000e-15 
21.200000    1.0880000e-15 
21.300000    1.0870000e-15 
21.400000    1.0860000e-15 
21.500000    1.0850000e-15 
21.600000    1.0840000e-15 
21.700000    1.0830000e-15 
21.800000    1.0820000e-15 
21.900000    1.0810000e-15 
22.000000    1.0800000e-15 
22.100000    1.0790000e-15 
22.200000    1.0780000e-15 
22.300000    1.0770000e-15 
22.400000    1.0760000e-15 
22.500000    1.0750000e-15 
22.600000    1.0740000e-15 
22.700000    1.0730000e-15 
22.800000    1.0720000e-15 
22.900000    1.0710000e-15 
23.000000    1.0700000e-15 
23.100000    1.0690000e-15 
23.200000    1.0680000e-15 
23.300000    1.0670000e-15 
23.400000    1.0660000e-15 
23.500000    1.0650000e-15 
23.600000    1.0640000e-15 
23.700000    1.0630000e-15 
23.800000    1.0620000e-15 
23.900000    1.0610000e-15 
24.000000    1.0600000e-15 
24.100000    1.0590000e-15 
24.200000    1.0580000e-15 
24.300000    1.0570000e-15 
24.400000    1.0560000e-15 
24.500000    1.0550000e-15 
24.600000    1.0540000e-15 
24.700000    1.0530000e-15 
24.800000    1.0520000e-15 
24.900000    1.0510000e-15 
25.000000    1.0500000e-15 
25.100000    1.0492308e-15 
25.200000    1.0484615e-15 
25.300000    1.0476923e-15 
25.400000    1.0469231e-15 
25.500000    1.0461538e-15 
25.600000    1.0453846e-15 
25.700000    1.0446154e-15 
25.800000    1.0438462e-15 
25.900000    1.0430769e-15 
26.000000    1.0423077e-15 
26.100000    1.0415385e-15 
26.200000    1.0407692e-15 
26.300000    1.0400000e-15 
26.400000    1.0392308e-15 
26.500000    1.0384615e-15 
26.600000    1.0376923e-15 
26.700000    1.0369231e-15 
26.800000    1.0361538e-15 
26.900000    1.0353846e-15 
27.000000    1.0346154e-15 
27.100000    1.0338462e-15 
27.200000    1.0330769e-15 
27.300000    1.0323077e-15 
27.400000    1.0315385e-15 
27.500000    1.0307692e-15 
27.600000    1.0300000e-15 
27.700000    1.0292308e-15 
27.800000    1.0284615e-15 
27.900000    1.0276923e-15 
28.000000    1.0269231e-15 
28.100000    1.0261538e-15 
28.200000    1.0253846e-15 
28.300000    1.0246154e-15 
28.400000    1.0238462e-15 
28.500000    1.0230769e-15 
28.600000    1.0223077e-15 
28.700000    1.0215385e-15 
28.800000    1.0207692e-15 
28.900000    1.0200000e-15 
29.000000    1.0192308e-15 
29.100000    1.0184615e-15 
29.200000    1.0176923e-15 
29.300000    1.0169231e-15 
29.400000    1.0161538e-15 
29.500000    1.0153846e-15 
29.600000    1.0146154e-15 
29.700000    1.0138462e-15 
29.800000    1.0130769e-15 
29.900000    1.0123077e-15 
30.000000    1.0115385e-15 
30.100000    1.0107692e-15 
30.200000    1.0100000e-15 
30.300000    1.0092308e-15 
30.400000    1.0084615e-15 
30.500000    1.0076923e-15 
30.600000    1.0069231e-15 
30.700000    1.0061538e-15 
30.800000    1.0053846e-15 
30.900000    1.0046154e-15 
31.000000    1.0038462e-15 
31.100000    1.0030769e-15 
31.200000    1.0023077e-15 
31.300000    1.0015385e-15 
31.400000    1.0007692e-15 
31.500000    1.0000000e-15 
31.600000    9.9972973e-16 
31.700000    9.9945946e-16 
31.800000    9.9918919e-16 
31.900000    9.9891892e-16 
32.000000    9.9864865e-16 
32.100000    9.9837838e-16 
32.200000    9.9810811e-16 
32.300000    9.9783784e-16 
32.400000    9.9756757e-16 
32.500000    9.9729730e-16 
32.600000    9.9702703e-16 
32.700000    9.9675676e-16 
32.800000    9.9648649e-16 
32.900000    9.9621622e-16 
33.000000    9.9594595e-16 
33.100000    9.9567568e-16 
33.200000    9.9540541e-16 
33.300000    9.9513514e-16 
33.400000    9.9486486e-16 
33.500000    9.9459459e-16 
33.600000    9.9432432e-16 
33.700000    9.9405405e-16 
33.800000    9.9378378e-16 
33.900000    9.9351351e-16 
34.000000    9.9324324e-16 
34.100000    9.9297297e-16 
34.200000    9.9270270e-16 
34.300000    9.9243243e-16 
34.400000    9.9216216e-16 
34.500000    9.9189189e-16 
34.600000    9.9162162e-16 
34.700000    9.9135135e-16 
34.800000    9.9108108e-16 
34.900000    9.9081081e-16 
35.000000    9.9054054e-16 
35.100000    9.9027027e-16 
35.200000    9.9000000e-16 
35.300000    9.8972973e-16 
35.400000    9.8945946e-16 
35.500000    9.8918919e-16 
35.600000    9.8891892e-16 
35.700000    9.8864865e-16 
35.800000    9.8837838e-16 
35.900000    9.8810811e-16 
36.000000    9.8783784e-16 
36.100000    9.8756757e-16 
36.200000    9.8729730e-16 
36.300000    9.8702703e-16 
36.400000    9.8675676e-16 
36.500000    9.8648649e-16 
36.600000    9.8621622e-16 
36.700000    9.8594595e-16 
36.800000    9.8567568e-16 
36.900000    9.8540541e-16 
37.000000    9.8513514e-16 
37.100000    9.8486486e-16 
37.200000    9.8459459e-16 
37.300000    9.8432432e-16 
37.400000    9.8405405e-16 
37.500000    9.8378378e-16 
37.600000    9.8351351e-16 
37.700000    9.8324324e-16 
37.800000    9.8297297e-16 
37.900000    9.8270270e-16 
38.000000    9.8243243e-16 
38.100000    9.8216216e-16 
38.200000    9.8189189e-16 
38.300000    9.8162162e-16 
38.400000    9.8135135e-16 
38.500000    9.8108108e-16 
38.600000    9.8081081e-16 
38.700000    9.8054054e-16 
38.800000    9.8027027e-16 
38.900000    9.8000000e-16 
39.000000    9.7972973e-16 
39.100000    9.7945946e-16 
39.200000    9.7918919e-16 
39.300000    9.7891892e-16 
39.400000    9.7864865e-16 
39.500000    9.7837838e-16 
39.600000    9.7810811e-16 
39.700000    9.7783784e-16 
39.800000    9.7756757e-16 
39.900000    9.7729730e-16 
40.000000    9.7702703e-16 
40.100000    9.7675676e-16 
40.200000    9.7648649e-16 
40.300000    9.7621622e-16 
40.400000    9.7594595e-16 
40.500000    9.7567568e-16 
40.600000    9.7540541e-16 
40.700000    9.7513514e-16 
40.800000    9.7486486e-16 
40.900000    9.7459459e-16 
41.000000    9.7432432e-16 
41.100000    9.7405405e-16 
41.200000    9.7378378e-16 
41.300000    9.7351351e-16 
41.400000    9.7324324e-16 
41.500000    9.7297297e-16 
41.600000    9.7270270e-16 
41.700000    9.7243243e-16 
41.800000    9.7216216e-16 
41.900000    9.7189189e-16 
42.000000    9.7162162e-16 
42.100000    9.7135135e-16 
42.200000    9.7108108e-16 
42.300000    9.7081081e-16 
42.400000    9.7054054e-16 
42.500000    9.7027027e-16 
42.600000    9.7000000e-16 
42.700000    9.6972973e-16 
42.800000    9.6945946e-16 
42.900000    9.6918919e-16 
43.000000    9.6891892e-16 
43.100000    9.6864865e-16 
43.200000    9.6837838e-16 
43.300000    9.6810811e-16 
43.400000    9.6783784e-16 
43.500000    9.6756757e-16 
43.600000    9.6729730e-16 
43.700000    9.6702703e-16 
43.800000    9.6675676e-16 
43.900000    9.6648649e-16 
44.000000    9.6621622e-16 
44.100000    9.6594595e-16 
44.200000    9.6567568e-16 
44.300000    9.6540541e-16 
44.400000    9.6513514e-16 
44.500000    9.6486486e-16 
44.600000    9.6459459e-16 
44.700000    9.6432432e-16 
44.800000    9.6405405e-16 
44.900000    9.6378378e-16 
45.000000    9.6351351e-16 
45.100000    9.6324324e-16 
45.200000    9.6297297e-16 
45.300000    9.6270270e-16 
45.400000    9.6243243e-16 
45.500000    9.6216216e-16 
45.600000    9.6189189e-16 
45.700000    9.6162162e-16 
45.800000    9.6135135e-16 
45.900000    9.6108108e-16 
46.000000    9.6081081e-16 
46.100000    9.6054054e-16 
46.200000    9.6027027e-16 
46.300000    9.6000000e-16 
46.400000    9.5972973e-16 
46.500000    9.5945946e-16 
46.600000    9.5918919e-16 
46.700000    9.5891892e-16 
46.800000    9.5864865e-16 
46.900000    9.5837838e-16 
47.000000    9.5810811e-16 
47.100000    9.5783784e-16 
47.200000    9.5756757e-16 
47.300000    9.5729730e-16 
47.400000    9.5702703e-16 
47.500000    9.5675676e-16 
47.600000    9.5648649e-16 
47.700000    9.5621622e-16 
47.800000    9.5594595e-16 
47.900000    9.5567568e-16 
48.000000    9.5540541e-16 
48.100000    9.5513514e-16 
48.200000    9.5486486e-16 
48.300000    9.5459459e-16 
48.400000    9.5432432e-16 
48.500000    9.5405405e-16 
48.600000    9.5378378e-16 
48.700000    9.5351351e-16 
48.800000    9.5324324e-16 
48.900000    9.5297297e-16 
49.000000    9.5270270e-16 
49.100000    9.5243243e-16 
49.200000    9.5216216e-16 
49.300000    9.5189189e-16 
49.400000    9.5162162e-16 
49.500000    9.5135135e-16 
49.600000    9.5108108e-16 
49.700000    9.5081081e-16 
49.800000    9.5054054e-16 
49.900000    9.5027027e-16 
50.000000    9.5000000e-16 
50.100000    9.4990000e-16 
50.200000    9.4980000e-16 
50.300000    9.4970000e-16 
50.400000    9.4960000e-16 
50.500000    9.4950000e-16 
50.600000    9.4940000e-16 
50.700000    9.4930000e-16 
50.800000    9.4920000e-16 
50.900000    9.4910000e-16 
51.000000    9.4900000e-16 
51.100000    9.4890000e-16 
51.200000    9.4880000e-16 
51.300000    9.4870000e-16 
51.400000    9.4860000e-16 
51.500000    9.4850000e-16 
51.600000    9.4840000e-16 
51.700000    9.4830000e-16 
51.800000    9.4820000e-16 
51.900000    9.4810000e-16 
52.000000    9.4800000e-16 
52.100000    9.4790000e-16 
52.200000    9.4780000e-16 
52.300000    9.4770000e-16 
52.400000    9.4760000e-16 
52.500000    9.4750000e-16 
52.600000    9.4740000e-16 
52.700000    9.4730000e-16 
52.800000    9.4720000e-16 
52.900000    9.4710000e-16 
53.000000    9.4700000e-16 
53.100000    9.4690000e-16 
53.200000    9.4680000e-16 
53.300000    9.4670000e-16 
53.400000    9.4660000e-16 
53.500000    9.4650000e-16 
53.600000    9.4640000e-16 
53.700000    9.4630000e-16 
53.800000    9.4620000e-16 
53.900000    9.4610000e-16 
54.000000    9.4600000e-16 
54.100000    9.4590000e-16 
54.200000    9.4580000e-16 
54.300000    9.4570000e-16 
54.400000    9.4560000e-16 
54.500000    9.4550000e-16 
54.600000    9.4540000e-16 
54.700000    9.4530000e-16 
54.800000    9.4520000e-16 
54.900000    9.4510000e-16 
55.000000    9.4500000e-16 
55.100000    9.4490000e-16 
55.200000    9.4480000e-16 
55.300000    9.4470000e-16 
55.400000    9.4460000e-16 
55.500000    9.4450000e-16 
55.600000    9.4440000e-16 
55.700000    9.4430000e-16 
55.800000    9.4420000e-16 
55.900000    9.4410000e-16 
56.000000    9.4400000e-16 
56.100000    9.4390000e-16 
56.200000    9.4380000e-16 
56.300000    9.4370000e-16 
56.400000    9.4360000e-16 
56.500000    9.4350000e-16 
56.600000    9.4340000e-16 
56.700000    9.4330000e-16 
56.800000    9.4320000e-16 
56.900000    9.4310000e-16 
57.000000    9.4300000e-16 
57.100000    9.4290000e-16 
57.200000    9.4280000e-16 
57.300000    9.4270000e-16 
57.400000    9.4260000e-16 
57.500000    9.4250000e-16 
57.600000    9.4240000e-16 
57.700000    9.4230000e-16 
57.800000    9.4220000e-16 
57.900000    9.4210000e-16 
58.000000    9.4200000e-16 
58.100000    9.4190000e-16 
58.200000    9.4180000e-16 
58.300000    9.4170000e-16 
58.400000    9.4160000e-16 
58.500000    9.4150000e-16 
58.600000    9.4140000e-16 
58.700000    9.4130000e-16 
58.800000    9.4120000e-16 
58.900000    9.4110000e-16 
59.000000    9.4100000e-16 
59.100000    9.4090000e-16 
59.200000    9.4080000e-16 
59.300000    9.4070000e-16 
59.400000    9.4060000e-16 
59.500000    9.4050000e-16 
59.600000    9.4040000e-16 
59.700000    9.4030000e-16 
59.800000    9.4020000e-16 
59.900000    9.4010000e-16 
60.000000    9.4000000e-16 
60.100000    9.3990000e-16 
60.200000    9.3980000e-16 
60.300000    9.3970000e-16 
60.400000    9.3960000e-16 
60.500000    9.3950000e-16 
60.600000    9.3940000e-16 
60.700000    9.3930000e-16 
60.800000    9.3920000e-16 
60.900000    9.3910000e-16 
61.000000    9.3900000e-16 
61.100000    9.3890000e-16 
61.200000    9.3880000e-16 
61.300000    9.3870000e-16 
61.400000    9.3860000e-16 
61.500000    9.3850000e-16 
61.600000    9.3840000e-16 
61.700000    9.3830000e-16 
61.800000    9.3820000e-16 
61.900000    9.3810000e-16 
62.000000    9.3800000e-16 
62.100000    9.3790000e-16 
62.200000    9.3780000e-16 
62.300000    9.3770000e-16 
62.400000    9.3760000e-16 
62.500000    9.3750000e-16 
62.600000    9.3740000e-16 
62.700000    9.3730000e-16 
62.800000    9.3720000e-16 
62.900000    9.3710000e-16 
63.000000    9.3700000e-16 
63.100000    9.3690000e-16 
63.200000    9.3680000e-16 
63.300000    9.3670000e-16 
63.400000    9.3660000e-16 
63.500000    9.3650000e-16 
63.600000    9.3640000e-16 
63.700000    9.3630000e-16 
63.800000    9.3620000e-16 
63.900000    9.3610000e-16 
64.000000    9.3600000e-16 
64.100000    9.3590000e-16 
64.200000    9.3580000e-16 
64.300000    9.3570000e-16 
64.400000    9.3560000e-16 
64.500000    9.3550000e-16 
64.600000    9.3540000e-16 
64.700000    9.3530000e-16 
64.800000    9.3520000e-16 
64.900000    9.3510000e-16 
65.000000    9.3500000e-16 
65.100000    9.3490000e-16 
65.200000    9.3480000e-16 
65.300000    9.3470000e-16 
65.400000    9.3460000e-16 
65.500000    9.3450000e-16 
65.600000    9.3440000e-16 
65.700000    9.3430000e-16 
65.800000    9.3420000e-16 
65.900000    9.3410000e-16 
66.000000    9.3400000e-16 
66.100000    9.3390000e-16 
66.200000    9.3380000e-16 
66.300000    9.3370000e-16 
66.400000    9.3360000e-16 
66.500000    9.3350000e-16 
66.600000    9.3340000e-16 
66.700000    9.3330000e-16 
66.800000    9.3320000e-16 
66.900000    9.3310000e-16 
67.000000    9.3300000e-16 
67.100000    9.3290000e-16 
67.200000    9.3280000e-16 
67.300000    9.3270000e-16 
67.400000    9.3260000e-16 
67.500000    9.3250000e-16 
67.600000    9.3240000e-16 
67.700000    9.3230000e-16 
67.800000    9.3220000e-16 
67.900000    9.3210000e-16 
68.000000    9.3200000e-16 
68.100000    9.3190000e-16 
68.200000    9.3180000e-16 
68.300000    9.3170000e-16 
68.400000    9.3160000e-16 
68.500000    9.3150000e-16 
68.600000    9.3140000e-16 
68.700000    9.3130000e-16 
68.800000    9.3120000e-16 
68.900000    9.3110000e-16 
69.000000    9.3100000e-16 
69.100000    9.3090000e-16 
69.200000    9.3080000e-16 
69.300000    9.3070000e-16 
69.400000    9.3060000e-16 
69.500000    9.3050000e-16 
69.600000    9.3040000e-16 
69.700000    9.3030000e-16 
69.800000    9.3020000e-16 
69.900000    9.3010000e-16 
70.000000    9.3000000e-16 
70.100000    9.2990000e-16 
70.200000    9.2980000e-16 
70.300000    9.2970000e-16 
70.400000    9.2960000e-16 
70.500000    9.2950000e-16 
70.600000    9.2940000e-16 
70.700000    9.2930000e-16 
70.800000    9.2920000e-16 
70.900000    9.2910000e-16 
71.000000    9.2900000e-16 
71.100000    9.2890000e-16 
71.200000    9.2880000e-16 
71.300000    9.2870000e-16 
71.400000    9.2860000e-16 
71.500000    9.2850000e-16 
71.600000    9.2840000e-16 
71.700000    9.2830000e-16 
71.800000    9.2820000e-16 
71.900000    9.2810000e-16 
72.000000    9.2800000e-16 
72.100000    9.2790000e-16 
72.200000    9.2780000e-16 
72.300000    9.2770000e-16 
72.400000    9.2760000e-16 
72.500000    9.2750000e-16 
72.600000    9.2740000e-16 
72.700000    9.2730000e-16 
72.800000    9.2720000e-16 
72.900000    9.2710000e-16 
73.000000    9.2700000e-16 
73.100000    9.2690000e-16 
73.200000    9.2680000e-16 
73.300000    9.2670000e-16 
73.400000    9.2660000e-16 
73.500000    9.2650000e-16 
73.600000    9.2640000e-16 
73.700000    9.2630000e-16 
73.800000    9.2620000e-16 
73.900000    9.2610000e-16 
74.000000    9.2600000e-16 
74.100000    9.2590000e-16 
74.200000    9.2580000e-16 
74.300000    9.2570000e-16 
74.400000    9.2560000e-16 
74.500000    9.2550000e-16 
74.600000    9.2540000e-16 
74.700000    9.2530000e-16 
74.800000    9.2520000e-16 
74.900000    9.2510000e-16 
75.000000    9.2500000e-16 
75.100000    9.2490000e-16 
75.200000    9.2480000e-16 
75.300000    9.2470000e-16 
75.400000    9.2460000e-16 
75.500000    9.2450000e-16 
75.600000    9.2440000e-16 
75.700000    9.2430000e-16 
75.800000    9.2420000e-16 
75.900000    9.2410000e-16 
76.000000    9.2400000e-16 
76.100000    9.2390000e-16 
76.200000    9.2380000e-16 
76.300000    9.2370000e-16 
76.400000    9.2360000e-16 
76.500000    9.2350000e-16 
76.600000    9.2340000e-16 
76.700000    9.2330000e-16 
76.800000    9.2320000e-16 
76.900000    9.2310000e-16 
77.000000    9.2300000e-16 
77.100000    9.2290000e-16 
77.200000    9.2280000e-16 
77.300000    9.2270000e-16 
77.400000    9.2260000e-16 
77.500000    9.2250000e-16 
77.600000    9.2240000e-16 
77.700000    9.2230000e-16 
77.800000    9.2220000e-16 
77.900000    9.2210000e-16 
78.000000    9.2200000e-16 
78.100000    9.2190000e-16 
78.200000    9.2180000e-16 
78.300000    9.2170000e-16 
78.400000    9.2160000e-16 
78.500000    9.2150000e-16 
78.600000    9.2140000e-16 
78.700000    9.2130000e-16 
78.800000    9.2120000e-16 
78.900000    9.2110000e-16 
79.000000    9.2100000e-16 
79.100000    9.2090000e-16 
79.200000    9.2080000e-16 
79.300000    9.2070000e-16 
79.400000    9.2060000e-16 
79.500000    9.2050000e-16 
79.600000    9.2040000e-16 
79.700000    9.2030000e-16 
79.800000    9.2020000e-16 
79.900000    9.2010000e-16 
80.000000    9.2000000e-16 
80.100000    9.1990000e-16 
80.200000    9.1980000e-16 
80.300000    9.1970000e-16 
80.400000    9.1960000e-16 
80.500000    9.1950000e-16 
80.600000    9.1940000e-16 
80.700000    9.1930000e-16 
80.800000    9.1920000e-16 
80.900000    9.1910000e-16 
81.000000    9.1900000e-16 
81.100000    9.1890000e-16 
81.200000    9.1880000e-16 
81.300000    9.1870000e-16 
81.400000    9.1860000e-16 
81.500000    9.1850000e-16 
81.600000    9.1840000e-16 
81.700000    9.1830000e-16 
81.800000    9.1820000e-16 
81.900000    9.1810000e-16 
82.000000    9.1800000e-16 
82.100000    9.1790000e-16 
82.200000    9.1780000e-16 
82.300000    9.1770000e-16 
82.400000    9.1760000e-16 
82.500000    9.1750000e-16 
82.600000    9.1740000e-16 
82.700000    9.1730000e-16 
82.800000    9.1720000e-16 
82.900000    9.1710000e-16 
83.000000    9.1700000e-16 
83.100000    9.1690000e-16 
83.200000    9.1680000e-16 
83.300000    9.1670000e-16 
83.400000    9.1660000e-16 
83.500000    9.1650000e-16 
83.600000    9.1640000e-16 
83.700000    9.1630000e-16 
83.800000    9.1620000e-16 
83.900000    9.1610000e-16 
84.000000    9.1600000e-16 
84.100000    9.1590000e-16 
84.200000    9.1580000e-16 
84.300000    9.1570000e-16 
84.400000    9.1560000e-16 
84.500000    9.1550000e-16 
84.600000    9.1540000e-16 
84.700000    9.1530000e-16 
84.800000    9.1520000e-16 
84.900000    9.1510000e-16 
85.000000    9.1500000e-16 
85.100000    9.1490000e-16 
85.200000    9.1480000e-16 
85.300000    9.1470000e-16 
85.400000    9.1460000e-16 
85.500000    9.1450000e-16 
85.600000    9.1440000e-16 
85.700000    9.1430000e-16 
85.800000    9.1420000e-16 
85.900000    9.1410000e-16 
86.000000    9.1400000e-16 
86.100000    9.1390000e-16 
86.200000    9.1380000e-16 
86.300000    9.1370000e-16 
86.400000    9.1360000e-16 
86.500000    9.1350000e-16 
86.600000    9.1340000e-16 
86.700000    9.1330000e-16 
86.800000    9.1320000e-16 
86.900000    9.1310000e-16 
87.000000    9.1300000e-16 
87.100000    9.1290000e-16 
87.200000    9.1280000e-16 
87.300000    9.1270000e-16 
87.400000    9.1260000e-16 
87.500000    9.1250000e-16 
87.600000    9.1240000e-16 
87.700000    9.1230000e-16 
87.800000    9.1220000e-16 
87.900000    9.1210000e-16 
88.000000    9.1200000e-16 
88.100000    9.1190000e-16 
88.200000    9.1180000e-16 
88.300000    9.1170000e-16 
88.400000    9.1160000e-16 
88.500000    9.1150000e-16 
88.600000    9.1140000e-16 
88.700000    9.1130000e-16 
88.800000    9.1120000e-16 
88.900000    9.1110000e-16 
89.000000    9.1100000e-16 
89.100000    9.1090000e-16 
89.200000    9.1080000e-16 
89.300000    9.1070000e-16 
89.400000    9.1060000e-16 
89.500000    9.1050000e-16 
89.600000    9.1040000e-16 
89.700000    9.1030000e-16 
89.800000    9.1020000e-16 
89.900000    9.1010000e-16 
90.000000    9.1000000e-16 
90.100000    9.0990000e-16 
90.200000    9.0980000e-16 
90.300000    9.0970000e-16 
90.400000    9.0960000e-16 
90.500000    9.0950000e-16 
90.600000    9.0940000e-16 
90.700000    9.0930000e-16 
90.800000    9.0920000e-16 
90.900000    9.0910000e-16 
91.000000    9.0900000e-16 
91.100000    9.0890000e-16 
91.200000    9.0880000e-16 
91.300000    9.0870000e-16 
91.400000    9.0860000e-16 
91.500000    9.0850000e-16 
91.600000    9.0840000e-16 
91.700000    9.0830000e-16 
91.800000    9.0820000e-16 
91.900000    9.0810000e-16 
92.000000    9.0800000e-16 
92.100000    9.0790000e-16 
92.200000    9.0780000e-16 
92.300000    9.0770000e-16 
92.400000    9.0760000e-16 
92.500000    9.0750000e-16 
92.600000    9.0740000e-16 
92.700000    9.0730000e-16 
92.800000    9.0720000e-16 
92.900000    9.0710000e-16 
93.000000    9.0700000e-16 
93.100000    9.0690000e-16 
93.200000    9.0680000e-16 
93.300000    9.0670000e-16 
93.400000    9.0660000e-16 
93.500000    9.0650000e-16 
93.600000    9.0640000e-16 
93.700000    9.0630000e-16 
93.800000    9.0620000e-16 
93.900000    9.0610000e-16 
94.000000    9.0600000e-16 
94.100000    9.0590000e-16 
94.200000    9.0580000e-16 
94.300000    9.0570000e-16 
94.400000    9.0560000e-16 
94.500000    9.0550000e-16 
94.600000    9.0540000e-16 
94.700000    9.0530000e-16 
94.800000    9.0520000e-16 
94.900000    9.0510000e-16 
95.000000    9.0500000e-16 
95.100000    9.0490000e-16 
95.200000    9.0480000e-16 
95.300000    9.0470000e-16 
95.400000    9.0460000e-16 
95.500000    9.0450000e-16 
95.600000    9.0440000e-16 
95.700000    9.0430000e-16 
95.800000    9.0420000e-16 
95.900000    9.0410000e-16 
96.000000    9.0400000e-16 
96.100000    9.0390000e-16 
96.200000    9.0380000e-16 
96.300000    9.0370000e-16 
96.400000    9.0360000e-16 
96.500000    9.0350000e-16 
96.600000    9.0340000e-16 
96.700000    9.0330000e-16 
96.800000    9.0320000e-16 
96.900000    9.0310000e-16 
97.000000    9.0300000e-16 
97.100000    9.0290000e-16 
97.200000    9.0280000e-16 
97.300000    9.0270000e-16 
97.400000    9.0260000e-16 
97.500000    9.0250000e-16 
97.600000    9.0240000e-16 
97.700000    9.0230000e-16 
97.800000    9.0220000e-16 
97.900000    9.0210000e-16 
98.000000    9.0200000e-16 
98.100000    9.0190000e-16 
98.200000    9.0180000e-16 
98.300000    9.0170000e-16 
98.400000    9.0160000e-16 
98.500000    9.0150000e-16 
98.600000    9.0140000e-16 
98.700000    9.0130000e-16 
98.800000    9.0120000e-16 
98.900000    9.0110000e-16 
99.000000    9.0100000e-16 
99.100000    9.0090000e-16 
99.200000    9.0080000e-16 
99.300000    9.0070000e-16 
99.400000    9.0060000e-16 
99.500000    9.0050000e-16 
99.600000    9.0040000e-16 
99.700000    9.0030000e-16 
99.800000    9.0020000e-16 
99.900000    9.0010000e-16 
100.000000    9.0000000e-16 
100.100000    8.9990000e-16 
100.200000    8.9980000e-16 
100.300000    8.9970000e-16 
100.400000    8.9960000e-16 
100.500000    8.9950000e-16 
100.600000    8.9940000e-16 
100.700000    8.9930000e-16 
100.800000    8.9920000e-16 
100.900000    8.9910000e-16 
101.000000    8.9900000e-16 
101.100000    8.9890000e-16 
101.200000    8.9880000e-16 
101.300000    8.9870000e-16 
101.400000    8.9860000e-16 
101.500000    8.9850000e-16 
101.600000    8.9840000e-16 
101.700000    8.9830000e-16 
101.800000    8.9820000e-16 
101.900000    8.9810000e-16 
102.000000    8.9800000e-16 
102.100000    8.9790000e-16 
102.200000    8.9780000e-16 
102.300000    8.9770000e-16 
102.400000    8.9760000e-16 
102.500000    8.9750000e-16 
102.600000    8.9740000e-16 
102.700000    8.9730000e-16 
102.800000    8.9720000e-16 
102.900000    8.9710000e-16 
103.000000    8.9700000e-16 
103.100000    8.9690000e-16 
103.200000    8.9680000e-16 
103.300000    8.9670000e-16 
103.400000    8.9660000e-16 
103.500000    8.9650000e-16 
103.600000    8.9640000e-16 
103.700000    8.9630000e-16 
103.800000    8.9620000e-16 
103.900000    8.9610000e-16 
104.000000    8.9600000e-16 
104.100000    8.9590000e-16 
104.200000    8.9580000e-16 
104.300000    8.9570000e-16 
104.400000    8.9560000e-16 
104.500000    8.9550000e-16 
104.600000    8.9540000e-16 
104.700000    8.9530000e-16 
104.800000    8.9520000e-16 
104.900000    8.9510000e-16 
105.000000    8.9500000e-16 
105.100000    8.9490000e-16 
105.200000    8.9480000e-16 
105.300000    8.9470000e-16 
105.400000    8.9460000e-16 
105.500000    8.9450000e-16 
105.600000    8.9440000e-16 
105.700000    8.9430000e-16 
105.800000    8.9420000e-16 
105.900000    8.9410000e-16 
106.000000    8.9400000e-16 
106.100000    8.9390000e-16 
106.200000    8.9380000e-16 
106.300000    8.9370000e-16 
106.400000    8.9360000e-16 
106.500000    8.9350000e-16 
106.600000    8.9340000e-16 
106.700000    8.9330000e-16 
106.800000    8.9320000e-16 
106.900000    8.9310000e-16 
107.000000    8.9300000e-16 
107.100000    8.9290000e-16 
107.200000    8.9280000e-16 
107.300000    8.9270000e-16 
107.400000    8.9260000e-16 
107.500000    8.9250000e-16 
107.600000    8.9240000e-16 
107.700000    8.9230000e-16 
107.800000    8.9220000e-16 
107.900000    8.9210000e-16 
108.000000    8.9200000e-16 
108.100000    8.9190000e-16 
108.200000    8.9180000e-16 
108.300000    8.9170000e-16 
108.400000    8.9160000e-16 
108.500000    8.9150000e-16 
108.600000    8.9140000e-16 
108.700000    8.9130000e-16 
108.800000    8.9120000e-16 
108.900000    8.9110000e-16 
109.000000    8.9100000e-16 
109.100000    8.9090000e-16 
109.200000    8.9080000e-16 
109.300000    8.9070000e-16 
109.400000    8.9060000e-16 
109.500000    8.9050000e-16 
109.600000    8.9040000e-16 
109.700000    8.9030000e-16 
109.800000    8.9020000e-16 
109.900000    8.9010000e-16 
110.000000    8.9000000e-16 
110.100000    8.8990000e-16 
110.200000    8.8980000e-16 
110.300000    8.8970000e-16 
110.400000    8.8960000e-16 
110.500000    8.8950000e-16 
110.600000    8.8940000e-16 
110.700000    8.8930000e-16 
110.800000    8.8920000e-16 
110.900000    8.8910000e-16 
111.000000    8.8900000e-16 
111.100000    8.8890000e-16 
111.200000    8.8880000e-16 
111.300000    8.8870000e-16 
111.400000    8.8860000e-16 
111.500000    8.8850000e-16 
111.600000    8.8840000e-16 
111.700000    8.8830000e-16 
111.800000    8.8820000e-16 
111.900000    8.8810000e-16 
112.000000    8.8800000e-16 
112.100000    8.8790000e-16 
112.200000    8.8780000e-16 
112.300000    8.8770000e-16 
112.400000    8.8760000e-16 
112.500000    8.8750000e-16 
112.600000    8.8740000e-16 
112.700000    8.8730000e-16 
112.800000    8.8720000e-16 
112.900000    8.8710000e-16 
113.000000    8.8700000e-16 
113.100000    8.8690000e-16 
113.200000    8.8680000e-16 
113.300000    8.8670000e-16 
113.400000    8.8660000e-16 
113.500000    8.8650000e-16 
113.600000    8.8640000e-16 
113.700000    8.8630000e-16 
113.800000    8.8620000e-16 
113.900000    8.8610000e-16 
114.000000    8.8600000e-16 
114.100000    8.8590000e-16 
114.200000    8.8580000e-16 
114.300000    8.8570000e-16 
114.400000    8.8560000e-16 
114.500000    8.8550000e-16 
114.600000    8.8540000e-16 
114.700000    8.8530000e-16 
114.800000    8.8520000e-16 
114.900000    8.8510000e-16 
115.000000    8.8500000e-16 
115.100000    8.8490000e-16 
115.200000    8.8480000e-16 
115.300000    8.8470000e-16 
115.400000    8.8460000e-16 
115.500000    8.8450000e-16 
115.600000    8.8440000e-16 
115.700000    8.8430000e-16 
115.800000    8.8420000e-16 
115.900000    8.8410000e-16 
116.000000    8.8400000e-16 
116.100000    8.8390000e-16 
116.200000    8.8380000e-16 
116.300000    8.8370000e-16 
116.400000    8.8360000e-16 
116.500000    8.8350000e-16 
116.600000    8.8340000e-16 
116.700000    8.8330000e-16 
116.800000    8.8320000e-16 
116.900000    8.8310000e-16 
117.000000    8.8300000e-16 
117.100000    8.8290000e-16 
117.200000    8.8280000e-16 
117.300000    8.8270000e-16 
117.400000    8.8260000e-16 
117.500000    8.8250000e-16 
117.600000    8.8240000e-16 
117.700000    8.8230000e-16 
117.800000    8.8220000e-16 
117.900000    8.8210000e-16 
118.000000    8.8200000e-16 
118.100000    8.8190000e-16 
118.200000    8.8180000e-16 
118.300000    8.8170000e-16 
118.400000    8.8160000e-16 
118.500000    8.8150000e-16 
118.600000    8.8140000e-16 
118.700000    8.8130000e-16 
118.800000    8.8120000e-16 
118.900000    8.8110000e-16 
119.000000    8.8100000e-16 
119.100000    8.8090000e-16 
119.200000    8.8080000e-16 
119.300000    8.8070000e-16 
119.400000    8.8060000e-16 
119.500000    8.8050000e-16 
119.600000    8.8040000e-16 
119.700000    8.8030000e-16 
119.800000    8.8020000e-16 
119.900000    8.8010000e-16 
120.000000    8.8000000e-16 
120.100000    8.7990000e-16 
120.200000    8.7980000e-16 
120.300000    8.7970000e-16 
120.400000    8.7960000e-16 
120.500000    8.7950000e-16 
120.600000    8.7940000e-16 
120.700000    8.7930000e-16 
120.800000    8.7920000e-16 
120.900000    8.7910000e-16 
121.000000    8.7900000e-16 
121.100000    8.7890000e-16 
121.200000    8.7880000e-16 
121.300000    8.7870000e-16 
121.400000    8.7860000e-16 
121.500000    8.7850000e-16 
121.600000    8.7840000e-16 
121.700000    8.7830000e-16 
121.800000    8.7820000e-16 
121.900000    8.7810000e-16 
122.000000    8.7800000e-16 
122.100000    8.7790000e-16 
122.200000    8.7780000e-16 
122.300000    8.7770000e-16 
122.400000    8.7760000e-16 
122.500000    8.7750000e-16 
122.600000    8.7740000e-16 
122.700000    8.7730000e-16 
122.800000    8.7720000e-16 
122.900000    8.7710000e-16 
123.000000    8.7700000e-16 
123.100000    8.7690000e-16 
123.200000    8.7680000e-16 
123.300000    8.7670000e-16 
123.400000    8.7660000e-16 
123.500000    8.7650000e-16 
123.600000    8.7640000e-16 
123.700000    8.7630000e-16 
123.800000    8.7620000e-16 
123.900000    8.7610000e-16 
124.000000    8.7600000e-16 
124.100000    8.7590000e-16 
124.200000    8.7580000e-16 
124.300000    8.7570000e-16 
124.400000    8.7560000e-16 
124.500000    8.7550000e-16 
124.600000    8.7540000e-16 
124.700000    8.7530000e-16 
124.800000    8.7520000e-16 
124.900000    8.7510000e-16 
125.000000    8.7500000e-16 
125.100000    8.7490000e-16 
125.200000    8.7480000e-16 
125.300000    8.7470000e-16 
125.400000    8.7460000e-16 
125.500000    8.7450000e-16 
125.600000    8.7440000e-16 
125.700000    8.7430000e-16 
125.800000    8.7420000e-16 
125.900000    8.7410000e-16 
126.000000    8.7400000e-16 
126.100000    8.7390000e-16 
126.200000    8.7380000e-16 
126.300000    8.7370000e-16 
126.400000    8.7360000e-16 
126.500000    8.7350000e-16 
126.600000    8.7340000e-16 
126.700000    8.7330000e-16 
126.800000    8.7320000e-16 
126.900000    8.7310000e-16 
127.000000    8.7300000e-16 
127.100000    8.7290000e-16 
127.200000    8.7280000e-16 
127.300000    8.7270000e-16 
127.400000    8.7260000e-16 
127.500000    8.7250000e-16 
127.600000    8.7240000e-16 
127.700000    8.7230000e-16 
127.800000    8.7220000e-16 
127.900000    8.7210000e-16 
128.000000    8.7200000e-16 
128.100000    8.7190000e-16 
128.200000    8.7180000e-16 
128.300000    8.7170000e-16 
128.400000    8.7160000e-16 
128.500000    8.7150000e-16 
128.600000    8.7140000e-16 
128.700000    8.7130000e-16 
128.800000    8.7120000e-16 
128.900000    8.7110000e-16 
129.000000    8.7100000e-16 
129.100000    8.7090000e-16 
129.200000    8.7080000e-16 
129.300000    8.7070000e-16 
129.400000    8.7060000e-16 
129.500000    8.7050000e-16 
129.600000    8.7040000e-16 
129.700000    8.7030000e-16 
129.800000    8.7020000e-16 
129.900000    8.7010000e-16 
130.000000    8.7000000e-16 
130.100000    8.6990000e-16 
130.200000    8.6980000e-16 
130.300000    8.6970000e-16 
130.400000    8.6960000e-16 
130.500000    8.6950000e-16 
130.600000    8.6940000e-16 
130.700000    8.6930000e-16 
130.800000    8.6920000e-16 
130.900000    8.6910000e-16 
131.000000    8.6900000e-16 
131.100000    8.6890000e-16 
131.200000    8.6880000e-16 
131.300000    8.6870000e-16 
131.400000    8.6860000e-16 
131.500000    8.6850000e-16 
131.600000    8.6840000e-16 
131.700000    8.6830000e-16 
131.800000    8.6820000e-16 
131.900000    8.6810000e-16 
132.000000    8.6800000e-16 
132.100000    8.6790000e-16 
132.200000    8.6780000e-16 
132.300000    8.6770000e-16 
132.400000    8.6760000e-16 
132.500000    8.6750000e-16 
132.600000    8.6740000e-16 
132.700000    8.6730000e-16 
132.800000    8.6720000e-16 
132.900000    8.6710000e-16 
133.000000    8.6700000e-16 
133.100000    8.6690000e-16 
133.200000    8.6680000e-16 
133.300000    8.6670000e-16 
133.400000    8.6660000e-16 
133.500000    8.6650000e-16 
133.600000    8.6640000e-16 
133.700000    8.6630000e-16 
133.800000    8.6620000e-16 
133.900000    8.6610000e-16 
134.000000    8.6600000e-16 
134.100000    8.6590000e-16 
134.200000    8.6580000e-16 
134.300000    8.6570000e-16 
134.400000    8.6560000e-16 
134.500000    8.6550000e-16 
134.600000    8.6540000e-16 
134.700000    8.6530000e-16 
134.800000    8.6520000e-16 
134.900000    8.6510000e-16 
135.000000    8.6500000e-16 
135.100000    8.6490000e-16 
135.200000    8.6480000e-16 
135.300000    8.6470000e-16 
135.400000    8.6460000e-16 
135.500000    8.6450000e-16 
135.600000    8.6440000e-16 
135.700000    8.6430000e-16 
135.800000    8.6420000e-16 
135.900000    8.6410000e-16 
136.000000    8.6400000e-16 
136.100000    8.6390000e-16 
136.200000    8.6380000e-16 
136.300000    8.6370000e-16 
136.400000    8.6360000e-16 
136.500000    8.6350000e-16 
136.600000    8.6340000e-16 
136.700000    8.6330000e-16 
136.800000    8.6320000e-16 
136.900000    8.6310000e-16 
137.000000    8.6300000e-16 
137.100000    8.6290000e-16 
137.200000    8.6280000e-16 
137.300000    8.6270000e-16 
137.400000    8.6260000e-16 
137.500000    8.6250000e-16 
137.600000    8.6240000e-16 
137.700000    8.6230000e-16 
137.800000    8.6220000e-16 
137.900000    8.6210000e-16 
138.000000    8.6200000e-16 
138.100000    8.6190000e-16 
138.200000    8.6180000e-16 
138.300000    8.6170000e-16 
138.400000    8.6160000e-16 
138.500000    8.6150000e-16 
138.600000    8.6140000e-16 
138.700000    8.6130000e-16 
138.800000    8.6120000e-16 
138.900000    8.6110000e-16 
139.000000    8.6100000e-16 
139.100000    8.6090000e-16 
139.200000    8.6080000e-16 
139.300000    8.6070000e-16 
139.400000    8.6060000e-16 
139.500000    8.6050000e-16 
139.600000    8.6040000e-16 
139.700000    8.6030000e-16 
139.800000    8.6020000e-16 
139.900000    8.6010000e-16 
140.000000    8.6000000e-16 
140.100000    8.5990000e-16 
140.200000    8.5980000e-16 
140.300000    8.5970000e-16 
140.400000    8.5960000e-16 
140.500000    8.5950000e-16 
140.600000    8.5940000e-16 
140.700000    8.5930000e-16 
140.800000    8.5920000e-16 
140.900000    8.5910000e-16 
141.000000    8.5900000e-16 
141.100000    8.5890000e-16 
141.200000    8.5880000e-16 
141.300000    8.5870000e-16 
141.400000    8.5860000e-16 
141.500000    8.5850000e-16 
141.600000    8.5840000e-16 
141.700000    8.5830000e-16 
141.800000    8.5820000e-16 
141.900000    8.5810000e-16 
142.000000    8.5800000e-16 
142.100000    8.5790000e-16 
142.200000    8.5780000e-16 
142.300000    8.5770000e-16 
142.400000    8.5760000e-16 
142.500000    8.5750000e-16 
142.600000    8.5740000e-16 
142.700000    8.5730000e-16 
142.800000    8.5720000e-16 
142.900000    8.5710000e-16 
143.000000    8.5700000e-16 
143.100000    8.5690000e-16 
143.200000    8.5680000e-16 
143.300000    8.5670000e-16 
143.400000    8.5660000e-16 
143.500000    8.5650000e-16 
143.600000    8.5640000e-16 
143.700000    8.5630000e-16 
143.800000    8.5620000e-16 
143.900000    8.5610000e-16 
144.000000    8.5600000e-16 
144.100000    8.5590000e-16 
144.200000    8.5580000e-16 
144.300000    8.5570000e-16 
144.400000    8.5560000e-16 
144.500000    8.5550000e-16 
144.600000    8.5540000e-16 
144.700000    8.5530000e-16 
144.800000    8.5520000e-16 
144.900000    8.5510000e-16 
145.000000    8.5500000e-16 
145.100000    8.5490000e-16 
145.200000    8.5480000e-16 
145.300000    8.5470000e-16 
145.400000    8.5460000e-16 
145.500000    8.5450000e-16 
145.600000    8.5440000e-16 
145.700000    8.5430000e-16 
145.800000    8.5420000e-16 
145.900000    8.5410000e-16 
146.000000    8.5400000e-16 
146.100000    8.5390000e-16 
146.200000    8.5380000e-16 
146.300000    8.5370000e-16 
146.400000    8.5360000e-16 
146.500000    8.5350000e-16 
146.600000    8.5340000e-16 
146.700000    8.5330000e-16 
146.800000    8.5320000e-16 
146.900000    8.5310000e-16 
147.000000    8.5300000e-16 
147.100000    8.5290000e-16 
147.200000    8.5280000e-16 
147.300000    8.5270000e-16 
147.400000    8.5260000e-16 
147.500000    8.5250000e-16 
147.600000    8.5240000e-16 
147.700000    8.5230000e-16 
147.800000    8.5220000e-16 
147.900000    8.5210000e-16 
148.000000    8.5200000e-16 
148.100000    8.5190000e-16 
148.200000    8.5180000e-16 
148.300000    8.5170000e-16 
148.400000    8.5160000e-16 
148.500000    8.5150000e-16 
148.600000    8.5140000e-16 
148.700000    8.5130000e-16 
148.800000    8.5120000e-16 
148.900000    8.5110000e-16 
149.000000    8.5100000e-16 
149.100000    8.5090000e-16 
149.200000    8.5080000e-16 
149.300000    8.5070000e-16 
149.400000    8.5060000e-16 
149.500000    8.5050000e-16 
149.600000    8.5040000e-16 
149.700000    8.5030000e-16 
149.800000    8.5020000e-16 
149.900000    8.5010000e-16 
150.000000    8.5000000e-16 
150.100000    8.4990000e-16 
150.200000    8.4980000e-16 
150.300000    8.4970000e-16 
150.400000    8.4960000e-16 
150.500000    8.4950000e-16 
150.600000    8.4940000e-16 
150.700000    8.4930000e-16 
150.800000    8.4920000e-16 
150.900000    8.4910000e-16 
151.000000    8.4900000e-16 
151.100000    8.4890000e-16 
151.200000    8.4880000e-16 
151.300000    8.4870000e-16 
151.400000    8.4860000e-16 
151.500000    8.4850000e-16 
151.600000    8.4840000e-16 
151.700000    8.4830000e-16 
151.800000    8.4820000e-16 
151.900000    8.4810000e-16 
152.000000    8.4800000e-16 
152.100000    8.4790000e-16 
152.200000    8.4780000e-16 
152.300000    8.4770000e-16 
152.400000    8.4760000e-16 
152.500000    8.4750000e-16 
152.600000    8.4740000e-16 
152.700000    8.4730000e-16 
152.800000    8.4720000e-16 
152.900000    8.4710000e-16 
153.000000    8.4700000e-16 
153.100000    8.4690000e-16 
153.200000    8.4680000e-16 
153.300000    8.4670000e-16 
153.400000    8.4660000e-16 
153.500000    8.4650000e-16 
153.600000    8.4640000e-16 
153.700000    8.4630000e-16 
153.800000    8.4620000e-16 
153.900000    8.4610000e-16 
154.000000    8.4600000e-16 
154.100000    8.4590000e-16 
154.200000    8.4580000e-16 
154.300000    8.4570000e-16 
154.400000    8.4560000e-16 
154.500000    8.4550000e-16 
154.600000    8.4540000e-16 
154.700000    8.4530000e-16 
154.800000    8.4520000e-16 
154.900000    8.4510000e-16 
155.000000    8.4500000e-16 
155.100000    8.4490000e-16 
155.200000    8.4480000e-16 
155.300000    8.4470000e-16 
155.400000    8.4460000e-16 
155.500000    8.4450000e-16 
155.600000    8.4440000e-16 
155.700000    8.4430000e-16 
155.800000    8.4420000e-16 
155.900000    8.4410000e-16 
156.000000    8.4400000e-16 
156.100000    8.4390000e-16 
156.200000    8.4380000e-16 
156.300000    8.4370000e-16 
156.400000    8.4360000e-16 
156.500000    8.4350000e-16 
156.600000    8.4340000e-16 
156.700000    8.4330000e-16 
156.800000    8.4320000e-16 
156.900000    8.4310000e-16 
157.000000    8.4300000e-16 
157.100000    8.4290000e-16 
157.200000    8.4280000e-16 
157.300000    8.4270000e-16 
157.400000    8.4260000e-16 
157.500000    8.4250000e-16 
157.600000    8.4240000e-16 
157.700000    8.4230000e-16 
157.800000    8.4220000e-16 
157.900000    8.4210000e-16 
158.000000    8.4200000e-16 
158.100000    8.4190000e-16 
158.200000    8.4180000e-16 
158.300000    8.4170000e-16 
158.400000    8.4160000e-16 
158.500000    8.4150000e-16 
158.600000    8.4140000e-16 
158.700000    8.4130000e-16 
158.800000    8.4120000e-16 
158.900000    8.4110000e-16 
159.000000    8.4100000e-16 
159.100000    8.4090000e-16 
159.200000    8.4080000e-16 
159.300000    8.4070000e-16 
159.400000    8.4060000e-16 
159.500000    8.4050000e-16 
159.600000    8.4040000e-16 
159.700000    8.4030000e-16 
159.800000    8.4020000e-16 
159.900000    8.4010000e-16 
160.000000    8.4000000e-16 
160.100000    8.3990000e-16 
160.200000    8.3980000e-16 
160.300000    8.3970000e-16 
160.400000    8.3960000e-16 
160.500000    8.3950000e-16 
160.600000    8.3940000e-16 
160.700000    8.3930000e-16 
160.800000    8.3920000e-16 
160.900000    8.3910000e-16 
161.000000    8.3900000e-16 
161.100000    8.3890000e-16 
161.200000    8.3880000e-16 
161.300000    8.3870000e-16 
161.400000    8.3860000e-16 
161.500000    8.3850000e-16 
161.600000    8.3840000e-16 
161.700000    8.3830000e-16 
161.800000    8.3820000e-16 
161.900000    8.3810000e-16 
162.000000    8.3800000e-16 
162.100000    8.3790000e-16 
162.200000    8.3780000e-16 
162.300000    8.3770000e-16 
162.400000    8.3760000e-16 
162.500000    8.3750000e-16 
162.600000    8.3740000e-16 
162.700000    8.3730000e-16 
162.800000    8.3720000e-16 
162.900000    8.3710000e-16 
163.000000    8.3700000e-16 
163.100000    8.3690000e-16 
163.200000    8.3680000e-16 
163.300000    8.3670000e-16 
163.400000    8.3660000e-16 
163.500000    8.3650000e-16 
163.600000    8.3640000e-16 
163.700000    8.3630000e-16 
163.800000    8.3620000e-16 
163.900000    8.3610000e-16 
164.000000    8.3600000e-16 
164.100000    8.3590000e-16 
164.200000    8.3580000e-16 
164.300000    8.3570000e-16 
164.400000    8.3560000e-16 
164.500000    8.3550000e-16 
164.600000    8.3540000e-16 
164.700000    8.3530000e-16 
164.800000    8.3520000e-16 
164.900000    8.3510000e-16 
165.000000    8.3500000e-16 
165.100000    8.3490000e-16 
165.200000    8.3480000e-16 
165.300000    8.3470000e-16 
165.400000    8.3460000e-16 
165.500000    8.3450000e-16 
165.600000    8.3440000e-16 
165.700000    8.3430000e-16 
165.800000    8.3420000e-16 
165.900000    8.3410000e-16 
166.000000    8.3400000e-16 
166.100000    8.3390000e-16 
166.200000    8.3380000e-16 
166.300000    8.3370000e-16 
166.400000    8.3360000e-16 
166.500000    8.3350000e-16 
166.600000    8.3340000e-16 
166.700000    8.3330000e-16 
166.800000    8.3320000e-16 
166.900000    8.3310000e-16 
167.000000    8.3300000e-16 
167.100000    8.3290000e-16 
167.200000    8.3280000e-16 
167.300000    8.3270000e-16 
167.400000    8.3260000e-16 
167.500000    8.3250000e-16 
167.600000    8.3240000e-16 
167.700000    8.3230000e-16 
167.800000    8.3220000e-16 
167.900000    8.3210000e-16 
168.000000    8.3200000e-16 
168.100000    8.3190000e-16 
168.200000    8.3180000e-16 
168.300000    8.3170000e-16 
168.400000    8.3160000e-16 
168.500000    8.3150000e-16 
168.600000    8.3140000e-16 
168.700000    8.3130000e-16 
168.800000    8.3120000e-16 
168.900000    8.3110000e-16 
169.000000    8.3100000e-16 
169.100000    8.3090000e-16 
169.200000    8.3080000e-16 
169.300000    8.3070000e-16 
169.400000    8.3060000e-16 
169.500000    8.3050000e-16 
169.600000    8.3040000e-16 
169.700000    8.3030000e-16 
169.800000    8.3020000e-16 
169.900000    8.3010000e-16 
170.000000    8.3000000e-16 
170.100000    8.2990000e-16 
170.200000    8.2980000e-16 
170.300000    8.2970000e-16 
170.400000    8.2960000e-16 
170.500000    8.2950000e-16 
170.600000    8.2940000e-16 
170.700000    8.2930000e-16 
170.800000    8.2920000e-16 
170.900000    8.2910000e-16 
171.000000    8.2900000e-16 
171.100000    8.2890000e-16 
171.200000    8.2880000e-16 
171.300000    8.2870000e-16 
171.400000    8.2860000e-16 
171.500000    8.2850000e-16 
171.600000    8.2840000e-16 
171.700000    8.2830000e-16 
171.800000    8.2820000e-16 
171.900000    8.2810000e-16 
172.000000    8.2800000e-16 
172.100000    8.2790000e-16 
172.200000    8.2780000e-16 
172.300000    8.2770000e-16 
172.400000    8.2760000e-16 
172.500000    8.2750000e-16 
172.600000    8.2740000e-16 
172.700000    8.2730000e-16 
172.800000    8.2720000e-16 
172.900000    8.2710000e-16 
173.000000    8.2700000e-16 
173.100000    8.2690000e-16 
173.200000    8.2680000e-16 
173.300000    8.2670000e-16 
173.400000    8.2660000e-16 
173.500000    8.2650000e-16 
173.600000    8.2640000e-16 
173.700000    8.2630000e-16 
173.800000    8.2620000e-16 
173.900000    8.2610000e-16 
174.000000    8.2600000e-16 
174.100000    8.2590000e-16 
174.200000    8.2580000e-16 
174.300000    8.2570000e-16 
174.400000    8.2560000e-16 
174.500000    8.2550000e-16 
174.600000    8.2540000e-16 
174.700000    8.2530000e-16 
174.800000    8.2520000e-16 
174.900000    8.2510000e-16 
175.000000    8.2500000e-16 
175.100000    8.2490000e-16 
175.200000    8.2480000e-16 
175.300000    8.2470000e-16 
175.400000    8.2460000e-16 
175.500000    8.2450000e-16 
175.600000    8.2440000e-16 
175.700000    8.2430000e-16 
175.800000    8.2420000e-16 
175.900000    8.2410000e-16 
176.000000    8.2400000e-16 
176.100000    8.2390000e-16 
176.200000    8.2380000e-16 
176.300000    8.2370000e-16 
176.400000    8.2360000e-16 
176.500000    8.2350000e-16 
176.600000    8.2340000e-16 
176.700000    8.2330000e-16 
176.800000    8.2320000e-16 
176.900000    8.2310000e-16 
177.000000    8.2300000e-16 
177.100000    8.2290000e-16 
177.200000    8.2280000e-16 
177.300000    8.2270000e-16 
177.400000    8.2260000e-16 
177.500000    8.2250000e-16 
177.600000    8.2240000e-16 
177.700000    8.2230000e-16 
177.800000    8.2220000e-16 
177.900000    8.2210000e-16 
178.000000    8.2200000e-16 
178.100000    8.2190000e-16 
178.200000    8.2180000e-16 
178.300000    8.2170000e-16 
178.400000    8.2160000e-16 
178.500000    8.2150000e-16 
178.600000    8.2140000e-16 
178.700000    8.2130000e-16 
178.800000    8.2120000e-16 
178.900000    8.2110000e-16 
179.000000    8.2100000e-16 
179.100000    8.2090000e-16 
179.200000    8.2080000e-16 
179.300000    8.2070000e-16 
179.400000    8.2060000e-16 
179.500000    8.2050000e-16 
179.600000    8.2040000e-16 
179.700000    8.2030000e-16 
179.800000    8.2020000e-16 
179.900000    8.2010000e-16 
180.000000    8.2000000e-16 
180.100000    8.1990000e-16 
180.200000    8.1980000e-16 
180.300000    8.1970000e-16 
180.400000    8.1960000e-16 
180.500000    8.1950000e-16 
180.600000    8.1940000e-16 
180.700000    8.1930000e-16 
180.800000    8.1920000e-16 
180.900000    8.1910000e-16 
181.000000    8.1900000e-16 
181.100000    8.1890000e-16 
181.200000    8.1880000e-16 
181.300000    8.1870000e-16 
181.400000    8.1860000e-16 
181.500000    8.1850000e-16 
181.600000    8.1840000e-16 
181.700000    8.1830000e-16 
181.800000    8.1820000e-16 
181.900000    8.1810000e-16 
182.000000    8.1800000e-16 
182.100000    8.1790000e-16 
182.200000    8.1780000e-16 
182.300000    8.1770000e-16 
182.400000    8.1760000e-16 
182.500000    8.1750000e-16 
182.600000    8.1740000e-16 
182.700000    8.1730000e-16 
182.800000    8.1720000e-16 
182.900000    8.1710000e-16 
183.000000    8.1700000e-16 
183.100000    8.1690000e-16 
183.200000    8.1680000e-16 
183.300000    8.1670000e-16 
183.400000    8.1660000e-16 
183.500000    8.1650000e-16 
183.600000    8.1640000e-16 
183.700000    8.1630000e-16 
183.800000    8.1620000e-16 
183.900000    8.1610000e-16 
184.000000    8.1600000e-16 
184.100000    8.1590000e-16 
184.200000    8.1580000e-16 
184.300000    8.1570000e-16 
184.400000    8.1560000e-16 
184.500000    8.1550000e-16 
184.600000    8.1540000e-16 
184.700000    8.1530000e-16 
184.800000    8.1520000e-16 
184.900000    8.1510000e-16 
185.000000    8.1500000e-16 
185.100000    8.1490000e-16 
185.200000    8.1480000e-16 
185.300000    8.1470000e-16 
185.400000    8.1460000e-16 
185.500000    8.1450000e-16 
185.600000    8.1440000e-16 
185.700000    8.1430000e-16 
185.800000    8.1420000e-16 
185.900000    8.1410000e-16 
186.000000    8.1400000e-16 
186.100000    8.1390000e-16 
186.200000    8.1380000e-16 
186.300000    8.1370000e-16 
186.400000    8.1360000e-16 
186.500000    8.1350000e-16 
186.600000    8.1340000e-16 
186.700000    8.1330000e-16 
186.800000    8.1320000e-16 
186.900000    8.1310000e-16 
187.000000    8.1300000e-16 
187.100000    8.1290000e-16 
187.200000    8.1280000e-16 
187.300000    8.1270000e-16 
187.400000    8.1260000e-16 
187.500000    8.1250000e-16 
187.600000    8.1240000e-16 
187.700000    8.1230000e-16 
187.800000    8.1220000e-16 
187.900000    8.1210000e-16 
188.000000    8.1200000e-16 
188.100000    8.1190000e-16 
188.200000    8.1180000e-16 
188.300000    8.1170000e-16 
188.400000    8.1160000e-16 
188.500000    8.1150000e-16 
188.600000    8.1140000e-16 
188.700000    8.1130000e-16 
188.800000    8.1120000e-16 
188.900000    8.1110000e-16 
189.000000    8.1100000e-16 
189.100000    8.1090000e-16 
189.200000    8.1080000e-16 
189.300000    8.1070000e-16 
189.400000    8.1060000e-16 
189.500000    8.1050000e-16 
189.600000    8.1040000e-16 
189.700000    8.1030000e-16 
189.800000    8.1020000e-16 
189.900000    8.1010000e-16 
190.000000    8.1000000e-16 
190.100000    8.0990000e-16 
190.200000    8.0980000e-16 
190.300000    8.0970000e-16 
190.400000    8.0960000e-16 
190.500000    8.0950000e-16 
190.600000    8.0940000e-16 
190.700000    8.0930000e-16 
190.800000    8.0920000e-16 
190.900000    8.0910000e-16 
191.000000    8.0900000e-16 
191.100000    8.0890000e-16 
191.200000    8.0880000e-16 
191.300000    8.0870000e-16 
191.400000    8.0860000e-16 
191.500000    8.0850000e-16 
191.600000    8.0840000e-16 
191.700000    8.0830000e-16 
191.800000    8.0820000e-16 
191.900000    8.0810000e-16 
192.000000    8.0800000e-16 
192.100000    8.0790000e-16 
192.200000    8.0780000e-16 
192.300000    8.0770000e-16 
192.400000    8.0760000e-16 
192.500000    8.0750000e-16 
192.600000    8.0740000e-16 
192.700000    8.0730000e-16 
192.800000    8.0720000e-16 
192.900000    8.0710000e-16 
193.000000    8.0700000e-16 
193.100000    8.0690000e-16 
193.200000    8.0680000e-16 
193.300000    8.0670000e-16 
193.400000    8.0660000e-16 
193.500000    8.0650000e-16 
193.600000    8.0640000e-16 
193.700000    8.0630000e-16 
193.800000    8.0620000e-16 
193.900000    8.0610000e-16 
194.000000    8.0600000e-16 
194.100000    8.0590000e-16 
194.200000    8.0580000e-16 
194.300000    8.0570000e-16 
194.400000    8.0560000e-16 
194.500000    8.0550000e-16 
194.600000    8.0540000e-16 
194.700000    8.0530000e-16 
194.800000    8.0520000e-16 
194.900000    8.0510000e-16 
195.000000    8.0500000e-16 
195.100000    8.0490000e-16 
195.200000    8.0480000e-16 
195.300000    8.0470000e-16 
195.400000    8.0460000e-16 
195.500000    8.0450000e-16 
195.600000    8.0440000e-16 
195.700000    8.0430000e-16 
195.800000    8.0420000e-16 
195.900000    8.0410000e-16 
196.000000    8.0400000e-16 
196.100000    8.0390000e-16 
196.200000    8.0380000e-16 
196.300000    8.0370000e-16 
196.400000    8.0360000e-16 
196.500000    8.0350000e-16 
196.600000    8.0340000e-16 
196.700000    8.0330000e-16 
196.800000    8.0320000e-16 
196.900000    8.0310000e-16 
197.000000    8.0300000e-16 
197.100000    8.0290000e-16 
197.200000    8.0280000e-16 
197.300000    8.0270000e-16 
197.400000    8.0260000e-16 
197.500000    8.0250000e-16 
197.600000    8.0240000e-16 
197.700000    8.0230000e-16 
197.800000    8.0220000e-16 
197.900000    8.0210000e-16 
198.000000    8.0200000e-16 
198.100000    8.0190000e-16 
198.200000    8.0180000e-16 
198.300000    8.0170000e-16 
198.400000    8.0160000e-16 
198.500000    8.0150000e-16 
198.600000    8.0140000e-16 
198.700000    8.0130000e-16 
198.800000    8.0120000e-16 
198.900000    8.0110000e-16 
199.000000    8.0100000e-16 
199.100000    8.0090000e-16 
199.200000    8.0080000e-16 
199.300000    8.0070000e-16 
199.400000    8.0060000e-16 
199.500000    8.0050000e-16 
199.600000    8.0040000e-16 
199.700000    8.0030000e-16 
199.800000    8.0020000e-16 
199.900000    8.0010000e-16 
200.000000    8.0000000e-16 
