0.005000   5.0402476e-14 
0.025000   1.8039512e-14 
0.045000   1.2586306e-14 
0.065000   1.0114909e-14 
0.085000   8.6580921e-15 
0.105000   7.6805943e-15 
0.125000   6.9715343e-15 
0.145000   6.4295938e-15 
0.165000   5.9995360e-15 
0.185000   5.6484663e-15 
0.205000   5.3554710e-15 
0.225000   5.1065639e-15 
0.245000   4.8920076e-15 
0.265000   4.7047960e-15 
0.285000   4.5397485e-15 
0.305000   4.3929445e-15 
0.325000   4.2613580e-15 
0.345000   4.1426126e-15 
0.365000   4.0348141e-15 
0.385000   3.9364323e-15 
0.405000   3.8462166e-15 
0.425000   3.7631337e-15 
0.445000   3.6863223e-15 
0.465000   3.6150576e-15 
0.485000   3.5487254e-15 
0.505000   3.4868011e-15 
0.525000   3.4288342e-15 
0.545000   3.3744348e-15 
0.565000   3.3232642e-15 
0.585000   3.2750262e-15 
0.605000   3.2294609e-15 
0.625000   3.1863390e-15 
0.645000   3.1454574e-15 
0.665000   3.1066355e-15 
0.685000   3.0697120e-15 
0.705000   3.0345427e-15 
0.725000   3.0009980e-15 
0.745000   2.9689610e-15 
0.765000   2.9383261e-15 
0.785000   2.9089977e-15 
0.805000   2.8808888e-15 
0.825000   2.8539203e-15 
0.845000   2.8280199e-15 
0.865000   2.8031215e-15 
0.885000   2.7791644e-15 
0.905000   2.7560931e-15 
0.925000   2.7338562e-15 
0.945000   2.7124064e-15 
0.965000   2.6917002e-15 
0.985000   2.6716971e-15 
1.005000   2.6523597e-15 
1.025000   2.6336532e-15 
1.045000   2.6155453e-15 
1.065000   2.5980060e-15 
1.085000   2.5810072e-15 
1.105000   2.5645227e-15 
1.125000   2.5485282e-15 
1.145000   2.5330006e-15 
1.165000   2.5179186e-15 
1.185000   2.5032621e-15 
1.205000   2.4890121e-15 
1.225000   2.4751509e-15 
1.245000   2.4616619e-15 
1.265000   2.4485293e-15 
1.285000   2.4357382e-15 
1.305000   2.4232747e-15 
1.325000   2.4111255e-15 
1.345000   2.3992781e-15 
1.365000   2.3877208e-15 
1.385000   2.3764424e-15 
1.405000   2.3654321e-15 
1.425000   2.3546800e-15 
1.445000   2.3441765e-15 
1.465000   2.3339126e-15 
1.485000   2.3238795e-15 
1.505000   2.3140692e-15 
1.525000   2.3044738e-15 
1.545000   2.2950858e-15 
1.565000   2.2858982e-15 
1.585000   2.2769043e-15 
1.605000   2.2680975e-15 
1.625000   2.2594718e-15 
1.645000   2.2510212e-15 
1.665000   2.2427401e-15 
1.685000   2.2346232e-15 
1.705000   2.2266653e-15 
1.725000   2.2188614e-15 
1.745000   2.2112070e-15 
1.765000   2.2036973e-15 
1.785000   2.1963282e-15 
1.805000   2.1890953e-15 
1.825000   2.1819949e-15 
1.845000   2.1750229e-15 
1.865000   2.1681758e-15 
1.885000   2.1614500e-15 
1.905000   2.1548421e-15 
1.925000   2.1483488e-15 
1.945000   2.1419670e-15 
1.965000   2.1356936e-15 
1.985000   2.1295257e-15 
2.005000   2.1234606e-15 
2.025000   2.1174954e-15 
2.045000   2.1116277e-15 
2.065000   2.1058548e-15 
2.085000   2.1001744e-15 
2.105000   2.0945840e-15 
2.125000   2.0890815e-15 
2.145000   2.0836646e-15 
2.165000   2.0783313e-15 
2.185000   2.0730794e-15 
2.205000   2.0679071e-15 
2.225000   2.0628124e-15 
2.245000   2.0577934e-15 
2.265000   2.0528484e-15 
2.285000   2.0479756e-15 
2.305000   2.0431734e-15 
2.325000   2.0384402e-15 
2.345000   2.0337743e-15 
2.365000   2.0291743e-15 
2.385000   2.0246387e-15 
2.405000   2.0201660e-15 
2.425000   2.0157549e-15 
2.445000   2.0114040e-15 
2.465000   2.0071120e-15 
2.485000   2.0028777e-15 
2.505000   1.9986998e-15 
2.525000   1.9945771e-15 
2.545000   1.9905085e-15 
2.565000   1.9864928e-15 
2.585000   1.9825290e-15 
2.605000   1.9786159e-15 
2.625000   1.9747527e-15 
2.645000   1.9709381e-15 
2.665000   1.9671714e-15 
2.685000   1.9634514e-15 
2.705000   1.9597774e-15 
2.725000   1.9561483e-15 
2.745000   1.9525634e-15 
2.765000   1.9490217e-15 
2.785000   1.9455225e-15 
2.805000   1.9420650e-15 
2.825000   1.9386482e-15 
2.845000   1.9352716e-15 
2.865000   1.9319342e-15 
2.885000   1.9286355e-15 
2.905000   1.9253747e-15 
2.925000   1.9221511e-15 
2.945000   1.9189640e-15 
2.965000   1.9158128e-15 
2.985000   1.9126968e-15 
3.005000   1.9096154e-15 
3.025000   1.9065680e-15 
3.045000   1.9035540e-15 
3.065000   1.9005728e-15 
3.085000   1.8976238e-15 
3.105000   1.8947066e-15 
3.125000   1.8918205e-15 
3.145000   1.8889650e-15 
3.165000   1.8861396e-15 
3.185000   1.8833439e-15 
3.205000   1.8805772e-15 
3.225000   1.8778392e-15 
3.245000   1.8751293e-15 
3.265000   1.8724471e-15 
3.285000   1.8697922e-15 
3.305000   1.8671640e-15 
3.325000   1.8645622e-15 
3.345000   1.8619864e-15 
3.365000   1.8594362e-15 
3.385000   1.8569110e-15 
3.405000   1.8544106e-15 
3.425000   1.8519346e-15 
3.445000   1.8494825e-15 
3.465000   1.8470541e-15 
3.485000   1.8446489e-15 
3.505000   1.8422666e-15 
3.525000   1.8399069e-15 
3.545000   1.8375693e-15 
3.565000   1.8352537e-15 
3.585000   1.8329596e-15 
3.605000   1.8306867e-15 
3.625000   1.8284348e-15 
3.645000   1.8262034e-15 
3.665000   1.8239924e-15 
3.685000   1.8218014e-15 
3.705000   1.8196301e-15 
3.725000   1.8174782e-15 
3.745000   1.8153456e-15 
3.765000   1.8132318e-15 
3.785000   1.8111367e-15 
3.805000   1.8090599e-15 
3.825000   1.8070013e-15 
3.845000   1.8049605e-15 
3.865000   1.8029373e-15 
3.885000   1.8009315e-15 
3.905000   1.7989428e-15 
3.925000   1.7969711e-15 
3.945000   1.7950160e-15 
3.965000   1.7930774e-15 
3.985000   1.7911550e-15 
4.005000   1.7892486e-15 
4.025000   1.7873580e-15 
4.045000   1.7854830e-15 
4.065000   1.7836234e-15 
4.085000   1.7817790e-15 
4.105000   1.7799495e-15 
4.125000   1.7781349e-15 
4.145000   1.7763348e-15 
4.165000   1.7745492e-15 
4.185000   1.7727778e-15 
4.205000   1.7710205e-15 
4.225000   1.7692771e-15 
4.245000   1.7675473e-15 
4.265000   1.7658311e-15 
4.285000   1.7641282e-15 
4.305000   1.7624386e-15 
4.325000   1.7607619e-15 
4.345000   1.7590982e-15 
4.365000   1.7574471e-15 
4.385000   1.7558086e-15 
4.405000   1.7541826e-15 
4.425000   1.7525687e-15 
4.445000   1.7509670e-15 
4.465000   1.7493773e-15 
4.485000   1.7477994e-15 
4.505000   1.7462331e-15 
4.525000   1.7446784e-15 
4.545000   1.7431352e-15 
4.565000   1.7416032e-15 
4.585000   1.7400823e-15 
4.605000   1.7385725e-15 
4.625000   1.7370735e-15 
4.645000   1.7355853e-15 
4.665000   1.7341078e-15 
4.685000   1.7326408e-15 
4.705000   1.7311842e-15 
4.725000   1.7297378e-15 
4.745000   1.7283016e-15 
4.765000   1.7268755e-15 
4.785000   1.7254594e-15 
4.805000   1.7240530e-15 
4.825000   1.7226564e-15 
4.845000   1.7212694e-15 
4.865000   1.7198919e-15 
4.885000   1.7185238e-15 
4.905000   1.7171650e-15 
4.925000   1.7158154e-15 
4.945000   1.7144749e-15 
4.965000   1.7131435e-15 
4.985000   1.7118209e-15 
5.005000   1.7105071e-15 
5.025000   1.7092021e-15 
5.045000   1.7079057e-15 
5.065000   1.7066178e-15 
5.085000   1.7053384e-15 
5.105000   1.7040674e-15 
5.125000   1.7028046e-15 
5.145000   1.7015500e-15 
5.165000   1.7003035e-15 
5.185000   1.6990650e-15 
5.205000   1.6978345e-15 
5.225000   1.6966118e-15 
5.245000   1.6953969e-15 
5.265000   1.6941896e-15 
5.285000   1.6929901e-15 
5.305000   1.6917980e-15 
5.325000   1.6906134e-15 
5.345000   1.6894362e-15 
5.365000   1.6882663e-15 
5.385000   1.6871037e-15 
5.405000   1.6859483e-15 
5.425000   1.6847999e-15 
5.445000   1.6836586e-15 
5.465000   1.6825242e-15 
5.485000   1.6813968e-15 
5.505000   1.6802762e-15 
5.525000   1.6791623e-15 
5.545000   1.6780551e-15 
5.565000   1.6769546e-15 
5.585000   1.6758607e-15 
5.605000   1.6747732e-15 
5.625000   1.6736922e-15 
5.645000   1.6726176e-15 
5.665000   1.6715494e-15 
5.685000   1.6704873e-15 
5.705000   1.6694315e-15 
5.725000   1.6683819e-15 
5.745000   1.6673383e-15 
5.765000   1.6663008e-15 
5.785000   1.6652693e-15 
5.805000   1.6642437e-15 
5.825000   1.6632239e-15 
5.845000   1.6622100e-15 
5.865000   1.6612018e-15 
5.885000   1.6601994e-15 
5.905000   1.6592026e-15 
5.925000   1.6582114e-15 
5.945000   1.6572258e-15 
5.965000   1.6562457e-15 
5.985000   1.6552711e-15 
6.005000   1.6543019e-15 
6.025000   1.6533380e-15 
6.045000   1.6523795e-15 
6.065000   1.6514262e-15 
6.085000   1.6504782e-15 
6.105000   1.6495353e-15 
6.125000   1.6485976e-15 
6.145000   1.6476649e-15 
6.165000   1.6467373e-15 
6.185000   1.6458147e-15 
6.205000   1.6448971e-15 
6.225000   1.6439844e-15 
6.245000   1.6430766e-15 
6.265000   1.6421735e-15 
6.285000   1.6412753e-15 
6.305000   1.6403819e-15 
6.325000   1.6394931e-15 
6.345000   1.6386090e-15 
6.365000   1.6377296e-15 
6.385000   1.6368547e-15 
6.405000   1.6359844e-15 
6.425000   1.6351186e-15 
6.445000   1.6342573e-15 
6.465000   1.6334004e-15 
6.485000   1.6325480e-15 
6.505000   1.6316999e-15 
6.525000   1.6308561e-15 
6.545000   1.6300167e-15 
6.565000   1.6291815e-15 
6.585000   1.6283505e-15 
6.605000   1.6275238e-15 
6.625000   1.6267012e-15 
6.645000   1.6258827e-15 
6.665000   1.6250683e-15 
6.685000   1.6242580e-15 
6.705000   1.6234517e-15 
6.725000   1.6226494e-15 
6.745000   1.6218511e-15 
6.765000   1.6210567e-15 
6.785000   1.6202663e-15 
6.805000   1.6194797e-15 
6.825000   1.6186969e-15 
6.845000   1.6179180e-15 
6.865000   1.6171428e-15 
6.885000   1.6163714e-15 
6.905000   1.6156037e-15 
6.925000   1.6148397e-15 
6.945000   1.6140794e-15 
6.965000   1.6133227e-15 
6.985000   1.6125697e-15 
7.005000   1.6118202e-15 
7.025000   1.6110743e-15 
7.045000   1.6103319e-15 
7.065000   1.6095930e-15 
7.085000   1.6088576e-15 
7.105000   1.6081256e-15 
7.125000   1.6073971e-15 
7.145000   1.6066720e-15 
7.165000   1.6059502e-15 
7.185000   1.6052318e-15 
7.205000   1.6045167e-15 
7.225000   1.6038050e-15 
7.245000   1.6030965e-15 
7.265000   1.6023912e-15 
7.285000   1.6016892e-15 
7.305000   1.6009904e-15 
7.325000   1.6002947e-15 
7.345000   1.5996023e-15 
7.365000   1.5989129e-15 
7.385000   1.5982267e-15 
7.405000   1.5975435e-15 
7.425000   1.5968635e-15 
7.445000   1.5961865e-15 
7.465000   1.5955125e-15 
7.485000   1.5948415e-15 
7.505000   1.5941734e-15 
7.525000   1.5935084e-15 
7.545000   1.5928463e-15 
7.565000   1.5921871e-15 
7.585000   1.5915308e-15 
7.605000   1.5908774e-15 
7.625000   1.5902268e-15 
7.645000   1.5895791e-15 
7.665000   1.5889342e-15 
7.685000   1.5882921e-15 
7.705000   1.5876527e-15 
7.725000   1.5870162e-15 
7.745000   1.5863823e-15 
7.765000   1.5857512e-15 
7.785000   1.5851228e-15 
7.805000   1.5844971e-15 
7.825000   1.5838741e-15 
7.845000   1.5832537e-15 
7.865000   1.5826359e-15 
7.885000   1.5820207e-15 
7.905000   1.5814082e-15 
7.925000   1.5807982e-15 
7.945000   1.5801908e-15 
7.965000   1.5795859e-15 
7.985000   1.5789835e-15 
8.005000   1.5783837e-15 
8.025000   1.5777863e-15 
8.045000   1.5771914e-15 
8.065000   1.5765990e-15 
8.085000   1.5760090e-15 
8.105000   1.5754215e-15 
8.125000   1.5748363e-15 
8.145000   1.5742536e-15 
8.165000   1.5736732e-15 
8.185000   1.5730952e-15 
8.205000   1.5725196e-15 
8.225000   1.5719463e-15 
8.245000   1.5713753e-15 
8.265000   1.5708066e-15 
8.285000   1.5702402e-15 
8.305000   1.5696761e-15 
8.325000   1.5691142e-15 
8.345000   1.5685546e-15 
8.365000   1.5679972e-15 
8.385000   1.5674420e-15 
8.405000   1.5668890e-15 
8.425000   1.5663383e-15 
8.445000   1.5657896e-15 
8.465000   1.5652432e-15 
8.485000   1.5646989e-15 
8.505000   1.5641567e-15 
8.525000   1.5636167e-15 
8.545000   1.5630787e-15 
8.565000   1.5625429e-15 
8.585000   1.5620091e-15 
8.605000   1.5614774e-15 
8.625000   1.5609478e-15 
8.645000   1.5604202e-15 
8.665000   1.5598946e-15 
8.685000   1.5593711e-15 
8.705000   1.5588496e-15 
8.725000   1.5583300e-15 
8.745000   1.5578124e-15 
8.765000   1.5572968e-15 
8.785000   1.5567832e-15 
8.805000   1.5562715e-15 
8.825000   1.5557617e-15 
8.845000   1.5552539e-15 
8.865000   1.5547480e-15 
8.885000   1.5542439e-15 
8.905000   1.5537418e-15 
8.925000   1.5532415e-15 
8.945000   1.5527431e-15 
8.965000   1.5522466e-15 
8.985000   1.5517519e-15 
9.005000   1.5512590e-15 
9.025000   1.5507679e-15 
9.045000   1.5502787e-15 
9.065000   1.5497913e-15 
9.085000   1.5493056e-15 
9.105000   1.5488217e-15 
9.125000   1.5483396e-15 
9.145000   1.5478593e-15 
9.165000   1.5473807e-15 
9.185000   1.5469038e-15 
9.205000   1.5464287e-15 
9.225000   1.5459552e-15 
9.245000   1.5454835e-15 
9.265000   1.5450135e-15 
9.285000   1.5445452e-15 
9.305000   1.5440785e-15 
9.325000   1.5436136e-15 
9.345000   1.5431502e-15 
9.365000   1.5426886e-15 
9.385000   1.5422285e-15 
9.405000   1.5417701e-15 
9.425000   1.5413134e-15 
9.445000   1.5408582e-15 
9.465000   1.5404046e-15 
9.485000   1.5399527e-15 
9.505000   1.5395023e-15 
9.525000   1.5390535e-15 
9.545000   1.5386063e-15 
9.565000   1.5381606e-15 
9.585000   1.5377164e-15 
9.605000   1.5372739e-15 
9.625000   1.5368328e-15 
9.645000   1.5363933e-15 
9.665000   1.5359553e-15 
9.685000   1.5355188e-15 
9.705000   1.5350838e-15 
9.725000   1.5346503e-15 
9.745000   1.5342182e-15 
9.765000   1.5337877e-15 
9.785000   1.5333586e-15 
9.805000   1.5329310e-15 
9.825000   1.5325048e-15 
9.845000   1.5320801e-15 
9.865000   1.5316568e-15 
9.885000   1.5312349e-15 
9.905000   1.5308144e-15 
9.925000   1.5303954e-15 
9.945000   1.5299778e-15 
9.965000   1.5295616e-15 
9.985000   1.5291467e-15 
10.005000   1.5287332e-15 
10.025000   1.5283212e-15 
10.045000   1.5279104e-15 
10.065000   1.5275011e-15 
10.085000   1.5270931e-15 
10.105000   1.5266864e-15 
10.125000   1.5262811e-15 
10.145000   1.5258771e-15 
10.165000   1.5254745e-15 
10.185000   1.5250731e-15 
10.205000   1.5246731e-15 
10.225000   1.5242744e-15 
10.245000   1.5238769e-15 
10.265000   1.5234808e-15 
10.285000   1.5230860e-15 
10.305000   1.5226924e-15 
10.325000   1.5223001e-15 
10.345000   1.5219090e-15 
10.365000   1.5215193e-15 
10.385000   1.5211307e-15 
10.405000   1.5207434e-15 
10.425000   1.5203574e-15 
10.445000   1.5199726e-15 
10.465000   1.5195890e-15 
10.485000   1.5192066e-15 
10.505000   1.5188255e-15 
10.525000   1.5184455e-15 
10.545000   1.5180668e-15 
10.565000   1.5176892e-15 
10.585000   1.5173129e-15 
10.605000   1.5169377e-15 
10.625000   1.5165637e-15 
10.645000   1.5161909e-15 
10.665000   1.5158192e-15 
10.685000   1.5154487e-15 
10.705000   1.5150793e-15 
10.725000   1.5147111e-15 
10.745000   1.5143441e-15 
10.765000   1.5139782e-15 
10.785000   1.5136134e-15 
10.805000   1.5132497e-15 
10.825000   1.5128872e-15 
10.845000   1.5125257e-15 
10.865000   1.5121654e-15 
10.885000   1.5118062e-15 
10.905000   1.5114481e-15 
10.925000   1.5110911e-15 
10.945000   1.5107351e-15 
10.965000   1.5103803e-15 
10.985000   1.5100265e-15 
11.005000   1.5096738e-15 
11.025000   1.5093221e-15 
11.045000   1.5089716e-15 
11.065000   1.5086220e-15 
11.085000   1.5082736e-15 
11.105000   1.5079261e-15 
11.125000   1.5075798e-15 
11.145000   1.5072344e-15 
11.165000   1.5068901e-15 
11.185000   1.5065468e-15 
11.205000   1.5062045e-15 
11.225000   1.5058633e-15 
11.245000   1.5055231e-15 
11.265000   1.5051838e-15 
11.285000   1.5048456e-15 
11.305000   1.5045084e-15 
11.325000   1.5041721e-15 
11.345000   1.5038369e-15 
11.365000   1.5035026e-15 
11.385000   1.5031693e-15 
11.405000   1.5028370e-15 
11.425000   1.5025057e-15 
11.445000   1.5021753e-15 
11.465000   1.5018459e-15 
11.485000   1.5015174e-15 
11.505000   1.5011899e-15 
11.525000   1.5008633e-15 
11.545000   1.5005377e-15 
11.565000   1.5002130e-15 
11.585000   1.4998893e-15 
11.605000   1.4995665e-15 
11.625000   1.4992446e-15 
11.645000   1.4989236e-15 
11.665000   1.4986036e-15 
11.685000   1.4982844e-15 
11.705000   1.4979662e-15 
11.725000   1.4976489e-15 
11.745000   1.4973325e-15 
11.765000   1.4970169e-15 
11.785000   1.4967023e-15 
11.805000   1.4963886e-15 
11.825000   1.4960757e-15 
11.845000   1.4957637e-15 
11.865000   1.4954526e-15 
11.885000   1.4951424e-15 
11.905000   1.4948330e-15 
11.925000   1.4945245e-15 
11.945000   1.4942169e-15 
11.965000   1.4939101e-15 
11.985000   1.4936042e-15 
12.005000   1.4932991e-15 
12.025000   1.4929949e-15 
12.045000   1.4926915e-15 
12.065000   1.4923890e-15 
12.085000   1.4920873e-15 
12.105000   1.4917864e-15 
12.125000   1.4914863e-15 
12.145000   1.4911871e-15 
12.165000   1.4908887e-15 
12.185000   1.4905911e-15 
12.205000   1.4902943e-15 
12.225000   1.4899983e-15 
12.245000   1.4897032e-15 
12.265000   1.4894088e-15 
12.285000   1.4891153e-15 
12.305000   1.4888225e-15 
12.325000   1.4885305e-15 
12.345000   1.4882393e-15 
12.365000   1.4879489e-15 
12.385000   1.4876593e-15 
12.405000   1.4873705e-15 
12.425000   1.4870824e-15 
12.445000   1.4867951e-15 
12.465000   1.4865086e-15 
12.485000   1.4862228e-15 
12.505000   1.4859378e-15 
12.525000   1.4856536e-15 
12.545000   1.4853701e-15 
12.565000   1.4850873e-15 
12.585000   1.4848054e-15 
12.605000   1.4845241e-15 
12.625000   1.4842436e-15 
12.645000   1.4839639e-15 
12.665000   1.4836849e-15 
12.685000   1.4834066e-15 
12.705000   1.4831290e-15 
12.725000   1.4828522e-15 
12.745000   1.4825761e-15 
12.765000   1.4823007e-15 
12.785000   1.4820260e-15 
12.805000   1.4817521e-15 
12.825000   1.4814788e-15 
12.845000   1.4812063e-15 
12.865000   1.4809345e-15 
12.885000   1.4806634e-15 
12.905000   1.4803930e-15 
12.925000   1.4801232e-15 
12.945000   1.4798542e-15 
12.965000   1.4795859e-15 
12.985000   1.4793182e-15 
13.005000   1.4790513e-15 
13.025000   1.4787850e-15 
13.045000   1.4785194e-15 
13.065000   1.4782545e-15 
13.085000   1.4779902e-15 
13.105000   1.4777267e-15 
13.125000   1.4774638e-15 
13.145000   1.4772015e-15 
13.165000   1.4769400e-15 
13.185000   1.4766791e-15 
13.205000   1.4764188e-15 
13.225000   1.4761592e-15 
13.245000   1.4759003e-15 
13.265000   1.4756420e-15 
13.285000   1.4753844e-15 
13.305000   1.4751274e-15 
13.325000   1.4748710e-15 
13.345000   1.4746153e-15 
13.365000   1.4743602e-15 
13.385000   1.4741058e-15 
13.405000   1.4738520e-15 
13.425000   1.4735988e-15 
13.445000   1.4733463e-15 
13.465000   1.4730943e-15 
13.485000   1.4728430e-15 
13.505000   1.4725924e-15 
13.525000   1.4723423e-15 
13.545000   1.4720929e-15 
13.565000   1.4718440e-15 
13.585000   1.4715958e-15 
13.605000   1.4713482e-15 
13.625000   1.4711012e-15 
13.645000   1.4708548e-15 
13.665000   1.4706090e-15 
13.685000   1.4703638e-15 
13.705000   1.4701192e-15 
13.725000   1.4698752e-15 
13.745000   1.4696317e-15 
13.765000   1.4693889e-15 
13.785000   1.4691467e-15 
13.805000   1.4689050e-15 
13.825000   1.4686639e-15 
13.845000   1.4684234e-15 
13.865000   1.4681835e-15 
13.885000   1.4679442e-15 
13.905000   1.4677054e-15 
13.925000   1.4674672e-15 
13.945000   1.4672296e-15 
13.965000   1.4669925e-15 
13.985000   1.4667560e-15 
14.005000   1.4665201e-15 
14.025000   1.4662847e-15 
14.045000   1.4660499e-15 
14.065000   1.4658157e-15 
14.085000   1.4655820e-15 
14.105000   1.4653488e-15 
14.125000   1.4651162e-15 
14.145000   1.4648842e-15 
14.165000   1.4646527e-15 
14.185000   1.4644217e-15 
14.205000   1.4641913e-15 
14.225000   1.4639614e-15 
14.245000   1.4637321e-15 
14.265000   1.4635033e-15 
14.285000   1.4632750e-15 
14.305000   1.4630473e-15 
14.325000   1.4628201e-15 
14.345000   1.4625934e-15 
14.365000   1.4623673e-15 
14.385000   1.4621416e-15 
14.405000   1.4619165e-15 
14.425000   1.4616919e-15 
14.445000   1.4614679e-15 
14.465000   1.4612443e-15 
14.485000   1.4610213e-15 
14.505000   1.4607988e-15 
14.525000   1.4605767e-15 
14.545000   1.4603552e-15 
14.565000   1.4601342e-15 
14.585000   1.4599138e-15 
14.605000   1.4596938e-15 
14.625000   1.4594743e-15 
14.645000   1.4592553e-15 
14.665000   1.4590368e-15 
14.685000   1.4588188e-15 
14.705000   1.4586013e-15 
14.725000   1.4583843e-15 
14.745000   1.4581678e-15 
14.765000   1.4579518e-15 
14.785000   1.4577362e-15 
14.805000   1.4575212e-15 
14.825000   1.4573066e-15 
14.845000   1.4570925e-15 
14.865000   1.4568789e-15 
14.885000   1.4566658e-15 
14.905000   1.4564531e-15 
14.925000   1.4562410e-15 
14.945000   1.4560292e-15 
14.965000   1.4558180e-15 
14.985000   1.4556073e-15 
15.005000   1.4553970e-15 
15.025000   1.4551871e-15 
15.045000   1.4549778e-15 
15.065000   1.4547689e-15 
15.085000   1.4545604e-15 
15.105000   1.4543525e-15 
15.125000   1.4541449e-15 
15.145000   1.4539379e-15 
15.165000   1.4537313e-15 
15.185000   1.4535251e-15 
15.205000   1.4533194e-15 
15.225000   1.4531142e-15 
15.245000   1.4529094e-15 
15.265000   1.4527050e-15 
15.285000   1.4525011e-15 
15.305000   1.4522976e-15 
15.325000   1.4520946e-15 
15.345000   1.4518920e-15 
15.365000   1.4516899e-15 
15.385000   1.4514882e-15 
15.405000   1.4512869e-15 
15.425000   1.4510861e-15 
15.445000   1.4508857e-15 
15.465000   1.4506857e-15 
15.485000   1.4504862e-15 
15.505000   1.4502871e-15 
15.525000   1.4500884e-15 
15.545000   1.4498901e-15 
15.565000   1.4496923e-15 
15.585000   1.4494949e-15 
15.605000   1.4492979e-15 
15.625000   1.4491014e-15 
15.645000   1.4489052e-15 
15.665000   1.4487095e-15 
15.685000   1.4485142e-15 
15.705000   1.4483193e-15 
15.725000   1.4481248e-15 
15.745000   1.4479307e-15 
15.765000   1.4477371e-15 
15.785000   1.4475438e-15 
15.805000   1.4473510e-15 
15.825000   1.4471585e-15 
15.845000   1.4469665e-15 
15.865000   1.4467749e-15 
15.885000   1.4465837e-15 
15.905000   1.4463928e-15 
15.925000   1.4462024e-15 
15.945000   1.4460124e-15 
15.965000   1.4458227e-15 
15.985000   1.4456335e-15 
16.005000   1.4454447e-15 
16.025000   1.4452562e-15 
16.045000   1.4450682e-15 
16.065000   1.4448805e-15 
16.085000   1.4446932e-15 
16.105000   1.4445063e-15 
16.125000   1.4443198e-15 
16.145000   1.4441337e-15 
16.165000   1.4439480e-15 
16.185000   1.4437626e-15 
16.205000   1.4435776e-15 
16.225000   1.4433931e-15 
16.245000   1.4432088e-15 
16.265000   1.4430250e-15 
16.285000   1.4428416e-15 
16.305000   1.4426585e-15 
16.325000   1.4424758e-15 
16.345000   1.4422934e-15 
16.365000   1.4421115e-15 
16.385000   1.4419299e-15 
16.405000   1.4417486e-15 
16.425000   1.4415678e-15 
16.445000   1.4413873e-15 
16.465000   1.4412072e-15 
16.485000   1.4410274e-15 
16.505000   1.4408480e-15 
16.525000   1.4406690e-15 
16.545000   1.4404903e-15 
16.565000   1.4403120e-15 
16.585000   1.4401340e-15 
16.605000   1.4399564e-15 
16.625000   1.4397792e-15 
16.645000   1.4396023e-15 
16.665000   1.4394258e-15 
16.685000   1.4392496e-15 
16.705000   1.4390737e-15 
16.725000   1.4388983e-15 
16.745000   1.4387231e-15 
16.765000   1.4385484e-15 
16.785000   1.4383739e-15 
16.805000   1.4381998e-15 
16.825000   1.4380261e-15 
16.845000   1.4378527e-15 
16.865000   1.4376796e-15 
16.885000   1.4375069e-15 
16.905000   1.4373345e-15 
16.925000   1.4371625e-15 
16.945000   1.4369908e-15 
16.965000   1.4368194e-15 
16.985000   1.4366484e-15 
17.005000   1.4364777e-15 
17.025000   1.4363074e-15 
17.045000   1.4361374e-15 
17.065000   1.4359677e-15 
17.085000   1.4357983e-15 
17.105000   1.4356293e-15 
17.125000   1.4354606e-15 
17.145000   1.4352922e-15 
17.165000   1.4351242e-15 
17.185000   1.4349565e-15 
17.205000   1.4347891e-15 
17.225000   1.4346220e-15 
17.245000   1.4344553e-15 
17.265000   1.4342888e-15 
17.285000   1.4341227e-15 
17.305000   1.4339569e-15 
17.325000   1.4337915e-15 
17.345000   1.4336263e-15 
17.365000   1.4334615e-15 
17.385000   1.4332970e-15 
17.405000   1.4331328e-15 
17.425000   1.4329689e-15 
17.445000   1.4328054e-15 
17.465000   1.4326421e-15 
17.485000   1.4324791e-15 
17.505000   1.4323165e-15 
17.525000   1.4321542e-15 
17.545000   1.4319922e-15 
17.565000   1.4318305e-15 
17.585000   1.4316691e-15 
17.605000   1.4315080e-15 
17.625000   1.4313472e-15 
17.645000   1.4311867e-15 
17.665000   1.4310265e-15 
17.685000   1.4308666e-15 
17.705000   1.4307070e-15 
17.725000   1.4305477e-15 
17.745000   1.4303888e-15 
17.765000   1.4302301e-15 
17.785000   1.4300717e-15 
17.805000   1.4299136e-15 
17.825000   1.4297558e-15 
17.845000   1.4295983e-15 
17.865000   1.4294411e-15 
17.885000   1.4292842e-15 
17.905000   1.4291276e-15 
17.925000   1.4289712e-15 
17.945000   1.4288152e-15 
17.965000   1.4286594e-15 
17.985000   1.4285040e-15 
18.005000   1.4283488e-15 
18.025000   1.4281939e-15 
18.045000   1.4280393e-15 
18.065000   1.4278850e-15 
18.085000   1.4277310e-15 
18.105000   1.4275772e-15 
18.125000   1.4274238e-15 
18.145000   1.4272706e-15 
18.165000   1.4271177e-15 
18.185000   1.4269650e-15 
18.205000   1.4268127e-15 
18.225000   1.4266606e-15 
18.245000   1.4265089e-15 
18.265000   1.4263574e-15 
18.285000   1.4262061e-15 
18.305000   1.4260552e-15 
18.325000   1.4259045e-15 
18.345000   1.4257541e-15 
18.365000   1.4256039e-15 
18.385000   1.4254541e-15 
18.405000   1.4253045e-15 
18.425000   1.4251552e-15 
18.445000   1.4250061e-15 
18.465000   1.4248573e-15 
18.485000   1.4247088e-15 
18.505000   1.4245606e-15 
18.525000   1.4244126e-15 
18.545000   1.4242649e-15 
18.565000   1.4241174e-15 
18.585000   1.4239703e-15 
18.605000   1.4238233e-15 
18.625000   1.4236767e-15 
18.645000   1.4235303e-15 
18.665000   1.4233842e-15 
18.685000   1.4232383e-15 
18.705000   1.4230927e-15 
18.725000   1.4229473e-15 
18.745000   1.4228022e-15 
18.765000   1.4226574e-15 
18.785000   1.4225128e-15 
18.805000   1.4223685e-15 
18.825000   1.4222244e-15 
18.845000   1.4220806e-15 
18.865000   1.4219371e-15 
18.885000   1.4217937e-15 
18.905000   1.4216507e-15 
18.925000   1.4215079e-15 
18.945000   1.4213653e-15 
18.965000   1.4212231e-15 
18.985000   1.4210810e-15 
19.005000   1.4209392e-15 
19.025000   1.4207977e-15 
19.045000   1.4206564e-15 
19.065000   1.4205153e-15 
19.085000   1.4203745e-15 
19.105000   1.4202339e-15 
19.125000   1.4200936e-15 
19.145000   1.4199535e-15 
19.165000   1.4198137e-15 
19.185000   1.4196741e-15 
19.205000   1.4195348e-15 
19.225000   1.4193957e-15 
19.245000   1.4192568e-15 
19.265000   1.4191182e-15 
19.285000   1.4189798e-15 
19.305000   1.4188417e-15 
19.325000   1.4187038e-15 
19.345000   1.4185661e-15 
19.365000   1.4184287e-15 
19.385000   1.4182915e-15 
19.405000   1.4181545e-15 
19.425000   1.4180178e-15 
19.445000   1.4178813e-15 
19.465000   1.4177450e-15 
19.485000   1.4176090e-15 
19.505000   1.4174732e-15 
19.525000   1.4173377e-15 
19.545000   1.4172023e-15 
19.565000   1.4170672e-15 
19.585000   1.4169324e-15 
19.605000   1.4167977e-15 
19.625000   1.4166633e-15 
19.645000   1.4165292e-15 
19.665000   1.4163952e-15 
19.685000   1.4162615e-15 
19.705000   1.4161280e-15 
19.725000   1.4159947e-15 
19.745000   1.4158617e-15 
19.765000   1.4157288e-15 
19.785000   1.4155962e-15 
19.805000   1.4154639e-15 
19.825000   1.4153317e-15 
19.845000   1.4151998e-15 
19.865000   1.4150681e-15 
19.885000   1.4149366e-15 
19.905000   1.4148053e-15 
19.925000   1.4146742e-15 
19.945000   1.4145434e-15 
19.965000   1.4144128e-15 
19.985000   1.4142824e-15 
20.005000   1.4141522e-15 
20.025000   1.4140223e-15 
20.045000   1.4138925e-15 
20.065000   1.4137630e-15 
20.085000   1.4136337e-15 
20.105000   1.4135046e-15 
20.125000   1.4133757e-15 
20.145000   1.4132470e-15 
20.165000   1.4131186e-15 
20.185000   1.4129903e-15 
20.205000   1.4128623e-15 
20.225000   1.4127345e-15 
20.245000   1.4126068e-15 
20.265000   1.4124794e-15 
20.285000   1.4123522e-15 
20.305000   1.4122253e-15 
20.325000   1.4120985e-15 
20.345000   1.4119719e-15 
20.365000   1.4118455e-15 
20.385000   1.4117194e-15 
20.405000   1.4115934e-15 
20.425000   1.4114677e-15 
20.445000   1.4113422e-15 
20.465000   1.4112168e-15 
20.485000   1.4110917e-15 
20.505000   1.4109668e-15 
20.525000   1.4108420e-15 
20.545000   1.4107175e-15 
20.565000   1.4105932e-15 
20.585000   1.4104691e-15 
20.605000   1.4103452e-15 
20.625000   1.4102214e-15 
20.645000   1.4100979e-15 
20.665000   1.4099746e-15 
20.685000   1.4098515e-15 
20.705000   1.4097286e-15 
20.725000   1.4096058e-15 
20.745000   1.4094833e-15 
20.765000   1.4093610e-15 
20.785000   1.4092388e-15 
20.805000   1.4091169e-15 
20.825000   1.4089952e-15 
20.845000   1.4088736e-15 
20.865000   1.4087523e-15 
20.885000   1.4086311e-15 
20.905000   1.4085101e-15 
20.925000   1.4083894e-15 
20.945000   1.4082688e-15 
20.965000   1.4081484e-15 
20.985000   1.4080282e-15 
21.005000   1.4079082e-15 
21.025000   1.4077884e-15 
21.045000   1.4076687e-15 
21.065000   1.4075493e-15 
21.085000   1.4074300e-15 
21.105000   1.4073110e-15 
21.125000   1.4071921e-15 
21.145000   1.4070734e-15 
21.165000   1.4069549e-15 
21.185000   1.4068366e-15 
21.205000   1.4067185e-15 
21.225000   1.4066005e-15 
21.245000   1.4064828e-15 
21.265000   1.4063652e-15 
21.285000   1.4062478e-15 
21.305000   1.4061306e-15 
21.325000   1.4060136e-15 
21.345000   1.4058968e-15 
21.365000   1.4057801e-15 
21.385000   1.4056636e-15 
21.405000   1.4055473e-15 
21.425000   1.4054312e-15 
21.445000   1.4053153e-15 
21.465000   1.4051995e-15 
21.485000   1.4050840e-15 
21.505000   1.4049686e-15 
21.525000   1.4048534e-15 
21.545000   1.4047383e-15 
21.565000   1.4046235e-15 
21.585000   1.4045088e-15 
21.605000   1.4043943e-15 
21.625000   1.4042800e-15 
21.645000   1.4041658e-15 
21.665000   1.4040518e-15 
21.685000   1.4039380e-15 
21.705000   1.4038244e-15 
21.725000   1.4037110e-15 
21.745000   1.4035977e-15 
21.765000   1.4034846e-15 
21.785000   1.4033717e-15 
21.805000   1.4032589e-15 
21.825000   1.4031463e-15 
21.845000   1.4030339e-15 
21.865000   1.4029217e-15 
21.885000   1.4028096e-15 
21.905000   1.4026977e-15 
21.925000   1.4025860e-15 
21.945000   1.4024744e-15 
21.965000   1.4023630e-15 
21.985000   1.4022518e-15 
22.005000   1.4021407e-15 
22.025000   1.4020299e-15 
22.045000   1.4019191e-15 
22.065000   1.4018086e-15 
22.085000   1.4016982e-15 
22.105000   1.4015880e-15 
22.125000   1.4014779e-15 
22.145000   1.4013681e-15 
22.165000   1.4012583e-15 
22.185000   1.4011488e-15 
22.205000   1.4010394e-15 
22.225000   1.4009302e-15 
22.245000   1.4008211e-15 
22.265000   1.4007122e-15 
22.285000   1.4006035e-15 
22.305000   1.4004949e-15 
22.325000   1.4003865e-15 
22.345000   1.4002782e-15 
22.365000   1.4001701e-15 
22.385000   1.4000622e-15 
22.405000   1.3999544e-15 
22.425000   1.3998468e-15 
22.445000   1.3997394e-15 
22.465000   1.3996321e-15 
22.485000   1.3995250e-15 
22.505000   1.3994180e-15 
22.525000   1.3993112e-15 
22.545000   1.3992045e-15 
22.565000   1.3990980e-15 
22.585000   1.3989917e-15 
22.605000   1.3988855e-15 
22.625000   1.3987795e-15 
22.645000   1.3986736e-15 
22.665000   1.3985679e-15 
22.685000   1.3984624e-15 
22.705000   1.3983570e-15 
22.725000   1.3982517e-15 
22.745000   1.3981466e-15 
22.765000   1.3980417e-15 
22.785000   1.3979369e-15 
22.805000   1.3978322e-15 
22.825000   1.3977278e-15 
22.845000   1.3976234e-15 
22.865000   1.3975193e-15 
22.885000   1.3974152e-15 
22.905000   1.3973114e-15 
22.925000   1.3972076e-15 
22.945000   1.3971041e-15 
22.965000   1.3970007e-15 
22.985000   1.3968974e-15 
23.005000   1.3967943e-15 
23.025000   1.3966913e-15 
23.045000   1.3965885e-15 
23.065000   1.3964858e-15 
23.085000   1.3963833e-15 
23.105000   1.3962809e-15 
23.125000   1.3961787e-15 
23.145000   1.3960766e-15 
23.165000   1.3959746e-15 
23.185000   1.3958728e-15 
23.205000   1.3957712e-15 
23.225000   1.3956697e-15 
23.245000   1.3955683e-15 
23.265000   1.3954671e-15 
23.285000   1.3953661e-15 
23.305000   1.3952652e-15 
23.325000   1.3951644e-15 
23.345000   1.3950638e-15 
23.365000   1.3949633e-15 
23.385000   1.3948629e-15 
23.405000   1.3947627e-15 
23.425000   1.3946627e-15 
23.445000   1.3945628e-15 
23.465000   1.3944630e-15 
23.485000   1.3943634e-15 
23.505000   1.3942639e-15 
23.525000   1.3941645e-15 
23.545000   1.3940653e-15 
23.565000   1.3939662e-15 
23.585000   1.3938673e-15 
23.605000   1.3937685e-15 
23.625000   1.3936699e-15 
23.645000   1.3935714e-15 
23.665000   1.3934730e-15 
23.685000   1.3933748e-15 
23.705000   1.3932767e-15 
23.725000   1.3931787e-15 
23.745000   1.3930809e-15 
23.765000   1.3929832e-15 
23.785000   1.3928857e-15 
23.805000   1.3927883e-15 
23.825000   1.3926910e-15 
23.845000   1.3925939e-15 
23.865000   1.3924969e-15 
23.885000   1.3924000e-15 
23.905000   1.3923033e-15 
23.925000   1.3922067e-15 
23.945000   1.3921102e-15 
23.965000   1.3920139e-15 
23.985000   1.3919177e-15 
24.005000   1.3918216e-15 
24.025000   1.3917257e-15 
24.045000   1.3916299e-15 
24.065000   1.3915342e-15 
24.085000   1.3914387e-15 
24.105000   1.3913433e-15 
24.125000   1.3912481e-15 
24.145000   1.3911529e-15 
24.165000   1.3910579e-15 
24.185000   1.3909631e-15 
24.205000   1.3908683e-15 
24.225000   1.3907737e-15 
24.245000   1.3906792e-15 
24.265000   1.3905849e-15 
24.285000   1.3904907e-15 
24.305000   1.3903966e-15 
24.325000   1.3903026e-15 
24.345000   1.3902088e-15 
24.365000   1.3901151e-15 
24.385000   1.3900215e-15 
24.405000   1.3899281e-15 
24.425000   1.3898347e-15 
24.445000   1.3897415e-15 
24.465000   1.3896485e-15 
24.485000   1.3895555e-15 
24.505000   1.3894627e-15 
24.525000   1.3893700e-15 
24.545000   1.3892775e-15 
24.565000   1.3891850e-15 
24.585000   1.3890927e-15 
24.605000   1.3890005e-15 
24.625000   1.3889085e-15 
24.645000   1.3888165e-15 
24.665000   1.3887247e-15 
24.685000   1.3886330e-15 
24.705000   1.3885415e-15 
24.725000   1.3884500e-15 
24.745000   1.3883587e-15 
24.765000   1.3882675e-15 
24.785000   1.3881765e-15 
24.805000   1.3880855e-15 
24.825000   1.3879947e-15 
24.845000   1.3879040e-15 
24.865000   1.3878134e-15 
24.885000   1.3877229e-15 
24.905000   1.3876326e-15 
24.925000   1.3875424e-15 
24.945000   1.3874523e-15 
24.965000   1.3873623e-15 
24.985000   1.3872724e-15 
25.005000   1.3871827e-15 
25.025000   1.3870931e-15 
25.045000   1.3870036e-15 
25.065000   1.3869142e-15 
25.085000   1.3868249e-15 
25.105000   1.3867358e-15 
25.125000   1.3866468e-15 
25.145000   1.3865579e-15 
25.165000   1.3864691e-15 
25.185000   1.3863804e-15 
25.205000   1.3862918e-15 
25.225000   1.3862034e-15 
25.245000   1.3861151e-15 
25.265000   1.3860269e-15 
25.285000   1.3859388e-15 
25.305000   1.3858508e-15 
25.325000   1.3857630e-15 
25.345000   1.3856752e-15 
25.365000   1.3855876e-15 
25.385000   1.3855001e-15 
25.405000   1.3854127e-15 
25.425000   1.3853254e-15 
25.445000   1.3852382e-15 
25.465000   1.3851512e-15 
25.485000   1.3850642e-15 
25.505000   1.3849774e-15 
25.525000   1.3848907e-15 
25.545000   1.3848041e-15 
25.565000   1.3847176e-15 
25.585000   1.3846312e-15 
25.605000   1.3845450e-15 
25.625000   1.3844588e-15 
25.645000   1.3843728e-15 
25.665000   1.3842869e-15 
25.685000   1.3842011e-15 
25.705000   1.3841154e-15 
25.725000   1.3840298e-15 
25.745000   1.3839443e-15 
25.765000   1.3838589e-15 
25.785000   1.3837737e-15 
25.805000   1.3836885e-15 
25.825000   1.3836035e-15 
25.845000   1.3835185e-15 
25.865000   1.3834337e-15 
25.885000   1.3833490e-15 
25.905000   1.3832644e-15 
25.925000   1.3831799e-15 
25.945000   1.3830955e-15 
25.965000   1.3830113e-15 
25.985000   1.3829271e-15 
26.005000   1.3828430e-15 
26.025000   1.3827591e-15 
26.045000   1.3826752e-15 
26.065000   1.3825915e-15 
26.085000   1.3825079e-15 
26.105000   1.3824243e-15 
26.125000   1.3823409e-15 
26.145000   1.3822576e-15 
26.165000   1.3821744e-15 
26.185000   1.3820913e-15 
26.205000   1.3820083e-15 
26.225000   1.3819254e-15 
26.245000   1.3818427e-15 
26.265000   1.3817600e-15 
26.285000   1.3816774e-15 
26.305000   1.3815949e-15 
26.325000   1.3815126e-15 
26.345000   1.3814303e-15 
26.365000   1.3813482e-15 
26.385000   1.3812661e-15 
26.405000   1.3811842e-15 
26.425000   1.3811023e-15 
26.445000   1.3810206e-15 
26.465000   1.3809389e-15 
26.485000   1.3808574e-15 
26.505000   1.3807760e-15 
26.525000   1.3806946e-15 
26.545000   1.3806134e-15 
26.565000   1.3805323e-15 
26.585000   1.3804513e-15 
26.605000   1.3803703e-15 
26.625000   1.3802895e-15 
26.645000   1.3802088e-15 
26.665000   1.3801282e-15 
26.685000   1.3800477e-15 
26.705000   1.3799672e-15 
26.725000   1.3798869e-15 
26.745000   1.3798067e-15 
26.765000   1.3797266e-15 
26.785000   1.3796466e-15 
26.805000   1.3795667e-15 
26.825000   1.3794868e-15 
26.845000   1.3794071e-15 
26.865000   1.3793275e-15 
26.885000   1.3792480e-15 
26.905000   1.3791685e-15 
26.925000   1.3790892e-15 
26.945000   1.3790100e-15 
26.965000   1.3789309e-15 
26.985000   1.3788518e-15 
27.005000   1.3787729e-15 
27.025000   1.3786941e-15 
27.045000   1.3786153e-15 
27.065000   1.3785367e-15 
27.085000   1.3784581e-15 
27.105000   1.3783797e-15 
27.125000   1.3783013e-15 
27.145000   1.3782231e-15 
27.165000   1.3781449e-15 
27.185000   1.3780668e-15 
27.205000   1.3779889e-15 
27.225000   1.3779110e-15 
27.245000   1.3778332e-15 
27.265000   1.3777555e-15 
27.285000   1.3776780e-15 
27.305000   1.3776005e-15 
27.325000   1.3775231e-15 
27.345000   1.3774458e-15 
27.365000   1.3773685e-15 
27.385000   1.3772914e-15 
27.405000   1.3772144e-15 
27.425000   1.3771375e-15 
27.445000   1.3770606e-15 
27.465000   1.3769839e-15 
27.485000   1.3769072e-15 
27.505000   1.3768307e-15 
27.525000   1.3767542e-15 
27.545000   1.3766779e-15 
27.565000   1.3766016e-15 
27.585000   1.3765254e-15 
27.605000   1.3764493e-15 
27.625000   1.3763733e-15 
27.645000   1.3762974e-15 
27.665000   1.3762216e-15 
27.685000   1.3761458e-15 
27.705000   1.3760702e-15 
27.725000   1.3759946e-15 
27.745000   1.3759192e-15 
27.765000   1.3758438e-15 
27.785000   1.3757686e-15 
27.805000   1.3756934e-15 
27.825000   1.3756183e-15 
27.845000   1.3755433e-15 
27.865000   1.3754684e-15 
27.885000   1.3753935e-15 
27.905000   1.3753188e-15 
27.925000   1.3752442e-15 
27.945000   1.3751696e-15 
27.965000   1.3750951e-15 
27.985000   1.3750207e-15 
28.005000   1.3749465e-15 
28.025000   1.3748723e-15 
28.045000   1.3747981e-15 
28.065000   1.3747241e-15 
28.085000   1.3746502e-15 
28.105000   1.3745763e-15 
28.125000   1.3745026e-15 
28.145000   1.3744289e-15 
28.165000   1.3743553e-15 
28.185000   1.3742818e-15 
28.205000   1.3742084e-15 
28.225000   1.3741350e-15 
28.245000   1.3740618e-15 
28.265000   1.3739886e-15 
28.285000   1.3739156e-15 
28.305000   1.3738426e-15 
28.325000   1.3737697e-15 
28.345000   1.3736969e-15 
28.365000   1.3736242e-15 
28.385000   1.3735515e-15 
28.405000   1.3734790e-15 
28.425000   1.3734065e-15 
28.445000   1.3733341e-15 
28.465000   1.3732618e-15 
28.485000   1.3731896e-15 
28.505000   1.3731175e-15 
28.525000   1.3730454e-15 
28.545000   1.3729735e-15 
28.565000   1.3729016e-15 
28.585000   1.3728298e-15 
28.605000   1.3727581e-15 
28.625000   1.3726864e-15 
28.645000   1.3726149e-15 
28.665000   1.3725434e-15 
28.685000   1.3724721e-15 
28.705000   1.3724008e-15 
28.725000   1.3723296e-15 
28.745000   1.3722584e-15 
28.765000   1.3721874e-15 
28.785000   1.3721164e-15 
28.805000   1.3720455e-15 
28.825000   1.3719747e-15 
28.845000   1.3719040e-15 
28.865000   1.3718334e-15 
28.885000   1.3717628e-15 
28.905000   1.3716923e-15 
28.925000   1.3716219e-15 
28.945000   1.3715516e-15 
28.965000   1.3714814e-15 
28.985000   1.3714112e-15 
29.005000   1.3713412e-15 
29.025000   1.3712712e-15 
29.045000   1.3712013e-15 
29.065000   1.3711314e-15 
29.085000   1.3710617e-15 
29.105000   1.3709920e-15 
29.125000   1.3709224e-15 
29.145000   1.3708529e-15 
29.165000   1.3707835e-15 
29.185000   1.3707142e-15 
29.205000   1.3706449e-15 
29.225000   1.3705757e-15 
29.245000   1.3705066e-15 
29.265000   1.3704375e-15 
29.285000   1.3703686e-15 
29.305000   1.3702997e-15 
29.325000   1.3702309e-15 
29.345000   1.3701622e-15 
29.365000   1.3700935e-15 
29.385000   1.3700250e-15 
29.405000   1.3699565e-15 
29.425000   1.3698881e-15 
29.445000   1.3698197e-15 
29.465000   1.3697515e-15 
29.485000   1.3696833e-15 
29.505000   1.3696152e-15 
29.525000   1.3695472e-15 
29.545000   1.3694792e-15 
29.565000   1.3694114e-15 
29.585000   1.3693436e-15 
29.605000   1.3692758e-15 
29.625000   1.3692082e-15 
29.645000   1.3691406e-15 
29.665000   1.3690731e-15 
29.685000   1.3690057e-15 
29.705000   1.3689384e-15 
29.725000   1.3688711e-15 
29.745000   1.3688039e-15 
29.765000   1.3687368e-15 
29.785000   1.3686698e-15 
29.805000   1.3686028e-15 
29.825000   1.3685359e-15 
29.845000   1.3684691e-15 
29.865000   1.3684024e-15 
29.885000   1.3683357e-15 
29.905000   1.3682691e-15 
29.925000   1.3682026e-15 
29.945000   1.3681362e-15 
29.965000   1.3680698e-15 
29.985000   1.3680035e-15 
30.005000   1.3679373e-15 
30.025000   1.3678712e-15 
30.045000   1.3678051e-15 
30.065000   1.3677391e-15 
30.085000   1.3676732e-15 
30.105000   1.3676073e-15 
30.125000   1.3675415e-15 
30.145000   1.3674758e-15 
30.165000   1.3674102e-15 
30.185000   1.3673446e-15 
30.205000   1.3672791e-15 
30.225000   1.3672137e-15 
30.245000   1.3671484e-15 
30.265000   1.3670831e-15 
30.285000   1.3670179e-15 
30.305000   1.3669527e-15 
30.325000   1.3668877e-15 
30.345000   1.3668227e-15 
30.365000   1.3667578e-15 
30.385000   1.3666929e-15 
30.405000   1.3666282e-15 
30.425000   1.3665635e-15 
30.445000   1.3664988e-15 
30.465000   1.3664343e-15 
30.485000   1.3663698e-15 
30.505000   1.3663054e-15 
30.525000   1.3662410e-15 
30.545000   1.3661767e-15 
30.565000   1.3661125e-15 
30.585000   1.3660484e-15 
30.605000   1.3659843e-15 
30.625000   1.3659203e-15 
30.645000   1.3658564e-15 
30.665000   1.3657925e-15 
30.685000   1.3657287e-15 
30.705000   1.3656650e-15 
30.725000   1.3656013e-15 
30.745000   1.3655378e-15 
30.765000   1.3654742e-15 
30.785000   1.3654108e-15 
30.805000   1.3653474e-15 
30.825000   1.3652841e-15 
30.845000   1.3652209e-15 
30.865000   1.3651577e-15 
30.885000   1.3650946e-15 
30.905000   1.3650316e-15 
30.925000   1.3649686e-15 
30.945000   1.3649057e-15 
30.965000   1.3648429e-15 
30.985000   1.3647801e-15 
31.005000   1.3647174e-15 
31.025000   1.3646548e-15 
31.045000   1.3645922e-15 
31.065000   1.3645297e-15 
31.085000   1.3644673e-15 
31.105000   1.3644049e-15 
31.125000   1.3643426e-15 
31.145000   1.3642804e-15 
31.165000   1.3642182e-15 
31.185000   1.3641561e-15 
31.205000   1.3640941e-15 
31.225000   1.3640321e-15 
31.245000   1.3639702e-15 
31.265000   1.3639084e-15 
31.285000   1.3638466e-15 
31.305000   1.3637849e-15 
31.325000   1.3637233e-15 
31.345000   1.3636617e-15 
31.365000   1.3636002e-15 
31.385000   1.3635388e-15 
31.405000   1.3634774e-15 
31.425000   1.3634161e-15 
31.445000   1.3633549e-15 
31.465000   1.3632937e-15 
31.485000   1.3632326e-15 
31.505000   1.3631715e-15 
31.525000   1.3631106e-15 
31.545000   1.3630496e-15 
31.565000   1.3629888e-15 
31.585000   1.3629280e-15 
31.605000   1.3628673e-15 
31.625000   1.3628066e-15 
31.645000   1.3627460e-15 
31.665000   1.3626855e-15 
31.685000   1.3626250e-15 
31.705000   1.3625646e-15 
31.725000   1.3625043e-15 
31.745000   1.3624440e-15 
31.765000   1.3623838e-15 
31.785000   1.3623236e-15 
31.805000   1.3622635e-15 
31.825000   1.3622035e-15 
31.845000   1.3621435e-15 
31.865000   1.3620836e-15 
31.885000   1.3620238e-15 
31.905000   1.3619640e-15 
31.925000   1.3619043e-15 
31.945000   1.3618446e-15 
31.965000   1.3617851e-15 
31.985000   1.3617255e-15 
32.005000   1.3616661e-15 
32.025000   1.3616067e-15 
32.045000   1.3615473e-15 
32.065000   1.3614880e-15 
32.085000   1.3614288e-15 
32.105000   1.3613697e-15 
32.125000   1.3613106e-15 
32.145000   1.3612515e-15 
32.165000   1.3611926e-15 
32.185000   1.3611336e-15 
32.205000   1.3610748e-15 
32.225000   1.3610160e-15 
32.245000   1.3609573e-15 
32.265000   1.3608986e-15 
32.285000   1.3608400e-15 
32.305000   1.3607814e-15 
32.325000   1.3607230e-15 
32.345000   1.3606645e-15 
32.365000   1.3606062e-15 
32.385000   1.3605479e-15 
32.405000   1.3604896e-15 
32.425000   1.3604314e-15 
32.445000   1.3603733e-15 
32.465000   1.3603152e-15 
32.485000   1.3602572e-15 
32.505000   1.3601993e-15 
32.525000   1.3601414e-15 
32.545000   1.3600835e-15 
32.565000   1.3600258e-15 
32.585000   1.3599681e-15 
32.605000   1.3599104e-15 
32.625000   1.3598528e-15 
32.645000   1.3597953e-15 
32.665000   1.3597378e-15 
32.685000   1.3596804e-15 
32.705000   1.3596230e-15 
32.725000   1.3595657e-15 
32.745000   1.3595085e-15 
32.765000   1.3594513e-15 
32.785000   1.3593942e-15 
32.805000   1.3593371e-15 
32.825000   1.3592801e-15 
32.845000   1.3592231e-15 
32.865000   1.3591663e-15 
32.885000   1.3591094e-15 
32.905000   1.3590526e-15 
32.925000   1.3589959e-15 
32.945000   1.3589393e-15 
32.965000   1.3588826e-15 
32.985000   1.3588261e-15 
33.005000   1.3587696e-15 
33.025000   1.3587132e-15 
33.045000   1.3586568e-15 
33.065000   1.3586005e-15 
33.085000   1.3585442e-15 
33.105000   1.3584880e-15 
33.125000   1.3584318e-15 
33.145000   1.3583757e-15 
33.165000   1.3583197e-15 
33.185000   1.3582637e-15 
33.205000   1.3582078e-15 
33.225000   1.3581519e-15 
33.245000   1.3580961e-15 
33.265000   1.3580404e-15 
33.285000   1.3579847e-15 
33.305000   1.3579290e-15 
33.325000   1.3578734e-15 
33.345000   1.3578179e-15 
33.365000   1.3577624e-15 
33.385000   1.3577070e-15 
33.405000   1.3576516e-15 
33.425000   1.3575963e-15 
33.445000   1.3575410e-15 
33.465000   1.3574858e-15 
33.485000   1.3574307e-15 
33.505000   1.3573756e-15 
33.525000   1.3573205e-15 
33.545000   1.3572656e-15 
33.565000   1.3572106e-15 
33.585000   1.3571558e-15 
33.605000   1.3571009e-15 
33.625000   1.3570462e-15 
33.645000   1.3569915e-15 
33.665000   1.3569368e-15 
33.685000   1.3568822e-15 
33.705000   1.3568276e-15 
33.725000   1.3567731e-15 
33.745000   1.3567187e-15 
33.765000   1.3566643e-15 
33.785000   1.3566100e-15 
33.805000   1.3565557e-15 
33.825000   1.3565015e-15 
33.845000   1.3564473e-15 
33.865000   1.3563932e-15 
33.885000   1.3563391e-15 
33.905000   1.3562851e-15 
33.925000   1.3562311e-15 
33.945000   1.3561772e-15 
33.965000   1.3561234e-15 
33.985000   1.3560696e-15 
34.005000   1.3560158e-15 
34.025000   1.3559621e-15 
34.045000   1.3559085e-15 
34.065000   1.3558549e-15 
34.085000   1.3558013e-15 
34.105000   1.3557479e-15 
34.125000   1.3556944e-15 
34.145000   1.3556410e-15 
34.165000   1.3555877e-15 
34.185000   1.3555344e-15 
34.205000   1.3554812e-15 
34.225000   1.3554280e-15 
34.245000   1.3553749e-15 
34.265000   1.3553218e-15 
34.285000   1.3552688e-15 
34.305000   1.3552158e-15 
34.325000   1.3551629e-15 
34.345000   1.3551101e-15 
34.365000   1.3550572e-15 
34.385000   1.3550045e-15 
34.405000   1.3549518e-15 
34.425000   1.3548991e-15 
34.445000   1.3548465e-15 
34.465000   1.3547939e-15 
34.485000   1.3547414e-15 
34.505000   1.3546890e-15 
34.525000   1.3546366e-15 
34.545000   1.3545842e-15 
34.565000   1.3545319e-15 
34.585000   1.3544796e-15 
34.605000   1.3544274e-15 
34.625000   1.3543753e-15 
34.645000   1.3543232e-15 
34.665000   1.3542711e-15 
34.685000   1.3542191e-15 
34.705000   1.3541672e-15 
34.725000   1.3541153e-15 
34.745000   1.3540634e-15 
34.765000   1.3540116e-15 
34.785000   1.3539598e-15 
34.805000   1.3539081e-15 
34.825000   1.3538565e-15 
34.845000   1.3538049e-15 
34.865000   1.3537533e-15 
34.885000   1.3537018e-15 
34.905000   1.3536503e-15 
34.925000   1.3535989e-15 
34.945000   1.3535476e-15 
34.965000   1.3534963e-15 
34.985000   1.3534450e-15 
35.005000   1.3533938e-15 
35.025000   1.3533426e-15 
35.045000   1.3532915e-15 
35.065000   1.3532404e-15 
35.085000   1.3531894e-15 
35.105000   1.3531384e-15 
35.125000   1.3530875e-15 
35.145000   1.3530366e-15 
35.165000   1.3529858e-15 
35.185000   1.3529350e-15 
35.205000   1.3528843e-15 
35.225000   1.3528336e-15 
35.245000   1.3527830e-15 
35.265000   1.3527324e-15 
35.285000   1.3526819e-15 
35.305000   1.3526314e-15 
35.325000   1.3525809e-15 
35.345000   1.3525305e-15 
35.365000   1.3524802e-15 
35.385000   1.3524299e-15 
35.405000   1.3523796e-15 
35.425000   1.3523294e-15 
35.445000   1.3522793e-15 
35.465000   1.3522291e-15 
35.485000   1.3521791e-15 
35.505000   1.3521291e-15 
35.525000   1.3520791e-15 
35.545000   1.3520292e-15 
35.565000   1.3519793e-15 
35.585000   1.3519295e-15 
35.605000   1.3518797e-15 
35.625000   1.3518299e-15 
35.645000   1.3517802e-15 
35.665000   1.3517306e-15 
35.685000   1.3516810e-15 
35.705000   1.3516315e-15 
35.725000   1.3515819e-15 
35.745000   1.3515325e-15 
35.765000   1.3514831e-15 
35.785000   1.3514337e-15 
35.805000   1.3513844e-15 
35.825000   1.3513351e-15 
35.845000   1.3512859e-15 
35.865000   1.3512367e-15 
35.885000   1.3511876e-15 
35.905000   1.3511385e-15 
35.925000   1.3510894e-15 
35.945000   1.3510404e-15 
35.965000   1.3509915e-15 
35.985000   1.3509426e-15 
36.005000   1.3508937e-15 
36.025000   1.3508449e-15 
36.045000   1.3507961e-15 
36.065000   1.3507474e-15 
36.085000   1.3506987e-15 
36.105000   1.3506500e-15 
36.125000   1.3506014e-15 
36.145000   1.3505529e-15 
36.165000   1.3505044e-15 
36.185000   1.3504559e-15 
36.205000   1.3504075e-15 
36.225000   1.3503591e-15 
36.245000   1.3503108e-15 
36.265000   1.3502625e-15 
36.285000   1.3502143e-15 
36.305000   1.3501661e-15 
36.325000   1.3501179e-15 
36.345000   1.3500698e-15 
36.365000   1.3500218e-15 
36.385000   1.3499738e-15 
36.405000   1.3499258e-15 
36.425000   1.3498779e-15 
36.445000   1.3498300e-15 
36.465000   1.3497821e-15 
36.485000   1.3497343e-15 
36.505000   1.3496866e-15 
36.525000   1.3496389e-15 
36.545000   1.3495912e-15 
36.565000   1.3495436e-15 
36.585000   1.3494960e-15 
36.605000   1.3494485e-15 
36.625000   1.3494010e-15 
36.645000   1.3493535e-15 
36.665000   1.3493061e-15 
36.685000   1.3492587e-15 
36.705000   1.3492114e-15 
36.725000   1.3491641e-15 
36.745000   1.3491169e-15 
36.765000   1.3490697e-15 
36.785000   1.3490226e-15 
36.805000   1.3489755e-15 
36.825000   1.3489284e-15 
36.845000   1.3488814e-15 
36.865000   1.3488344e-15 
36.885000   1.3487874e-15 
36.905000   1.3487406e-15 
36.925000   1.3486937e-15 
36.945000   1.3486469e-15 
36.965000   1.3486001e-15 
36.985000   1.3485534e-15 
37.005000   1.3485067e-15 
37.025000   1.3484601e-15 
37.045000   1.3484135e-15 
37.065000   1.3483669e-15 
37.085000   1.3483204e-15 
37.105000   1.3482739e-15 
37.125000   1.3482275e-15 
37.145000   1.3481811e-15 
37.165000   1.3481348e-15 
37.185000   1.3480884e-15 
37.205000   1.3480422e-15 
37.225000   1.3479960e-15 
37.245000   1.3479498e-15 
37.265000   1.3479036e-15 
37.285000   1.3478575e-15 
37.305000   1.3478115e-15 
37.325000   1.3477654e-15 
37.345000   1.3477195e-15 
37.365000   1.3476735e-15 
37.385000   1.3476276e-15 
37.405000   1.3475818e-15 
37.425000   1.3475360e-15 
37.445000   1.3474902e-15 
37.465000   1.3474445e-15 
37.485000   1.3473988e-15 
37.505000   1.3473531e-15 
37.525000   1.3473075e-15 
37.545000   1.3472619e-15 
37.565000   1.3472164e-15 
37.585000   1.3471709e-15 
37.605000   1.3471255e-15 
37.625000   1.3470801e-15 
37.645000   1.3470347e-15 
37.665000   1.3469894e-15 
37.685000   1.3469441e-15 
37.705000   1.3468988e-15 
37.725000   1.3468536e-15 
37.745000   1.3468085e-15 
37.765000   1.3467633e-15 
37.785000   1.3467182e-15 
37.805000   1.3466732e-15 
37.825000   1.3466282e-15 
37.845000   1.3465832e-15 
37.865000   1.3465383e-15 
37.885000   1.3464934e-15 
37.905000   1.3464485e-15 
37.925000   1.3464037e-15 
37.945000   1.3463590e-15 
37.965000   1.3463142e-15 
37.985000   1.3462695e-15 
38.005000   1.3462249e-15 
38.025000   1.3461803e-15 
38.045000   1.3461357e-15 
38.065000   1.3460912e-15 
38.085000   1.3460467e-15 
38.105000   1.3460022e-15 
38.125000   1.3459578e-15 
38.145000   1.3459134e-15 
38.165000   1.3458691e-15 
38.185000   1.3458248e-15 
38.205000   1.3457805e-15 
38.225000   1.3457363e-15 
38.245000   1.3456921e-15 
38.265000   1.3456479e-15 
38.285000   1.3456038e-15 
38.305000   1.3455597e-15 
38.325000   1.3455157e-15 
38.345000   1.3454717e-15 
38.365000   1.3454278e-15 
38.385000   1.3453838e-15 
38.405000   1.3453400e-15 
38.425000   1.3452961e-15 
38.445000   1.3452523e-15 
38.465000   1.3452085e-15 
38.485000   1.3451648e-15 
38.505000   1.3451211e-15 
38.525000   1.3450775e-15 
38.545000   1.3450338e-15 
38.565000   1.3449903e-15 
38.585000   1.3449467e-15 
38.605000   1.3449032e-15 
38.625000   1.3448598e-15 
38.645000   1.3448163e-15 
38.665000   1.3447729e-15 
38.685000   1.3447296e-15 
38.705000   1.3446863e-15 
38.725000   1.3446430e-15 
38.745000   1.3445998e-15 
38.765000   1.3445565e-15 
38.785000   1.3445134e-15 
38.805000   1.3444702e-15 
38.825000   1.3444272e-15 
38.845000   1.3443841e-15 
38.865000   1.3443411e-15 
38.885000   1.3442981e-15 
38.905000   1.3442552e-15 
38.925000   1.3442122e-15 
38.945000   1.3441694e-15 
38.965000   1.3441265e-15 
38.985000   1.3440837e-15 
39.005000   1.3440410e-15 
39.025000   1.3439983e-15 
39.045000   1.3439556e-15 
39.065000   1.3439129e-15 
39.085000   1.3438703e-15 
39.105000   1.3438277e-15 
39.125000   1.3437852e-15 
39.145000   1.3437427e-15 
39.165000   1.3437002e-15 
39.185000   1.3436578e-15 
39.205000   1.3436154e-15 
39.225000   1.3435730e-15 
39.245000   1.3435307e-15 
39.265000   1.3434884e-15 
39.285000   1.3434461e-15 
39.305000   1.3434039e-15 
39.325000   1.3433617e-15 
39.345000   1.3433196e-15 
39.365000   1.3432775e-15 
39.385000   1.3432354e-15 
39.405000   1.3431933e-15 
39.425000   1.3431513e-15 
39.445000   1.3431094e-15 
39.465000   1.3430674e-15 
39.485000   1.3430255e-15 
39.505000   1.3429837e-15 
39.525000   1.3429418e-15 
39.545000   1.3429001e-15 
39.565000   1.3428583e-15 
39.585000   1.3428166e-15 
39.605000   1.3427749e-15 
39.625000   1.3427332e-15 
39.645000   1.3426916e-15 
39.665000   1.3426500e-15 
39.685000   1.3426085e-15 
39.705000   1.3425670e-15 
39.725000   1.3425255e-15 
39.745000   1.3424841e-15 
39.765000   1.3424426e-15 
39.785000   1.3424013e-15 
39.805000   1.3423599e-15 
39.825000   1.3423186e-15 
39.845000   1.3422774e-15 
39.865000   1.3422361e-15 
39.885000   1.3421949e-15 
39.905000   1.3421538e-15 
39.925000   1.3421126e-15 
39.945000   1.3420715e-15 
39.965000   1.3420305e-15 
39.985000   1.3419894e-15 
40.005000   1.3419484e-15 
