4.200000    0.0000000e+00 
4.224900    2.1890746e-21 
4.249800    4.3781492e-21 
4.274700    6.5672238e-21 
4.299600    8.7562984e-21 
4.324500    1.3099282e-20 
4.349400    1.7477431e-20 
4.374300    2.1855580e-20 
4.399200    2.6233730e-20 
4.424100    3.0611879e-20 
4.449000    3.4990028e-20 
4.473900    3.9368177e-20 
4.498800    4.3746326e-20 
4.523700    5.0208052e-20 
4.548600    5.6775276e-20 
4.573500    6.3342500e-20 
4.598400    6.9909724e-20 
4.623300    7.6476948e-20 
4.648200    8.3044171e-20 
4.673100    8.9611395e-20 
4.698000    9.6178619e-20 
4.722900    1.0475909e-19 
4.747800    1.1351538e-19 
4.772700    1.2227168e-19 
4.797600    1.3102798e-19 
4.822500    1.4176236e-19 
4.847400    1.5270773e-19 
4.872300    1.6365311e-19 
4.897200    1.7459848e-19 
4.922100    1.8554386e-19 
4.947000    1.9648923e-19 
4.971900    2.0743460e-19 
4.996800    2.1837998e-19 
5.021700    2.3504859e-19 
5.046600    2.5256119e-19 
5.071500    2.7007378e-19 
5.096400    2.8758638e-19 
5.121300    3.0509898e-19 
5.146200    3.2261157e-19 
5.171100    3.4012417e-19 
5.196000    3.5763677e-19 
5.220900    3.7882420e-19 
5.245800    4.0071495e-19 
5.270700    4.2260569e-19 
5.295600    4.4449644e-19 
5.320500    4.6638718e-19 
5.345400    4.8827793e-19 
5.370300    5.1016867e-19 
5.395200    5.3205942e-19 
5.420100    5.5571725e-19 
5.445000    5.7979707e-19 
5.469900    6.0387689e-19 
5.494800    6.2795671e-19 
5.519700    6.5550037e-19 
5.544600    6.8395834e-19 
5.569500    7.1241631e-19 
5.594400    7.4087428e-19 
5.619300    7.6763550e-19 
5.644200    7.9390440e-19 
5.669100    8.2017329e-19 
5.694000    8.4644219e-19 
5.718900    8.7271108e-19 
5.743800    8.9897998e-19 
5.768700    9.2524887e-19 
5.793600    9.5151777e-19 
5.818500    9.7453383e-19 
5.843400    9.9642459e-19 
5.868300    1.0183153e-18 
5.893200    1.0402061e-18 
5.918100    1.0636881e-18 
5.943000    1.0877679e-18 
5.967900    1.1118477e-18 
5.992800    1.1359276e-18 
6.017700    1.1584513e-18 
6.042600    1.1803420e-18 
6.067500    1.2022328e-18 
6.092400    1.2241235e-18 
6.117300    1.2444933e-18 
6.142200    1.2641950e-18 
6.167100    1.2838967e-18 
6.192000    1.3035983e-18 
6.216900    1.3188427e-18 
6.241800    1.3319772e-18 
6.266700    1.3451116e-18 
6.291600    1.3582461e-18 
6.316500    1.3539734e-18 
6.341400    1.3408390e-18 
6.366300    1.3277045e-18 
6.391200    1.3145701e-18 
6.416100    1.3254979e-18 
6.441000    1.3495777e-18 
6.465900    1.3736575e-18 
6.490800    1.3977373e-18 
6.515700    1.4052540e-18 
6.540600    1.4030650e-18 
6.565500    1.4008759e-18 
6.590400    1.3986868e-18 
6.615300    1.3938075e-18 
6.640200    1.3872403e-18 
6.665100    1.3806731e-18 
6.690000    1.3741058e-18 
6.714900    1.3662287e-18 
6.739800    1.3574724e-18 
6.764700    1.3487161e-18 
6.789600    1.3399598e-18 
6.814500    1.3286540e-18 
6.839400    1.3155196e-18 
6.864300    1.3023851e-18 
6.889200    1.2892507e-18 
6.914100    1.2748766e-18 
6.939000    1.2595531e-18 
6.963900    1.2442295e-18 
6.988800    1.2289060e-18 
7.013700    1.2111736e-18 
7.038600    1.1914720e-18 
7.063500    1.1717703e-18 
7.088400    1.1520687e-18 
7.113300    1.1323670e-18 
7.138200    1.1126653e-18 
7.163100    1.0929637e-18 
7.188000    1.0732620e-18 
7.212900    1.0535603e-18 
7.237800    1.0338586e-18 
7.262700    1.0141570e-18 
7.287600    9.9445528e-19 
7.312500    9.7365467e-19 
7.337400    9.5176392e-19 
7.362300    9.2987318e-19 
7.387200    9.0798243e-19 
7.412100    8.8715546e-19 
7.437000    8.6745378e-19 
7.461900    8.4775211e-19 
7.486800    8.2805044e-19 
7.511700    8.0834877e-19 
7.536600    7.8864710e-19 
7.561500    7.6894542e-19 
7.586400    7.4924375e-19 
7.611300    7.2755521e-19 
7.636200    7.0347539e-19 
7.661100    6.7939557e-19 
7.686000    6.5531575e-19 
7.710900    6.3411073e-19 
7.735800    6.1659814e-19 
7.760700    5.9908554e-19 
7.785600    5.8157295e-19 
7.810500    5.6406035e-19 
7.835400    5.4654775e-19 
7.860300    5.2903515e-19 
7.885200    5.1152255e-19 
7.910100    4.9578583e-19 
7.935000    4.8265139e-19 
7.959900    4.6951694e-19 
7.984800    4.5638249e-19 
8.009700    4.4239528e-19 
8.034600    4.2707175e-19 
8.059500    4.1174823e-19 
8.084400    3.9642471e-19 
8.109300    3.8191879e-19 
8.134200    3.6878434e-19 
8.159100    3.5564990e-19 
8.184000    3.4251545e-19 
8.208900    3.2938100e-19 
8.233800    3.1624655e-19 
8.258700    3.0311211e-19 
8.283600    2.8997766e-19 
8.308500    2.8132686e-19 
8.333400    2.8132686e-19 
8.358300    2.8132686e-19 
8.383200    2.8132686e-19 
8.408100    2.7491788e-19 
8.433000    2.5521621e-19 
8.457900    2.3551454e-19 
8.482800    2.1581287e-19 
8.507700    1.9949591e-19 
8.532600    1.9073961e-19 
8.557500    1.8198331e-19 
8.582400    1.7322701e-19 
8.607300    1.6511249e-19 
8.632200    1.5854527e-19 
8.657100    1.5197804e-19 
8.682000    1.4541082e-19 
8.706900    1.3945021e-19 
8.731800    1.3507206e-19 
8.756700    1.3069391e-19 
8.781600    1.2631576e-19 
8.806500    1.2193761e-19 
8.831400    1.1755946e-19 
8.856300    1.1318131e-19 
8.881200    1.0880316e-19 
8.906100    1.0442501e-19 
8.931000    1.0004686e-19 
8.955900    9.5668714e-20 
8.980800    9.1290565e-20 
9.005700    8.6912416e-20 
9.030600    8.2534267e-20 
9.055500    7.8156117e-20 
9.080400    7.3777968e-20 
9.105300    7.0331714e-20 
9.130200    7.0331714e-20 
9.155100    7.0331714e-20 
9.180000    7.0331714e-20 
9.204900    6.9900932e-20 
9.229800    6.7711858e-20 
9.254700    6.5522783e-20 
9.279600    6.3333709e-20 
9.304500    6.1144634e-20 
9.329400    5.8955560e-20 
9.354300    5.6766485e-20 
9.379200    5.4577411e-20 
9.404100    5.2388336e-20 
9.429000    5.0199261e-20 
9.453900    4.8010186e-20 
9.478800    4.5821112e-20 
9.503700    4.3957321e-20 
9.528600    4.3957321e-20 
9.553500    4.3957321e-20 
9.578400    4.3957321e-20 
9.603300    4.3812262e-20 
9.628200    4.2717725e-20 
9.653100    4.1623187e-20 
9.678000    4.0528650e-20 
9.702900    3.9434113e-20 
9.727800    3.8339576e-20 
9.752700    3.7245038e-20 
9.777600    3.6150501e-20 
9.802500    3.5165857e-20 
9.827400    3.5165857e-20 
9.852300    3.5165857e-20 
9.877200    3.5165857e-20 
9.902100    3.5151377e-20 
9.927000    3.4979685e-20 
9.951900    3.4807993e-20 
9.976800    3.4636301e-20 
10.001700    3.4464608e-20 
10.026600    3.4292916e-20 
10.051500    3.4121224e-20 
10.076400    3.3949532e-20 
10.101300    3.3777840e-20 
10.126200    3.3606148e-20 
10.151100    3.3434456e-20 
10.176000    3.3262764e-20 
10.200900    3.3091071e-20 
10.225800    3.2919379e-20 
10.250700    3.2747687e-20 
10.275600    3.2575995e-20 
10.300500    3.2404303e-20 
10.325400    3.2232611e-20 
10.350300    3.2060919e-20 
10.375200    3.1889227e-20 
10.400100    3.1717534e-20 
10.425000    3.1545842e-20 
10.449900    3.1374150e-20 
10.474800    3.1202458e-20 
10.499700    3.1030766e-20 
10.524600    3.0859074e-20 
10.549500    3.0687382e-20 
10.574400    3.0515690e-20 
10.599300    3.0343997e-20 
10.624200    3.0172305e-20 
10.649100    3.0000613e-20 
10.674000    2.9828921e-20 
10.698900    2.9657229e-20 
10.723800    2.9485537e-20 
10.748700    2.9313845e-20 
10.773600    2.9142153e-20 
10.798500    2.8970460e-20 
10.823400    2.8798768e-20 
10.848300    2.8627076e-20 
10.873200    2.8455384e-20 
10.898100    2.8283692e-20 
10.923000    2.8112000e-20 
10.947900    2.7940308e-20 
10.972800    2.7768616e-20 
10.997700    2.7596923e-20 
11.022600    2.7425231e-20 
11.047500    2.7253539e-20 
11.072400    2.7081847e-20 
11.097300    2.6910155e-20 
11.122200    2.6738463e-20 
11.147100    2.6566771e-20 
11.172000    2.6395079e-20 
11.196900    2.6223386e-20 
11.221800    2.6051694e-20 
11.246700    2.5880002e-20 
11.271600    2.5708310e-20 
11.296500    2.5536618e-20 
11.321400    2.5364926e-20 
11.346300    2.5193234e-20 
11.371200    2.5021542e-20 
11.396100    2.4849849e-20 
11.421000    2.4678157e-20 
11.445900    2.4506465e-20 
11.470800    2.4334773e-20 
11.495700    2.4163081e-20 
11.520600    2.3991389e-20 
11.545500    2.3819697e-20 
11.570400    2.3648005e-20 
11.595300    2.3476312e-20 
11.620200    2.3304620e-20 
11.645100    2.3132928e-20 
11.670000    2.2961236e-20 
11.694900    2.2789544e-20 
11.719800    2.2617852e-20 
11.744700    2.2446160e-20 
11.769600    2.2274468e-20 
11.794500    2.2102775e-20 
11.819400    2.1931083e-20 
11.844300    2.1759391e-20 
11.869200    2.1587699e-20 
11.894100    2.1416007e-20 
11.919000    2.1244315e-20 
11.943900    2.1072623e-20 
11.968800    2.0900931e-20 
11.993700    2.0729238e-20 
12.018600    2.0557546e-20 
12.043500    2.0385854e-20 
12.068400    2.0214162e-20 
12.093300    2.0042470e-20 
12.118200    1.9870778e-20 
12.143100    1.9699086e-20 
12.168000    1.9527394e-20 
12.192900    1.9355701e-20 
12.217800    1.9184009e-20 
12.242700    1.9012317e-20 
12.267600    1.8840625e-20 
12.292500    1.8668933e-20 
12.317400    1.8497241e-20 
12.342300    1.8325549e-20 
12.367200    1.8153857e-20 
12.392100    1.7982164e-20 
12.417000    1.7810472e-20 
12.441900    1.7638780e-20 
12.466800    1.7467088e-20 
12.491700    1.7295396e-20 
12.516600    1.7123704e-20 
12.541500    1.6952012e-20 
12.566400    1.6780320e-20 
12.591300    1.6608627e-20 
12.616200    1.6436935e-20 
12.641100    1.6265243e-20 
12.666000    1.6093551e-20 
12.690900    1.5921859e-20 
12.715800    1.5750167e-20 
12.740700    1.5578475e-20 
12.765600    1.5406783e-20 
12.790500    1.5235090e-20 
12.815400    1.5063398e-20 
12.840300    1.4891706e-20 
12.865200    1.4720014e-20 
12.890100    1.4548322e-20 
12.915000    1.4376630e-20 
12.939900    1.4204938e-20 
12.964800    1.4033246e-20 
12.989700    1.3861553e-20 
13.014600    1.3689861e-20 
13.039500    1.3518169e-20 
13.064400    1.3346477e-20 
13.089300    1.3174785e-20 
13.114200    1.3003093e-20 
13.139100    1.2831401e-20 
13.164000    1.2659709e-20 
13.188900    1.2488016e-20 
13.213800    1.2316324e-20 
13.238700    1.2144632e-20 
13.263600    1.1972940e-20 
13.288500    1.1801248e-20 
13.313400    1.1629556e-20 
13.338300    1.1457864e-20 
13.363200    1.1286172e-20 
13.388100    1.1114479e-20 
13.413000    1.0942787e-20 
13.437900    1.0771095e-20 
13.462800    1.0599403e-20 
13.487700    1.0427711e-20 
13.512600    1.0256019e-20 
13.537500    1.0084327e-20 
13.562400    9.9126345e-21 
13.587300    9.7409424e-21 
13.612200    9.5692503e-21 
13.637100    9.3975581e-21 
13.662000    9.2258660e-21 
13.686900    9.0541739e-21 
13.711800    8.8824818e-21 
13.736700    8.7107896e-21 
13.761600    8.5390975e-21 
13.786500    8.3674054e-21 
13.811400    8.1957133e-21 
13.836300    8.0240211e-21 
13.861200    7.8523290e-21 
13.886100    7.6806369e-21 
13.911000    7.5089448e-21 
13.935900    7.3372526e-21 
13.960800    7.1655605e-21 
13.985700    6.9938684e-21 
14.010600    6.8221763e-21 
14.035500    6.6504841e-21 
14.060400    6.4787920e-21 
14.085300    6.3070999e-21 
14.110200    6.1354078e-21 
14.135100    5.9637156e-21 
14.160000    5.7920235e-21 
14.184900    5.6203314e-21 
14.209800    5.4486393e-21 
14.234700    5.2769471e-21 
14.259600    5.1052550e-21 
14.284500    4.9335629e-21 
14.309400    4.7618708e-21 
14.334300    4.5901786e-21 
14.359200    4.4184865e-21 
14.384100    4.2467944e-21 
14.409000    4.0751023e-21 
14.433900    3.9034101e-21 
14.458800    3.7317180e-21 
14.483700    3.5600259e-21 
14.508600    3.3883338e-21 
14.533500    3.2166416e-21 
14.558400    3.0449495e-21 
14.583300    2.8732574e-21 
14.608200    2.7015652e-21 
14.633100    2.5298731e-21 
14.658000    2.3581810e-21 
14.682900    2.1864889e-21 
14.707800    2.0147967e-21 
14.732700    1.8431046e-21 
14.757600    1.6714125e-21 
14.782500    1.4997204e-21 
14.807400    1.3280282e-21 
14.832300    1.1563361e-21 
14.857200    9.8464400e-22 
14.882100    8.1295187e-22 
14.907000    6.4125975e-22 
14.931900    4.6956762e-22 
14.956800    2.9787549e-22 
14.981700    1.2618337e-22 
15.006600    0.0000000e+00 
15.031500    0.0000000e+00 
15.056400    0.0000000e+00 
15.081300    0.0000000e+00 
15.106200    0.0000000e+00 
15.131100    0.0000000e+00 
15.156000    0.0000000e+00 
15.180900    0.0000000e+00 
15.205800    0.0000000e+00 
15.230700    0.0000000e+00 
15.255600    0.0000000e+00 
15.280500    0.0000000e+00 
15.305400    0.0000000e+00 
15.330300    0.0000000e+00 
15.355200    0.0000000e+00 
15.380100    0.0000000e+00 
15.405000    0.0000000e+00 
15.429900    0.0000000e+00 
15.454800    0.0000000e+00 
15.479700    0.0000000e+00 
15.504600    0.0000000e+00 
15.529500    0.0000000e+00 
15.554400    0.0000000e+00 
15.579300    0.0000000e+00 
15.604200    0.0000000e+00 
15.629100    0.0000000e+00 
15.654000    0.0000000e+00 
15.678900    0.0000000e+00 
15.703800    0.0000000e+00 
15.728700    0.0000000e+00 
15.753600    0.0000000e+00 
15.778500    0.0000000e+00 
15.803400    0.0000000e+00 
15.828300    0.0000000e+00 
15.853200    0.0000000e+00 
15.878100    0.0000000e+00 
15.903000    0.0000000e+00 
15.927900    0.0000000e+00 
15.952800    0.0000000e+00 
15.977700    0.0000000e+00 
16.002600    0.0000000e+00 
16.027500    0.0000000e+00 
16.052400    0.0000000e+00 
16.077300    0.0000000e+00 
16.102200    0.0000000e+00 
16.127100    0.0000000e+00 
16.152000    0.0000000e+00 
16.176900    0.0000000e+00 
16.201800    0.0000000e+00 
16.226700    0.0000000e+00 
16.251600    0.0000000e+00 
16.276500    0.0000000e+00 
16.301400    0.0000000e+00 
16.326300    0.0000000e+00 
16.351200    0.0000000e+00 
16.376100    0.0000000e+00 
16.401000    0.0000000e+00 
16.425900    0.0000000e+00 
16.450800    0.0000000e+00 
16.475700    0.0000000e+00 
16.500600    0.0000000e+00 
16.525500    0.0000000e+00 
16.550400    0.0000000e+00 
16.575300    0.0000000e+00 
16.600200    0.0000000e+00 
16.625100    0.0000000e+00 
16.650000    0.0000000e+00 
16.674900    0.0000000e+00 
16.699800    0.0000000e+00 
16.724700    0.0000000e+00 
16.749600    0.0000000e+00 
16.774500    0.0000000e+00 
16.799400    0.0000000e+00 
16.824300    0.0000000e+00 
16.849200    0.0000000e+00 
16.874100    0.0000000e+00 
16.899000    0.0000000e+00 
16.923900    0.0000000e+00 
16.948800    0.0000000e+00 
16.973700    0.0000000e+00 
16.998600    0.0000000e+00 
17.023500    4.1319883e-22 
17.048400    8.5101376e-22 
17.073300    1.2888287e-21 
17.098200    1.7266436e-21 
17.123100    2.1644586e-21 
17.148000    2.6022735e-21 
17.172900    3.0400884e-21 
17.197800    3.4779034e-21 
17.222700    3.9157183e-21 
17.247600    4.3535332e-21 
17.272500    4.7913482e-21 
17.297400    5.2291631e-21 
17.322300    5.6669780e-21 
17.347200    6.1047929e-21 
17.372100    6.5426079e-21 
17.397000    6.9804228e-21 
17.421900    7.4182377e-21 
17.446800    7.8560527e-21 
17.471700    8.2938676e-21 
17.496600    8.7316825e-21 
17.521500    9.1694975e-21 
17.546400    9.6073124e-21 
17.571300    1.0045127e-20 
17.596200    1.0482942e-20 
17.621100    1.0920757e-20 
17.646000    1.1358572e-20 
17.670900    1.1796387e-20 
17.695800    1.2234202e-20 
17.720700    1.2672017e-20 
17.745600    1.3109832e-20 
17.770500    1.3547647e-20 
17.795400    1.3985462e-20 
17.820300    1.4423277e-20 
17.845200    1.4861092e-20 
17.870100    1.5298907e-20 
17.895000    1.5736721e-20 
17.919900    1.6174536e-20 
17.944800    1.6612351e-20 
17.969700    1.7050166e-20 
17.994600    1.7487981e-20 
18.019500    1.8097230e-20 
18.044400    1.8753952e-20 
18.069300    1.9410674e-20 
18.094200    2.0067397e-20 
18.119100    2.0724119e-20 
18.144000    2.1380841e-20 
18.168900    2.2037564e-20 
18.193800    2.2694286e-20 
18.218700    2.3351009e-20 
18.243600    2.4007731e-20 
18.268500    2.4664453e-20 
18.293400    2.5321176e-20 
18.318300    2.5977898e-20 
18.343200    2.6634620e-20 
18.368100    2.7291343e-20 
18.393000    2.7948065e-20 
18.417900    2.8604787e-20 
18.442800    2.9261510e-20 
18.467700    2.9918232e-20 
18.492600    3.0574954e-20 
18.517500    3.1231677e-20 
18.542400    3.1888399e-20 
18.567300    3.2545122e-20 
18.592200    3.3201844e-20 
18.617100    3.3858566e-20 
18.642000    3.4515289e-20 
18.666900    3.5172011e-20 
18.691800    3.5828733e-20 
18.716700    3.6485456e-20 
18.741600    3.7142178e-20 
18.766500    3.7798900e-20 
18.791400    3.8455623e-20 
18.816300    3.9112345e-20 
18.841200    3.9769068e-20 
18.866100    4.0425790e-20 
18.891000    4.1082512e-20 
18.915900    4.1739235e-20 
18.940800    4.2395957e-20 
18.965700    4.3052679e-20 
18.990600    4.3709402e-20 
19.015500    4.4229856e-20 
19.040400    4.4667671e-20 
19.065300    4.5105486e-20 
19.090200    4.5543301e-20 
19.115100    4.5981116e-20 
19.140000    4.6418931e-20 
19.164900    4.6856746e-20 
19.189800    4.7294561e-20 
19.214700    4.7732376e-20 
19.239600    4.8170191e-20 
19.264500    4.8608006e-20 
19.289400    4.9045821e-20 
19.314300    4.9483636e-20 
19.339200    4.9921451e-20 
19.364100    5.0359265e-20 
19.389000    5.0797080e-20 
19.413900    5.1234895e-20 
19.438800    5.1672710e-20 
19.463700    5.2110525e-20 
19.488600    5.2548340e-20 
19.513500    5.2986155e-20 
19.538400    5.3423970e-20 
19.563300    5.3861785e-20 
19.588200    5.4299600e-20 
19.613100    5.4737415e-20 
19.638000    5.5175230e-20 
19.662900    5.5613045e-20 
19.687800    5.6050860e-20 
19.712700    5.6488674e-20 
19.737600    5.6926489e-20 
19.762500    5.7364304e-20 
19.787400    5.7802119e-20 
19.812300    5.8239934e-20 
19.837200    5.8677749e-20 
19.862100    5.9115564e-20 
19.887000    5.9553379e-20 
19.911900    5.9991194e-20 
19.936800    6.0429009e-20 
19.961700    6.0866824e-20 
19.986600    6.1304639e-20 
20.011500    6.1944657e-20 
20.036400    6.2820287e-20 
20.061300    6.3695917e-20 
20.086200    6.4571547e-20 
20.111100    6.5447177e-20 
20.136000    6.6322807e-20 
20.160900    6.7198436e-20 
20.185800    6.8074066e-20 
20.210700    6.8949696e-20 
20.235600    6.9825326e-20 
20.260500    7.0700956e-20 
20.285400    7.1576586e-20 
20.310300    7.2452215e-20 
20.335200    7.3327845e-20 
20.360100    7.4203475e-20 
20.385000    7.5079105e-20 
20.409900    7.5954735e-20 
20.434800    7.6830365e-20 
20.459700    7.7705994e-20 
20.484600    7.8581624e-20 
20.509500    7.9457254e-20 
20.534400    8.0332884e-20 
20.559300    8.1208514e-20 
20.584200    8.2084144e-20 
20.609100    8.2959773e-20 
20.634000    8.3835403e-20 
20.658900    8.4711033e-20 
20.683800    8.5586663e-20 
20.708700    8.6462293e-20 
20.733600    8.7337923e-20 
20.758500    8.8213553e-20 
20.783400    8.9089182e-20 
20.808300    8.9964812e-20 
20.833200    9.0840442e-20 
20.858100    9.1716072e-20 
20.883000    9.2591702e-20 
20.907900    9.3467332e-20 
20.932800    9.4342961e-20 
20.957700    9.5218591e-20 
20.982600    9.6094221e-20 
21.007500    9.7299531e-20 
21.032400    9.9269698e-20 
21.057300    1.0123987e-19 
21.082200    1.0321003e-19 
21.107100    1.0518020e-19 
21.132000    1.0715037e-19 
21.156900    1.0912053e-19 
21.181800    1.1109070e-19 
21.206700    1.1306087e-19 
21.231600    1.1503104e-19 
21.256500    1.1700120e-19 
21.281400    1.1897137e-19 
21.306300    1.2094154e-19 
21.331200    1.2291171e-19 
21.356100    1.2488187e-19 
21.381000    1.2685204e-19 
21.405900    1.2882221e-19 
21.430800    1.3079237e-19 
21.455700    1.3276254e-19 
21.480600    1.3473271e-19 
21.505500    1.3670288e-19 
21.530400    1.3867304e-19 
21.555300    1.4064321e-19 
21.580200    1.4261338e-19 
21.605100    1.4458355e-19 
21.630000    1.4655371e-19 
21.654900    1.4852388e-19 
21.679800    1.5049405e-19 
21.704700    1.5246421e-19 
21.729600    1.5443438e-19 
21.754500    1.5640455e-19 
21.779400    1.5837472e-19 
21.804300    1.6034488e-19 
21.829200    1.6231505e-19 
21.854100    1.6428522e-19 
21.879000    1.6625538e-19 
21.903900    1.6822555e-19 
21.928800    1.7019572e-19 
21.953700    1.7216589e-19 
21.978600    1.7413605e-19 
22.003500    1.7598314e-19 
22.028400    1.7707768e-19 
22.053300    1.7817222e-19 
22.078200    1.7926675e-19 
22.103100    1.8036129e-19 
22.128000    1.8145583e-19 
22.152900    1.8255036e-19 
22.177800    1.8364490e-19 
22.202700    1.8473944e-19 
22.227600    1.8583398e-19 
22.252500    1.8692851e-19 
22.277400    1.8802305e-19 
22.302300    1.8911759e-19 
22.327200    1.9021213e-19 
22.352100    1.9130666e-19 
22.377000    1.9240120e-19 
22.401900    1.9349574e-19 
22.426800    1.9459027e-19 
22.451700    1.9568481e-19 
22.476600    1.9677935e-19 
22.501500    1.9787389e-19 
22.526400    1.9896842e-19 
22.551300    2.0006296e-19 
22.576200    2.0115750e-19 
22.601100    2.0225204e-19 
22.626000    2.0334657e-19 
22.650900    2.0444111e-19 
22.675800    2.0553565e-19 
22.700700    2.0663018e-19 
22.725600    2.0772472e-19 
22.750500    2.0881926e-19 
22.775400    2.0991380e-19 
22.800300    2.1100833e-19 
22.825200    2.1210287e-19 
22.850100    2.1319741e-19 
22.875000    2.1429195e-19 
22.899900    2.1538648e-19 
22.924800    2.1648102e-19 
22.949700    2.1757556e-19 
22.974600    2.1867009e-19 
22.999500    2.1976463e-19 
23.024400    2.2150270e-19 
23.049300    2.2325396e-19 
23.074200    2.2500522e-19 
23.099100    2.2675648e-19 
23.124000    2.2850774e-19 
23.148900    2.3025900e-19 
23.173800    2.3201026e-19 
23.198700    2.3376152e-19 
23.223600    2.3551278e-19 
23.248500    2.3726404e-19 
23.273400    2.3901530e-19 
23.298300    2.4076656e-19 
23.323200    2.4251782e-19 
23.348100    2.4426908e-19 
23.373000    2.4602034e-19 
23.397900    2.4777160e-19 
23.422800    2.4952286e-19 
23.447700    2.5127412e-19 
23.472600    2.5302538e-19 
23.497500    2.5477664e-19 
23.522400    2.5652790e-19 
23.547300    2.5827915e-19 
23.572200    2.6003041e-19 
23.597100    2.6178167e-19 
23.622000    2.6353293e-19 
23.646900    2.6528419e-19 
23.671800    2.6703545e-19 
23.696700    2.6878671e-19 
23.721600    2.7053797e-19 
23.746500    2.7228923e-19 
23.771400    2.7404049e-19 
23.796300    2.7579175e-19 
23.821200    2.7754301e-19 
23.846100    2.7929427e-19 
23.871000    2.8104553e-19 
23.895900    2.8279679e-19 
23.920800    2.8454805e-19 
23.945700    2.8629931e-19 
23.970600    2.8805057e-19 
23.995500    2.8980183e-19 
24.020400    2.9101505e-19 
24.045300    2.9210959e-19 
24.070200    2.9320412e-19 
24.095100    2.9429866e-19 
24.120000    2.9539320e-19 
24.144900    2.9648774e-19 
24.169800    2.9758227e-19 
24.194700    2.9867681e-19 
24.219600    2.9977135e-19 
24.244500    3.0086588e-19 
24.269400    3.0196042e-19 
24.294300    3.0305496e-19 
24.319200    3.0414950e-19 
24.344100    3.0524403e-19 
24.369000    3.0633857e-19 
24.393900    3.0743311e-19 
24.418800    3.0852765e-19 
24.443700    3.0962218e-19 
24.468600    3.1071672e-19 
24.493500    3.1181126e-19 
24.518400    3.1290579e-19 
24.543300    3.1400033e-19 
24.568200    3.1509487e-19 
24.593100    3.1618941e-19 
24.618000    3.1728394e-19 
24.642900    3.1837848e-19 
24.667800    3.1947302e-19 
24.692700    3.2056756e-19 
24.717600    3.2166209e-19 
24.742500    3.2275663e-19 
24.767400    3.2385117e-19 
24.792300    3.2494570e-19 
24.817200    3.2604024e-19 
24.842100    3.2713478e-19 
24.867000    3.2822932e-19 
24.891900    3.2932385e-19 
24.916800    3.3041839e-19 
24.941700    3.3151293e-19 
24.966600    3.3260747e-19 
24.991500    3.3370200e-19 
25.016400    3.3436400e-19 
25.041300    3.3480182e-19 
25.066200    3.3523963e-19 
25.091100    3.3567744e-19 
25.116000    3.3611526e-19 
25.140900    3.3655307e-19 
25.165800    3.3699089e-19 
25.190700    3.3742870e-19 
25.215600    3.3786652e-19 
25.240500    3.3830433e-19 
25.265400    3.3874215e-19 
25.290300    3.3917996e-19 
25.315200    3.3961778e-19 
25.340100    3.4005559e-19 
25.365000    3.4049341e-19 
25.389900    3.4093122e-19 
25.414800    3.4136904e-19 
25.439700    3.4180685e-19 
25.464600    3.4224467e-19 
25.489500    3.4268248e-19 
25.514400    3.4312030e-19 
25.539300    3.4355811e-19 
25.564200    3.4399593e-19 
25.589100    3.4443374e-19 
25.614000    3.4487156e-19 
25.638900    3.4530937e-19 
25.663800    3.4574719e-19 
25.688700    3.4618500e-19 
25.713600    3.4662282e-19 
25.738500    3.4706063e-19 
25.763400    3.4749845e-19 
25.788300    3.4793626e-19 
25.813200    3.4837408e-19 
25.838100    3.4881189e-19 
25.863000    3.4924971e-19 
25.887900    3.4968752e-19 
25.912800    3.5012534e-19 
25.937700    3.5056315e-19 
25.962600    3.5100097e-19 
25.987500    3.5143878e-19 
26.012400    3.5176758e-19 
26.037300    3.5198649e-19 
26.062200    3.5220540e-19 
26.087100    3.5242431e-19 
26.112000    3.5264321e-19 
26.136900    3.5286212e-19 
26.161800    3.5308103e-19 
26.186700    3.5329994e-19 
26.211600    3.5351885e-19 
26.236500    3.5373775e-19 
26.261400    3.5395666e-19 
26.286300    3.5417557e-19 
26.311200    3.5439448e-19 
26.336100    3.5461338e-19 
26.361000    3.5483229e-19 
26.385900    3.5505120e-19 
26.410800    3.5527011e-19 
26.435700    3.5548901e-19 
26.460600    3.5570792e-19 
26.485500    3.5592683e-19 
26.510400    3.5614574e-19 
26.535300    3.5636464e-19 
26.560200    3.5658355e-19 
26.585100    3.5680246e-19 
26.610000    3.5702137e-19 
26.634900    3.5724027e-19 
26.659800    3.5745918e-19 
26.684700    3.5767809e-19 
26.709600    3.5789700e-19 
26.734500    3.5811590e-19 
26.759400    3.5833481e-19 
26.784300    3.5855372e-19 
26.809200    3.5877263e-19 
26.834100    3.5899154e-19 
26.859000    3.5921044e-19 
26.883900    3.5942935e-19 
26.908800    3.5964826e-19 
26.933700    3.5986717e-19 
26.958600    3.6008607e-19 
26.983500    3.6030498e-19 
27.008400    3.6067158e-19 
27.033300    3.6132831e-19 
27.058200    3.6198503e-19 
27.083100    3.6264175e-19 
27.108000    3.6329847e-19 
27.132900    3.6395520e-19 
27.157800    3.6461192e-19 
27.182700    3.6526864e-19 
27.207600    3.6592536e-19 
27.232500    3.6658209e-19 
27.257400    3.6723881e-19 
27.282300    3.6789553e-19 
27.307200    3.6855225e-19 
27.332100    3.6920897e-19 
27.357000    3.6986570e-19 
27.381900    3.7052242e-19 
27.406800    3.7117914e-19 
27.431700    3.7183586e-19 
27.456600    3.7249259e-19 
27.481500    3.7314931e-19 
27.506400    3.7380603e-19 
27.531300    3.7446275e-19 
27.556200    3.7511948e-19 
27.581100    3.7577620e-19 
27.606000    3.7643292e-19 
27.630900    3.7708964e-19 
27.655800    3.7774636e-19 
27.680700    3.7840309e-19 
27.705600    3.7905981e-19 
27.730500    3.7971653e-19 
27.755400    3.8037325e-19 
27.780300    3.8102998e-19 
27.805200    3.8168670e-19 
27.830100    3.8234342e-19 
27.855000    3.8300014e-19 
27.879900    3.8365687e-19 
27.904800    3.8431359e-19 
27.929700    3.8497031e-19 
27.954600    3.8562703e-19 
27.979500    3.8628376e-19 
28.004400    3.8689212e-19 
28.029300    3.8727521e-19 
28.054200    3.8765830e-19 
28.079100    3.8804139e-19 
28.104000    3.8842448e-19 
28.128900    3.8880756e-19 
28.153800    3.8919065e-19 
28.178700    3.8957374e-19 
28.203600    3.8995683e-19 
28.228500    3.9033992e-19 
28.253400    3.9072300e-19 
28.278300    3.9110609e-19 
28.303200    3.9148918e-19 
28.328100    3.9187227e-19 
28.353000    3.9225536e-19 
28.377900    3.9263845e-19 
28.402800    3.9302153e-19 
28.427700    3.9340462e-19 
28.452600    3.9378771e-19 
28.477500    3.9417080e-19 
28.502400    3.9455389e-19 
28.527300    3.9493697e-19 
28.552200    3.9532006e-19 
28.577100    3.9570315e-19 
28.602000    3.9608624e-19 
28.626900    3.9646933e-19 
28.651800    3.9685241e-19 
28.676700    3.9723550e-19 
28.701600    3.9761859e-19 
28.726500    3.9800168e-19 
28.751400    3.9838477e-19 
28.776300    3.9876785e-19 
28.801200    3.9915094e-19 
28.826100    3.9953403e-19 
28.851000    3.9991712e-19 
28.875900    4.0030021e-19 
28.900800    4.0068329e-19 
28.925700    4.0106638e-19 
28.950600    4.0144947e-19 
28.975500    4.0183256e-19 
29.000400    4.0221565e-19 
29.025300    4.0259873e-19 
29.050200    4.0298182e-19 
29.075100    4.0336491e-19 
29.100000    4.0374800e-19 
29.124900    4.0413109e-19 
29.149800    4.0451417e-19 
29.174700    4.0489726e-19 
29.199600    4.0528035e-19 
29.224500    4.0566344e-19 
29.249400    4.0604653e-19 
29.274300    4.0642962e-19 
29.299200    4.0681270e-19 
29.324100    4.0719579e-19 
29.349000    4.0757888e-19 
29.373900    4.0796197e-19 
29.398800    4.0834506e-19 
29.423700    4.0872814e-19 
29.448600    4.0911123e-19 
29.473500    4.0949432e-19 
29.498400    4.0987741e-19 
29.523300    4.1026050e-19 
29.548200    4.1064358e-19 
29.573100    4.1102667e-19 
29.598000    4.1140976e-19 
29.622900    4.1179285e-19 
29.647800    4.1217594e-19 
29.672700    4.1255902e-19 
29.697600    4.1294211e-19 
29.722500    4.1332520e-19 
29.747400    4.1370829e-19 
29.772300    4.1409138e-19 
29.797200    4.1447446e-19 
29.822100    4.1485755e-19 
29.847000    4.1524064e-19 
29.871900    4.1562373e-19 
29.896800    4.1600682e-19 
29.921700    4.1638990e-19 
29.946600    4.1677299e-19 
29.971500    4.1715608e-19 
29.996400    4.1753917e-19 
30.021300    4.1792226e-19 
30.046200    4.1830534e-19 
30.071100    4.1868843e-19 
30.096000    4.1907152e-19 
30.120900    4.1945461e-19 
30.145800    4.1983770e-19 
30.170700    4.2022079e-19 
30.195600    4.2060387e-19 
30.220500    4.2098696e-19 
30.245400    4.2137005e-19 
30.270300    4.2175314e-19 
30.295200    4.2213623e-19 
30.320100    4.2251931e-19 
30.345000    4.2290240e-19 
30.369900    4.2328549e-19 
30.394800    4.2366858e-19 
30.419700    4.2405167e-19 
30.444600    4.2443475e-19 
30.469500    4.2481784e-19 
30.494400    4.2520093e-19 
30.519300    4.2558402e-19 
30.544200    4.2596711e-19 
30.569100    4.2635019e-19 
30.594000    4.2673328e-19 
30.618900    4.2711637e-19 
30.643800    4.2749946e-19 
30.668700    4.2788255e-19 
30.693600    4.2826563e-19 
30.718500    4.2864872e-19 
30.743400    4.2903181e-19 
30.768300    4.2941490e-19 
30.793200    4.2979799e-19 
30.818100    4.3018107e-19 
30.843000    4.3056416e-19 
30.867900    4.3094725e-19 
30.892800    4.3133034e-19 
30.917700    4.3171343e-19 
30.942600    4.3209651e-19 
30.967500    4.3247960e-19 
30.992400    4.3286269e-19 
31.017300    4.3324578e-19 
31.042200    4.3362887e-19 
31.067100    4.3401196e-19 
31.092000    4.3439504e-19 
31.116900    4.3477813e-19 
31.141800    4.3516122e-19 
31.166700    4.3554431e-19 
31.191600    4.3592740e-19 
31.216500    4.3631048e-19 
31.241400    4.3669357e-19 
31.266300    4.3707666e-19 
31.291200    4.3745975e-19 
31.316100    4.3784284e-19 
31.341000    4.3822592e-19 
31.365900    4.3860901e-19 
31.390800    4.3899210e-19 
31.415700    4.3937519e-19 
31.440600    4.3975828e-19 
31.465500    4.4014136e-19 
31.490400    4.4052445e-19 
31.515300    4.4090754e-19 
31.540200    4.4129063e-19 
31.565100    4.4167372e-19 
31.590000    4.4205680e-19 
31.614900    4.4243989e-19 
31.639800    4.4282298e-19 
31.664700    4.4320607e-19 
31.689600    4.4358916e-19 
31.714500    4.4397224e-19 
31.739400    4.4435533e-19 
31.764300    4.4473842e-19 
31.789200    4.4512151e-19 
31.814100    4.4550460e-19 
31.839000    4.4588768e-19 
31.863900    4.4627077e-19 
31.888800    4.4665386e-19 
31.913700    4.4703695e-19 
31.938600    4.4742004e-19 
31.963500    4.4780313e-19 
31.988400    4.4818621e-19 
32.013300    4.4871546e-19 
32.038200    4.4937218e-19 
32.063100    4.5002890e-19 
32.088000    4.5068563e-19 
32.112900    4.5134235e-19 
32.137800    4.5199907e-19 
32.162700    4.5265579e-19 
32.187600    4.5331252e-19 
32.212500    4.5396924e-19 
32.237400    4.5462596e-19 
32.262300    4.5528268e-19 
32.287200    4.5593940e-19 
32.312100    4.5659613e-19 
32.337000    4.5725285e-19 
32.361900    4.5790957e-19 
32.386800    4.5856629e-19 
32.411700    4.5922302e-19 
32.436600    4.5987974e-19 
32.461500    4.6053646e-19 
32.486400    4.6119318e-19 
32.511300    4.6184991e-19 
32.536200    4.6250663e-19 
32.561100    4.6316335e-19 
32.586000    4.6382007e-19 
32.610900    4.6447679e-19 
32.635800    4.6513352e-19 
32.660700    4.6579024e-19 
32.685600    4.6644696e-19 
32.710500    4.6710368e-19 
32.735400    4.6776041e-19 
32.760300    4.6841713e-19 
32.785200    4.6907385e-19 
32.810100    4.6973057e-19 
32.835000    4.7038730e-19 
32.859900    4.7104402e-19 
32.884800    4.7170074e-19 
32.909700    4.7235746e-19 
32.934600    4.7301418e-19 
32.959500    4.7367091e-19 
32.984400    4.7432763e-19 
33.009300    4.7468456e-19 
33.034200    4.7453862e-19 
33.059100    4.7439269e-19 
33.084000    4.7424675e-19 
33.108900    4.7410081e-19 
33.133800    4.7395487e-19 
33.158700    4.7380893e-19 
33.183600    4.7366299e-19 
33.208500    4.7351706e-19 
33.233400    4.7337112e-19 
33.258300    4.7322518e-19 
33.283200    4.7307924e-19 
33.308100    4.7293330e-19 
33.333000    4.7278736e-19 
33.357900    4.7264143e-19 
33.382800    4.7249549e-19 
33.407700    4.7234955e-19 
33.432600    4.7220361e-19 
33.457500    4.7205767e-19 
33.482400    4.7191173e-19 
33.507300    4.7176580e-19 
33.532200    4.7161986e-19 
33.557100    4.7147392e-19 
33.582000    4.7132798e-19 
33.606900    4.7118204e-19 
33.631800    4.7103610e-19 
33.656700    4.7089017e-19 
33.681600    4.7074423e-19 
33.706500    4.7059829e-19 
33.731400    4.7045235e-19 
33.756300    4.7030641e-19 
33.781200    4.7016048e-19 
33.806100    4.7001454e-19 
33.831000    4.6986860e-19 
33.855900    4.6972266e-19 
33.880800    4.6957672e-19 
33.905700    4.6943078e-19 
33.930600    4.6928485e-19 
33.955500    4.6913891e-19 
33.980400    4.6899297e-19 
34.005300    4.6884703e-19 
34.030200    4.6870109e-19 
34.055100    4.6855515e-19 
34.080000    4.6840922e-19 
34.104900    4.6826328e-19 
34.129800    4.6811734e-19 
34.154700    4.6797140e-19 
34.179600    4.6782546e-19 
34.204500    4.6767952e-19 
34.229400    4.6753359e-19 
34.254300    4.6738765e-19 
34.279200    4.6724171e-19 
34.304100    4.6709577e-19 
34.329000    4.6694983e-19 
34.353900    4.6680389e-19 
34.378800    4.6665796e-19 
34.403700    4.6651202e-19 
34.428600    4.6636608e-19 
34.453500    4.6622014e-19 
34.478400    4.6607420e-19 
34.503300    4.6592826e-19 
34.528200    4.6578233e-19 
34.553100    4.6563639e-19 
34.578000    4.6549045e-19 
34.602900    4.6534451e-19 
34.627800    4.6519857e-19 
34.652700    4.6505263e-19 
34.677600    4.6490670e-19 
34.702500    4.6476076e-19 
34.727400    4.6461482e-19 
34.752300    4.6446888e-19 
34.777200    4.6432294e-19 
34.802100    4.6417700e-19 
34.827000    4.6403107e-19 
34.851900    4.6388513e-19 
34.876800    4.6373919e-19 
34.901700    4.6359325e-19 
34.926600    4.6344731e-19 
34.951500    4.6330137e-19 
34.976400    4.6315544e-19 
35.001300    4.6300950e-19 
35.026200    4.6286356e-19 
35.051100    4.6271762e-19 
35.076000    4.6257168e-19 
35.100900    4.6242574e-19 
35.125800    4.6227981e-19 
35.150700    4.6213387e-19 
35.175600    4.6198793e-19 
35.200500    4.6184199e-19 
35.225400    4.6169605e-19 
35.250300    4.6155011e-19 
35.275200    4.6140418e-19 
35.300100    4.6125824e-19 
35.325000    4.6111230e-19 
35.349900    4.6096636e-19 
35.374800    4.6082042e-19 
35.399700    4.6067448e-19 
35.424600    4.6052855e-19 
35.449500    4.6038261e-19 
35.474400    4.6023667e-19 
35.499300    4.6009073e-19 
35.524200    4.5994479e-19 
35.549100    4.5979885e-19 
35.574000    4.5965292e-19 
35.598900    4.5950698e-19 
35.623800    4.5936104e-19 
35.648700    4.5921510e-19 
35.673600    4.5906916e-19 
35.698500    4.5892322e-19 
35.723400    4.5877729e-19 
35.748300    4.5863135e-19 
35.773200    4.5848541e-19 
35.798100    4.5833947e-19 
35.823000    4.5819353e-19 
35.847900    4.5804759e-19 
35.872800    4.5790166e-19 
35.897700    4.5775572e-19 
35.922600    4.5760978e-19 
35.947500    4.5746384e-19 
35.972400    4.5731790e-19 
35.997300    4.5717196e-19 
36.022200    4.5705855e-19 
36.047100    4.5694910e-19 
36.072000    4.5683965e-19 
36.096900    4.5673019e-19 
36.121800    4.5662074e-19 
36.146700    4.5651129e-19 
36.171600    4.5640183e-19 
36.196500    4.5629238e-19 
36.221400    4.5618293e-19 
36.246300    4.5607347e-19 
36.271200    4.5596402e-19 
36.296100    4.5585456e-19 
36.321000    4.5574511e-19 
36.345900    4.5563566e-19 
36.370800    4.5552620e-19 
36.395700    4.5541675e-19 
36.420600    4.5530730e-19 
36.445500    4.5519784e-19 
36.470400    4.5508839e-19 
36.495300    4.5497893e-19 
36.520200    4.5486948e-19 
36.545100    4.5476003e-19 
36.570000    4.5465057e-19 
36.594900    4.5454112e-19 
36.619800    4.5443167e-19 
36.644700    4.5432221e-19 
36.669600    4.5421276e-19 
36.694500    4.5410331e-19 
36.719400    4.5399385e-19 
36.744300    4.5388440e-19 
36.769200    4.5377494e-19 
36.794100    4.5366549e-19 
36.819000    4.5355604e-19 
36.843900    4.5344658e-19 
36.868800    4.5333713e-19 
36.893700    4.5322768e-19 
36.918600    4.5311822e-19 
36.943500    4.5300877e-19 
36.968400    4.5289932e-19 
36.993300    4.5278986e-19 
37.018200    4.5268041e-19 
37.043100    4.5257095e-19 
37.068000    4.5246150e-19 
37.092900    4.5235205e-19 
37.117800    4.5224259e-19 
37.142700    4.5213314e-19 
37.167600    4.5202369e-19 
37.192500    4.5191423e-19 
37.217400    4.5180478e-19 
37.242300    4.5169532e-19 
37.267200    4.5158587e-19 
37.292100    4.5147642e-19 
37.317000    4.5136696e-19 
37.341900    4.5125751e-19 
37.366800    4.5114806e-19 
37.391700    4.5103860e-19 
37.416600    4.5092915e-19 
37.441500    4.5081970e-19 
37.466400    4.5071024e-19 
37.491300    4.5060079e-19 
37.516200    4.5049133e-19 
37.541100    4.5038188e-19 
37.566000    4.5027243e-19 
37.590900    4.5016297e-19 
37.615800    4.5005352e-19 
37.640700    4.4994407e-19 
37.665600    4.4983461e-19 
37.690500    4.4972516e-19 
37.715400    4.4961570e-19 
37.740300    4.4950625e-19 
37.765200    4.4939680e-19 
37.790100    4.4928734e-19 
37.815000    4.4917789e-19 
37.839900    4.4906844e-19 
37.864800    4.4895898e-19 
37.889700    4.4884953e-19 
37.914600    4.4874008e-19 
37.939500    4.4863062e-19 
37.964400    4.4852117e-19 
37.989300    4.4841171e-19 
38.014200    4.4830226e-19 
38.039100    4.4819281e-19 
38.064000    4.4808335e-19 
38.088900    4.4797390e-19 
38.113800    4.4786445e-19 
38.138700    4.4775499e-19 
38.163600    4.4764554e-19 
38.188500    4.4753608e-19 
38.213400    4.4742663e-19 
38.238300    4.4731718e-19 
38.263200    4.4720772e-19 
38.288100    4.4709827e-19 
38.313000    4.4698881e-19 
38.337900    4.4687936e-19 
38.362800    4.4676991e-19 
38.387700    4.4666045e-19 
38.412600    4.4655100e-19 
38.437500    4.4644155e-19 
38.462400    4.4633209e-19 
38.487300    4.4622264e-19 
38.512200    4.4611318e-19 
38.537100    4.4600373e-19 
38.562000    4.4589428e-19 
38.586900    4.4578482e-19 
38.611800    4.4567537e-19 
38.636700    4.4556592e-19 
38.661600    4.4545646e-19 
38.686500    4.4534701e-19 
38.711400    4.4523755e-19 
38.736300    4.4512810e-19 
38.761200    4.4501865e-19 
38.786100    4.4490919e-19 
38.811000    4.4479974e-19 
38.835900    4.4469029e-19 
38.860800    4.4458083e-19 
38.885700    4.4447138e-19 
38.910600    4.4436192e-19 
38.935500    4.4425247e-19 
38.960400    4.4414302e-19 
38.985300    4.4403356e-19 
39.010200    4.4392411e-19 
39.035100    4.4381465e-19 
39.060000    4.4370520e-19 
39.084900    4.4359575e-19 
39.109800    4.4348629e-19 
39.134700    4.4337684e-19 
39.159600    4.4326739e-19 
39.184500    4.4315793e-19 
39.209400    4.4304848e-19 
39.234300    4.4293902e-19 
39.259200    4.4282957e-19 
39.284100    4.4272012e-19 
39.309000    4.4261066e-19 
39.333900    4.4250121e-19 
39.358800    4.4239176e-19 
39.383700    4.4228230e-19 
39.408600    4.4217285e-19 
39.433500    4.4206339e-19 
39.458400    4.4195394e-19 
39.483300    4.4184449e-19 
39.508200    4.4173503e-19 
39.533100    4.4162558e-19 
39.558000    4.4151612e-19 
39.582900    4.4140667e-19 
39.607800    4.4129722e-19 
39.632700    4.4118776e-19 
39.657600    4.4107831e-19 
39.682500    4.4096886e-19 
39.707400    4.4085940e-19 
39.732300    4.4074995e-19 
39.757200    4.4064049e-19 
39.782100    4.4053104e-19 
39.807000    4.4042159e-19 
39.831900    4.4031213e-19 
39.856800    4.4020268e-19 
39.881700    4.4009323e-19 
39.906600    4.3998377e-19 
39.931500    4.3987432e-19 
39.956400    4.3976486e-19 
39.981300    4.3965541e-19 
40.006200    4.3955504e-19 
40.031100    4.3948207e-19 
40.056000    4.3940910e-19 
40.080900    4.3933613e-19 
40.105800    4.3926316e-19 
40.130700    4.3919020e-19 
40.155600    4.3911723e-19 
40.180500    4.3904426e-19 
40.205400    4.3897129e-19 
40.230300    4.3889832e-19 
40.255200    4.3882535e-19 
40.280100    4.3875238e-19 
40.305000    4.3867941e-19 
40.329900    4.3860644e-19 
40.354800    4.3853347e-19 
40.379700    4.3846050e-19 
40.404600    4.3838754e-19 
40.429500    4.3831457e-19 
40.454400    4.3824160e-19 
40.479300    4.3816863e-19 
40.504200    4.3809566e-19 
40.529100    4.3802269e-19 
40.554000    4.3794972e-19 
40.578900    4.3787675e-19 
40.603800    4.3780378e-19 
40.628700    4.3773081e-19 
40.653600    4.3765784e-19 
40.678500    4.3758487e-19 
40.703400    4.3751191e-19 
40.728300    4.3743894e-19 
40.753200    4.3736597e-19 
40.778100    4.3729300e-19 
40.803000    4.3722003e-19 
40.827900    4.3714706e-19 
40.852800    4.3707409e-19 
40.877700    4.3700112e-19 
40.902600    4.3692815e-19 
40.927500    4.3685518e-19 
40.952400    4.3678221e-19 
40.977300    4.3670925e-19 
41.002200    4.3663628e-19 
41.027100    4.3656331e-19 
41.052000    4.3649034e-19 
41.076900    4.3641737e-19 
41.101800    4.3634440e-19 
41.126700    4.3627143e-19 
41.151600    4.3619846e-19 
41.176500    4.3612549e-19 
41.201400    4.3605252e-19 
41.226300    4.3597955e-19 
41.251200    4.3590659e-19 
41.276100    4.3583362e-19 
41.301000    4.3576065e-19 
41.325900    4.3568768e-19 
41.350800    4.3561471e-19 
41.375700    4.3554174e-19 
41.400600    4.3546877e-19 
41.425500    4.3539580e-19 
41.450400    4.3532283e-19 
41.475300    4.3524986e-19 
41.500200    4.3517689e-19 
41.525100    4.3510392e-19 
41.550000    4.3503096e-19 
41.574900    4.3495799e-19 
41.599800    4.3488502e-19 
41.624700    4.3481205e-19 
41.649600    4.3473908e-19 
41.674500    4.3466611e-19 
41.699400    4.3459314e-19 
41.724300    4.3452017e-19 
41.749200    4.3444720e-19 
41.774100    4.3437423e-19 
41.799000    4.3430126e-19 
41.823900    4.3422830e-19 
41.848800    4.3415533e-19 
41.873700    4.3408236e-19 
41.898600    4.3400939e-19 
41.923500    4.3393642e-19 
41.948400    4.3386345e-19 
41.973300    4.3379048e-19 
41.998200    4.3371751e-19 
42.023100    4.3364454e-19 
42.048000    4.3357157e-19 
42.072900    4.3349860e-19 
42.097800    4.3342564e-19 
42.122700    4.3335267e-19 
42.147600    4.3327970e-19 
42.172500    4.3320673e-19 
42.197400    4.3313376e-19 
42.222300    4.3306079e-19 
42.247200    4.3298782e-19 
42.272100    4.3291485e-19 
42.297000    4.3284188e-19 
42.321900    4.3276891e-19 
42.346800    4.3269594e-19 
42.371700    4.3262297e-19 
42.396600    4.3255001e-19 
42.421500    4.3247704e-19 
42.446400    4.3240407e-19 
42.471300    4.3233110e-19 
42.496200    4.3225813e-19 
42.521100    4.3218516e-19 
42.546000    4.3211219e-19 
42.570900    4.3203922e-19 
42.595800    4.3196625e-19 
42.620700    4.3189328e-19 
42.645600    4.3182031e-19 
42.670500    4.3174735e-19 
42.695400    4.3167438e-19 
42.720300    4.3160141e-19 
42.745200    4.3152844e-19 
42.770100    4.3145547e-19 
42.795000    4.3138250e-19 
42.819900    4.3130953e-19 
42.844800    4.3123656e-19 
42.869700    4.3116359e-19 
42.894600    4.3109062e-19 
42.919500    4.3101765e-19 
42.944400    4.3094469e-19 
42.969300    4.3087172e-19 
42.994200    4.3079875e-19 
43.019100    4.3072578e-19 
43.044000    4.3065281e-19 
43.068900    4.3057984e-19 
43.093800    4.3050687e-19 
43.118700    4.3043390e-19 
43.143600    4.3036093e-19 
43.168500    4.3028796e-19 
43.193400    4.3021499e-19 
43.218300    4.3014202e-19 
43.243200    4.3006906e-19 
43.268100    4.2999609e-19 
43.293000    4.2992312e-19 
43.317900    4.2985015e-19 
43.342800    4.2977718e-19 
43.367700    4.2970421e-19 
43.392600    4.2963124e-19 
43.417500    4.2955827e-19 
43.442400    4.2948530e-19 
43.467300    4.2941233e-19 
43.492200    4.2933936e-19 
43.517100    4.2926640e-19 
43.542000    4.2919343e-19 
43.566900    4.2912046e-19 
43.591800    4.2904749e-19 
43.616700    4.2897452e-19 
43.641600    4.2890155e-19 
43.666500    4.2882858e-19 
43.691400    4.2875561e-19 
43.716300    4.2868264e-19 
43.741200    4.2860967e-19 
43.766100    4.2853670e-19 
43.791000    4.2846374e-19 
43.815900    4.2839077e-19 
43.840800    4.2831780e-19 
43.865700    4.2824483e-19 
43.890600    4.2817186e-19 
43.915500    4.2809889e-19 
43.940400    4.2802592e-19 
43.965300    4.2795295e-19 
43.990200    4.2787998e-19 
44.015100    4.2780701e-19 
44.040000    4.2773404e-19 
44.064900    4.2766107e-19 
44.089800    4.2758811e-19 
44.114700    4.2751514e-19 
44.139600    4.2744217e-19 
44.164500    4.2736920e-19 
44.189400    4.2729623e-19 
44.214300    4.2722326e-19 
44.239200    4.2715029e-19 
44.264100    4.2707732e-19 
44.289000    4.2700435e-19 
44.313900    4.2693138e-19 
44.338800    4.2685841e-19 
44.363700    4.2678545e-19 
44.388600    4.2671248e-19 
44.413500    4.2663951e-19 
44.438400    4.2656654e-19 
44.463300    4.2649357e-19 
44.488200    4.2642060e-19 
44.513100    4.2634763e-19 
44.538000    4.2627466e-19 
44.562900    4.2620169e-19 
44.587800    4.2612872e-19 
44.612700    4.2605575e-19 
44.637600    4.2598279e-19 
44.662500    4.2590982e-19 
44.687400    4.2583685e-19 
44.712300    4.2576388e-19 
44.737200    4.2569091e-19 
44.762100    4.2561794e-19 
44.787000    4.2554497e-19 
44.811900    4.2547200e-19 
44.836800    4.2539903e-19 
44.861700    4.2532606e-19 
44.886600    4.2525309e-19 
44.911500    4.2518012e-19 
44.936400    4.2510716e-19 
44.961300    4.2503419e-19 
44.986200    4.2496122e-19 
45.011100    4.2488825e-19 
45.036000    4.2481528e-19 
45.060900    4.2474231e-19 
45.085800    4.2466934e-19 
45.110700    4.2459637e-19 
45.135600    4.2452340e-19 
45.160500    4.2445043e-19 
45.185400    4.2437746e-19 
45.210300    4.2430450e-19 
45.235200    4.2423153e-19 
45.260100    4.2415856e-19 
45.285000    4.2408559e-19 
45.309900    4.2401262e-19 
45.334800    4.2393965e-19 
45.359700    4.2386668e-19 
45.384600    4.2379371e-19 
45.409500    4.2372074e-19 
45.434400    4.2364777e-19 
45.459300    4.2357480e-19 
45.484200    4.2350184e-19 
45.509100    4.2342887e-19 
45.534000    4.2335590e-19 
45.558900    4.2328293e-19 
45.583800    4.2320996e-19 
45.608700    4.2313699e-19 
45.633600    4.2306402e-19 
45.658500    4.2299105e-19 
45.683400    4.2291808e-19 
45.708300    4.2284511e-19 
45.733200    4.2277214e-19 
45.758100    4.2269917e-19 
45.783000    4.2262621e-19 
45.807900    4.2255324e-19 
45.832800    4.2248027e-19 
45.857700    4.2240730e-19 
45.882600    4.2233433e-19 
45.907500    4.2226136e-19 
45.932400    4.2218839e-19 
45.957300    4.2211542e-19 
45.982200    4.2204245e-19 
46.007100    4.2195908e-19 
46.032000    4.2184963e-19 
46.056900    4.2174017e-19 
46.081800    4.2163072e-19 
46.106700    4.2152127e-19 
46.131600    4.2141181e-19 
46.156500    4.2130236e-19 
46.181400    4.2119290e-19 
46.206300    4.2108345e-19 
46.231200    4.2097400e-19 
46.256100    4.2086454e-19 
46.281000    4.2075509e-19 
46.305900    4.2064563e-19 
46.330800    4.2053618e-19 
46.355700    4.2042673e-19 
46.380600    4.2031727e-19 
46.405500    4.2020782e-19 
46.430400    4.2009837e-19 
46.455300    4.1998891e-19 
46.480200    4.1987946e-19 
46.505100    4.1977000e-19 
46.530000    4.1966055e-19 
46.554900    4.1955110e-19 
46.579800    4.1944164e-19 
46.604700    4.1933219e-19 
46.629600    4.1922274e-19 
46.654500    4.1911328e-19 
46.679400    4.1900383e-19 
46.704300    4.1889437e-19 
46.729200    4.1878492e-19 
46.754100    4.1867547e-19 
46.779000    4.1856601e-19 
46.803900    4.1845656e-19 
46.828800    4.1834710e-19 
46.853700    4.1823765e-19 
46.878600    4.1812820e-19 
46.903500    4.1801874e-19 
46.928400    4.1790929e-19 
46.953300    4.1779984e-19 
46.978200    4.1769038e-19 
47.003100    4.1758093e-19 
47.028000    4.1747147e-19 
47.052900    4.1736202e-19 
47.077800    4.1725257e-19 
47.102700    4.1714311e-19 
47.127600    4.1703366e-19 
47.152500    4.1692421e-19 
47.177400    4.1681475e-19 
47.202300    4.1670530e-19 
47.227200    4.1659584e-19 
47.252100    4.1648639e-19 
47.277000    4.1637694e-19 
47.301900    4.1626748e-19 
47.326800    4.1615803e-19 
47.351700    4.1604858e-19 
47.376600    4.1593912e-19 
47.401500    4.1582967e-19 
47.426400    4.1572021e-19 
47.451300    4.1561076e-19 
47.476200    4.1550131e-19 
47.501100    4.1539185e-19 
47.526000    4.1528240e-19 
47.550900    4.1517294e-19 
47.575800    4.1506349e-19 
47.600700    4.1495404e-19 
47.625600    4.1484458e-19 
47.650500    4.1473513e-19 
47.675400    4.1462568e-19 
47.700300    4.1451622e-19 
47.725200    4.1440677e-19 
47.750100    4.1429731e-19 
47.775000    4.1418786e-19 
47.799900    4.1407841e-19 
47.824800    4.1396895e-19 
47.849700    4.1385950e-19 
47.874600    4.1375005e-19 
47.899500    4.1364059e-19 
47.924400    4.1353114e-19 
47.949300    4.1342168e-19 
47.974200    4.1331223e-19 
47.999100    4.1320278e-19 
48.024000    4.1314607e-19 
48.048900    4.1309134e-19 
48.073800    4.1303662e-19 
48.098700    4.1298189e-19 
48.123600    4.1292716e-19 
48.148500    4.1287244e-19 
48.173400    4.1281771e-19 
48.198300    4.1276298e-19 
48.223200    4.1270826e-19 
48.248100    4.1265353e-19 
48.273000    4.1259880e-19 
48.297900    4.1254408e-19 
48.322800    4.1248935e-19 
48.347700    4.1243462e-19 
48.372600    4.1237990e-19 
48.397500    4.1232517e-19 
48.422400    4.1227044e-19 
48.447300    4.1221571e-19 
48.472200    4.1216099e-19 
48.497100    4.1210626e-19 
48.522000    4.1205153e-19 
48.546900    4.1199681e-19 
48.571800    4.1194208e-19 
48.596700    4.1188735e-19 
48.621600    4.1183263e-19 
48.646500    4.1177790e-19 
48.671400    4.1172317e-19 
48.696300    4.1166845e-19 
48.721200    4.1161372e-19 
48.746100    4.1155899e-19 
48.771000    4.1150427e-19 
48.795900    4.1144954e-19 
48.820800    4.1139481e-19 
48.845700    4.1134009e-19 
48.870600    4.1128536e-19 
48.895500    4.1123063e-19 
48.920400    4.1117591e-19 
48.945300    4.1112118e-19 
48.970200    4.1106645e-19 
48.995100    4.1101172e-19 
49.020000    4.1095700e-19 
49.044900    4.1090227e-19 
49.069800    4.1084754e-19 
49.094700    4.1079282e-19 
49.119600    4.1073809e-19 
49.144500    4.1068336e-19 
49.169400    4.1062864e-19 
49.194300    4.1057391e-19 
49.219200    4.1051918e-19 
49.244100    4.1046446e-19 
49.269000    4.1040973e-19 
49.293900    4.1035500e-19 
49.318800    4.1030028e-19 
49.343700    4.1024555e-19 
49.368600    4.1019082e-19 
49.393500    4.1013610e-19 
49.418400    4.1008137e-19 
49.443300    4.1002664e-19 
49.468200    4.0997191e-19 
49.493100    4.0991719e-19 
49.518000    4.0986246e-19 
49.542900    4.0980773e-19 
49.567800    4.0975301e-19 
49.592700    4.0969828e-19 
49.617600    4.0964355e-19 
49.642500    4.0958883e-19 
49.667400    4.0953410e-19 
49.692300    4.0947937e-19 
49.717200    4.0942465e-19 
49.742100    4.0936992e-19 
49.767000    4.0931519e-19 
49.791900    4.0926047e-19 
49.816800    4.0920574e-19 
49.841700    4.0915101e-19 
49.866600    4.0909629e-19 
49.891500    4.0904156e-19 
49.916400    4.0898683e-19 
49.941300    4.0893210e-19 
49.966200    4.0887738e-19 
49.991100    4.0882265e-19 
50.016000    4.0876792e-19 
50.040900    4.0871320e-19 
50.065800    4.0865847e-19 
50.090700    4.0860374e-19 
50.115600    4.0854902e-19 
50.140500    4.0849429e-19 
50.165400    4.0843956e-19 
50.190300    4.0838484e-19 
50.215200    4.0833011e-19 
50.240100    4.0827538e-19 
50.265000    4.0822066e-19 
50.289900    4.0816593e-19 
50.314800    4.0811120e-19 
50.339700    4.0805648e-19 
50.364600    4.0800175e-19 
50.389500    4.0794702e-19 
50.414400    4.0789229e-19 
50.439300    4.0783757e-19 
50.464200    4.0778284e-19 
50.489100    4.0772811e-19 
50.514000    4.0767339e-19 
50.538900    4.0761866e-19 
50.563800    4.0756393e-19 
50.588700    4.0750921e-19 
50.613600    4.0745448e-19 
50.638500    4.0739975e-19 
50.663400    4.0734503e-19 
50.688300    4.0729030e-19 
50.713200    4.0723557e-19 
50.738100    4.0718085e-19 
50.763000    4.0712612e-19 
50.787900    4.0707139e-19 
50.812800    4.0701667e-19 
50.837700    4.0696194e-19 
50.862600    4.0690721e-19 
50.887500    4.0685248e-19 
50.912400    4.0679776e-19 
50.937300    4.0674303e-19 
50.962200    4.0668830e-19 
50.987100    4.0663358e-19 
51.012000    4.0657885e-19 
51.036900    4.0652412e-19 
51.061800    4.0646940e-19 
51.086700    4.0641467e-19 
51.111600    4.0635994e-19 
51.136500    4.0630522e-19 
51.161400    4.0625049e-19 
51.186300    4.0619576e-19 
51.211200    4.0614104e-19 
51.236100    4.0608631e-19 
51.261000    4.0603158e-19 
51.285900    4.0597686e-19 
51.310800    4.0592213e-19 
51.335700    4.0586740e-19 
51.360600    4.0581267e-19 
51.385500    4.0575795e-19 
51.410400    4.0570322e-19 
51.435300    4.0564849e-19 
51.460200    4.0559377e-19 
51.485100    4.0553904e-19 
51.510000    4.0548431e-19 
51.534900    4.0542959e-19 
51.559800    4.0537486e-19 
51.584700    4.0532013e-19 
51.609600    4.0526541e-19 
51.634500    4.0521068e-19 
51.659400    4.0515595e-19 
51.684300    4.0510123e-19 
51.709200    4.0504650e-19 
51.734100    4.0499177e-19 
51.759000    4.0493705e-19 
51.783900    4.0488232e-19 
51.808800    4.0482759e-19 
51.833700    4.0477286e-19 
51.858600    4.0471814e-19 
51.883500    4.0466341e-19 
51.908400    4.0460868e-19 
51.933300    4.0455396e-19 
51.958200    4.0449923e-19 
51.983100    4.0444450e-19 
52.008000    4.0440736e-19 
52.032900    4.0440736e-19 
52.057800    4.0440736e-19 
52.082700    4.0440736e-19 
52.107600    4.0440736e-19 
52.132500    4.0440736e-19 
52.157400    4.0440736e-19 
52.182300    4.0440736e-19 
52.207200    4.0440736e-19 
52.232100    4.0440736e-19 
52.257000    4.0440736e-19 
52.281900    4.0440736e-19 
52.306800    4.0440736e-19 
52.331700    4.0440736e-19 
52.356600    4.0440736e-19 
52.381500    4.0440736e-19 
52.406400    4.0440736e-19 
52.431300    4.0440736e-19 
52.456200    4.0440736e-19 
52.481100    4.0440736e-19 
52.506000    4.0440736e-19 
52.530900    4.0440736e-19 
52.555800    4.0440736e-19 
52.580700    4.0440736e-19 
52.605600    4.0440736e-19 
52.630500    4.0440736e-19 
52.655400    4.0440736e-19 
52.680300    4.0440736e-19 
52.705200    4.0440736e-19 
52.730100    4.0440736e-19 
52.755000    4.0440736e-19 
52.779900    4.0440736e-19 
52.804800    4.0440736e-19 
52.829700    4.0440736e-19 
52.854600    4.0440736e-19 
52.879500    4.0440736e-19 
52.904400    4.0440736e-19 
52.929300    4.0440736e-19 
52.954200    4.0440736e-19 
52.979100    4.0440736e-19 
53.004000    4.0440736e-19 
53.028900    4.0440736e-19 
53.053800    4.0440736e-19 
53.078700    4.0440736e-19 
53.103600    4.0440736e-19 
53.128500    4.0440736e-19 
53.153400    4.0440736e-19 
53.178300    4.0440736e-19 
53.203200    4.0440736e-19 
53.228100    4.0440736e-19 
53.253000    4.0440736e-19 
53.277900    4.0440736e-19 
53.302800    4.0440736e-19 
53.327700    4.0440736e-19 
53.352600    4.0440736e-19 
53.377500    4.0440736e-19 
53.402400    4.0440736e-19 
53.427300    4.0440736e-19 
53.452200    4.0440736e-19 
53.477100    4.0440736e-19 
53.502000    4.0440736e-19 
53.526900    4.0440736e-19 
53.551800    4.0440736e-19 
53.576700    4.0440736e-19 
53.601600    4.0440736e-19 
53.626500    4.0440736e-19 
53.651400    4.0440736e-19 
53.676300    4.0440736e-19 
53.701200    4.0440736e-19 
53.726100    4.0440736e-19 
53.751000    4.0440736e-19 
53.775900    4.0440736e-19 
53.800800    4.0440736e-19 
53.825700    4.0440736e-19 
53.850600    4.0440736e-19 
53.875500    4.0440736e-19 
53.900400    4.0440736e-19 
53.925300    4.0440736e-19 
53.950200    4.0440736e-19 
53.975100    4.0440736e-19 
54.000000    4.0440736e-19 
