1.627000    0.0000000e+00 
1.648737    1.5151448e-20 
1.670473    3.0302895e-20 
1.692209    4.5454343e-20 
1.713946    6.0605791e-20 
1.735683    7.5757239e-20 
1.757419    9.0908686e-20 
1.779155    1.0606013e-19 
1.800892    1.2121158e-19 
1.822628    1.3636303e-19 
1.844365    1.5151448e-19 
1.866101    1.6666592e-19 
1.887838    1.8181737e-19 
1.909574    1.9696882e-19 
1.931311    2.1212027e-19 
1.953048    2.2727172e-19 
1.974784    2.4242316e-19 
1.996520    2.5757461e-19 
2.018257    2.7296247e-19 
2.039994    2.8839538e-19 
2.061730    3.0382830e-19 
2.083467    3.1926122e-19 
2.105203    3.3469413e-19 
2.126939    3.5012704e-19 
2.148676    3.6555996e-19 
2.170412    3.8099287e-19 
2.192149    3.9642579e-19 
2.213885    4.1185870e-19 
2.235622    4.2729162e-19 
2.257359    4.4272454e-19 
2.279095    4.5815745e-19 
2.300832    4.7359037e-19 
2.322568    4.8902328e-19 
2.344304    5.0445619e-19 
2.366041    5.1988911e-19 
2.387777    5.3532202e-19 
2.409514    5.5075494e-19 
2.431250    5.6618786e-19 
2.452987    5.8162077e-19 
2.474724    5.9705369e-19 
2.496460    6.1248660e-19 
2.518197    6.2791952e-19 
2.539933    6.4335243e-19 
2.561669    6.5878534e-19 
2.583406    6.7421826e-19 
2.605142    6.8965117e-19 
2.626879    7.0508409e-19 
2.648616    7.2051701e-19 
2.670352    7.3594992e-19 
2.692089    7.5138283e-19 
2.713825    7.6681575e-19 
2.735562    7.8224867e-19 
2.757298    7.9768158e-19 
2.779034    8.1311449e-19 
2.800771    8.2854741e-19 
2.822507    8.4398032e-19 
2.844244    8.5941324e-19 
2.865981    8.7484615e-19 
2.887717    8.9027907e-19 
2.909454    9.0571199e-19 
2.931190    9.2114490e-19 
2.952926    9.3657781e-19 
2.974663    9.5201073e-19 
2.996399    9.6744364e-19 
3.018136    9.8305792e-19 
3.039872    9.9870820e-19 
3.061609    1.0143585e-18 
3.083346    1.0300088e-18 
3.105082    1.0456590e-18 
3.126819    1.0613093e-18 
3.148555    1.0769596e-18 
3.170291    1.0926099e-18 
3.192028    1.1082602e-18 
3.213764    1.1239104e-18 
3.235501    1.1395607e-18 
3.257238    1.1552110e-18 
3.278974    1.1708613e-18 
3.300711    1.1865116e-18 
3.322447    1.2021618e-18 
3.344184    1.2178121e-18 
3.365920    1.2334624e-18 
3.387656    1.2491127e-18 
3.409393    1.2647630e-18 
3.431129    1.2804132e-18 
3.452866    1.2960635e-18 
3.474603    1.3117138e-18 
3.496339    1.3273641e-18 
3.518076    1.3357842e-18 
3.539812    1.3427398e-18 
3.561549    1.3496955e-18 
3.583285    1.3566512e-18 
3.605021    1.3636069e-18 
3.626758    1.3705626e-18 
3.648494    1.3775182e-18 
3.670231    1.3844739e-18 
3.691968    1.3914296e-18 
3.713704    1.3983853e-18 
3.735441    1.4053410e-18 
3.757177    1.4122966e-18 
3.778913    1.4192523e-18 
3.800650    1.4262080e-18 
3.822386    1.4331637e-18 
3.844123    1.4401194e-18 
3.865860    1.4470750e-18 
3.887596    1.4540307e-18 
3.909333    1.4609864e-18 
3.931069    1.4679421e-18 
3.952806    1.4748978e-18 
3.974542    1.4818534e-18 
3.996278    1.4888091e-18 
4.018015    1.4959449e-18 
4.039752    1.5031180e-18 
4.061488    1.5102910e-18 
4.083225    1.5174641e-18 
4.104961    1.5246371e-18 
4.126697    1.5318102e-18 
4.148434    1.5389832e-18 
4.170171    1.5461563e-18 
4.191907    1.5533293e-18 
4.213643    1.5605024e-18 
4.235380    1.5676754e-18 
4.257117    1.5748484e-18 
4.278853    1.5820215e-18 
4.300590    1.5891945e-18 
4.322326    1.5963676e-18 
4.344062    1.6035406e-18 
4.365799    1.6107137e-18 
4.387536    1.6178867e-18 
4.409272    1.6250598e-18 
4.431008    1.6322328e-18 
4.452745    1.6394059e-18 
4.474482    1.6465789e-18 
4.496218    1.6537519e-18 
4.517955    1.6609250e-18 
4.539691    1.6680980e-18 
4.561427    1.6752711e-18 
4.583164    1.6824441e-18 
4.604901    1.6896172e-18 
4.626637    1.6967902e-18 
4.648373    1.7039633e-18 
4.670110    1.7111363e-18 
4.691847    1.7183093e-18 
4.713583    1.7254824e-18 
4.735320    1.7326554e-18 
4.757056    1.7398285e-18 
4.778792    1.7470015e-18 
4.800529    1.7541746e-18 
4.822266    1.7613476e-18 
4.844002    1.7685207e-18 
4.865738    1.7756937e-18 
4.887475    1.7828667e-18 
4.909212    1.7900398e-18 
4.930948    1.7972128e-18 
4.952685    1.8043859e-18 
4.974421    1.8115589e-18 
4.996157    1.8187320e-18 
5.017894    1.8231120e-18 
5.039631    1.8268923e-18 
5.061367    1.8306725e-18 
5.083103    1.8344528e-18 
5.104840    1.8382330e-18 
5.126576    1.8420133e-18 
5.148313    1.8457936e-18 
5.170050    1.8495738e-18 
5.191786    1.8533541e-18 
5.213522    1.8571343e-18 
5.235259    1.8609146e-18 
5.256996    1.8646949e-18 
5.278732    1.8684751e-18 
5.300469    1.8722554e-18 
5.322205    1.8760357e-18 
5.343941    1.8798159e-18 
5.365678    1.8835962e-18 
5.387415    1.8873764e-18 
5.409151    1.8911567e-18 
5.430887    1.8949370e-18 
5.452624    1.8987172e-18 
5.474361    1.9024975e-18 
5.496097    1.9062777e-18 
5.517834    1.9100580e-18 
5.539570    1.9138383e-18 
5.561306    1.9176185e-18 
5.583043    1.9213988e-18 
5.604780    1.9251790e-18 
5.626516    1.9289593e-18 
5.648252    1.9327396e-18 
5.669989    1.9365198e-18 
5.691726    1.9400000e-18 
5.713462    1.9400000e-18 
5.735199    1.9400000e-18 
5.756935    1.9400000e-18 
5.778672    1.9400000e-18 
5.800408    1.9400000e-18 
5.822145    1.9400000e-18 
5.843881    1.9400000e-18 
5.865618    1.9400000e-18 
5.887354    1.9400000e-18 
5.909091    1.9400000e-18 
5.930827    1.9400000e-18 
5.952564    1.9400000e-18 
5.974300    1.9400000e-18 
5.996036    1.9400000e-18 
6.017773    1.9400000e-18 
6.039510    1.9400000e-18 
6.061246    1.9400000e-18 
6.082982    1.9400000e-18 
6.104719    1.9400000e-18 
6.126456    1.9400000e-18 
6.148192    1.9400000e-18 
6.169929    1.9400000e-18 
6.191665    1.9400000e-18 
6.213402    1.9400000e-18 
6.235138    1.9400000e-18 
6.256875    1.9400000e-18 
6.278611    1.9400000e-18 
6.300348    1.9400000e-18 
6.322084    1.9400000e-18 
6.343821    1.9400000e-18 
6.365557    1.9400000e-18 
6.387294    1.9400000e-18 
6.409030    1.9400000e-18 
6.430766    1.9400000e-18 
6.452503    1.9400000e-18 
6.474240    1.9400000e-18 
6.495976    1.9400000e-18 
6.517713    1.9400000e-18 
6.539449    1.9400000e-18 
6.561186    1.9392055e-18 
6.582922    1.9383904e-18 
6.604659    1.9375753e-18 
6.626395    1.9367602e-18 
6.648132    1.9359451e-18 
6.669868    1.9351299e-18 
6.691605    1.9343148e-18 
6.713341    1.9334997e-18 
6.735078    1.9326846e-18 
6.756814    1.9318695e-18 
6.778550    1.9310544e-18 
6.800287    1.9302392e-18 
6.822024    1.9294241e-18 
6.843760    1.9286090e-18 
6.865496    1.9277939e-18 
6.887233    1.9269788e-18 
6.908970    1.9261636e-18 
6.930706    1.9253485e-18 
6.952443    1.9245334e-18 
6.974179    1.9237183e-18 
6.995916    1.9229032e-18 
7.017652    1.9220880e-18 
7.039389    1.9212729e-18 
7.061125    1.9204578e-18 
7.082862    1.9196427e-18 
7.104598    1.9188276e-18 
7.126335    1.9180125e-18 
7.148071    1.9171973e-18 
7.169808    1.9163822e-18 
7.191544    1.9155671e-18 
7.213280    1.9147520e-18 
7.235017    1.9139369e-18 
7.256754    1.9131217e-18 
7.278490    1.9123066e-18 
7.300226    1.9114915e-18 
7.321963    1.9106764e-18 
7.343700    1.9097234e-18 
7.365436    1.9080982e-18 
7.387173    1.9064731e-18 
7.408909    1.9048479e-18 
7.430646    1.9032228e-18 
7.452382    1.9015976e-18 
7.474119    1.8999724e-18 
7.495855    1.8983473e-18 
7.517592    1.8967221e-18 
7.539328    1.8950970e-18 
7.561065    1.8934718e-18 
7.582801    1.8918467e-18 
7.604538    1.8902215e-18 
7.626274    1.8885963e-18 
7.648010    1.8869712e-18 
7.669747    1.8853460e-18 
7.691484    1.8837209e-18 
7.713220    1.8820957e-18 
7.734957    1.8804705e-18 
7.756693    1.8788454e-18 
7.778430    1.8772202e-18 
7.800166    1.8755951e-18 
7.821903    1.8739699e-18 
7.843639    1.8723447e-18 
7.865376    1.8707196e-18 
7.887112    1.8690944e-18 
7.908849    1.8674693e-18 
7.930585    1.8658441e-18 
7.952322    1.8642190e-18 
7.974058    1.8625938e-18 
7.995795    1.8609686e-18 
8.017531    1.8593435e-18 
8.039268    1.8577183e-18 
8.061004    1.8560932e-18 
8.082740    1.8544680e-18 
8.104477    1.8528428e-18 
8.126214    1.8512177e-18 
8.147950    1.8495925e-18 
8.169687    1.8479674e-18 
8.191423    1.8463422e-18 
8.213160    1.8447170e-18 
8.234896    1.8430919e-18 
8.256633    1.8414667e-18 
8.278369    1.8398416e-18 
8.300106    1.8382164e-18 
8.321842    1.8365913e-18 
8.343578    1.8349661e-18 
8.365315    1.8333409e-18 
8.387052    1.8317158e-18 
8.408788    1.8300906e-18 
8.430525    1.8278268e-18 
8.452261    1.8255253e-18 
8.473998    1.8232238e-18 
8.495734    1.8209223e-18 
8.517470    1.8186208e-18 
8.539207    1.8163193e-18 
8.560944    1.8140177e-18 
8.582680    1.8117162e-18 
8.604417    1.8094147e-18 
8.626153    1.8071132e-18 
8.647890    1.8048117e-18 
8.669626    1.8025102e-18 
8.691363    1.8002087e-18 
8.713099    1.7979072e-18 
8.734836    1.7956057e-18 
8.756572    1.7933041e-18 
8.778308    1.7910026e-18 
8.800045    1.7887011e-18 
8.821782    1.7863996e-18 
8.843518    1.7840981e-18 
8.865255    1.7817966e-18 
8.886991    1.7794951e-18 
8.908728    1.7771936e-18 
8.930464    1.7748920e-18 
8.952201    1.7725905e-18 
8.973937    1.7702890e-18 
8.995674    1.7679875e-18 
9.017410    1.7656860e-18 
9.039147    1.7633845e-18 
9.060883    1.7610830e-18 
9.082620    1.7587815e-18 
9.104356    1.7564800e-18 
9.126093    1.7541784e-18 
9.147829    1.7518769e-18 
9.169566    1.7495754e-18 
9.191302    1.7472739e-18 
9.213038    1.7449724e-18 
9.234775    1.7426709e-18 
9.256512    1.7403694e-18 
9.278248    1.7365477e-18 
9.299985    1.7324354e-18 
9.321721    1.7283231e-18 
9.343458    1.7242107e-18 
9.365194    1.7200984e-18 
9.386931    1.7159861e-18 
9.408667    1.7118738e-18 
9.430404    1.7077615e-18 
9.452140    1.7036492e-18 
9.473876    1.6995369e-18 
9.495613    1.6954246e-18 
9.517350    1.6913123e-18 
9.539086    1.6871999e-18 
9.560823    1.6830876e-18 
9.582559    1.6789753e-18 
9.604296    1.6748630e-18 
9.626032    1.6707507e-18 
9.647768    1.6666384e-18 
9.669505    1.6625261e-18 
9.691242    1.6584138e-18 
9.712978    1.6543015e-18 
9.734715    1.6501891e-18 
9.756451    1.6460768e-18 
9.778188    1.6419645e-18 
9.799924    1.6378522e-18 
9.821661    1.6337399e-18 
9.843397    1.6296276e-18 
9.865134    1.6255153e-18 
9.886870    1.6214030e-18 
9.908606    1.6172907e-18 
9.930343    1.6131784e-18 
9.952080    1.6090660e-18 
9.973816    1.6049537e-18 
9.995553    1.6008414e-18 
10.017289    1.5982711e-18 
10.039026    1.5960974e-18 
10.060762    1.5939238e-18 
10.082498    1.5917501e-18 
10.104235    1.5895765e-18 
10.125972    1.5874029e-18 
10.147708    1.5852292e-18 
10.169445    1.5830556e-18 
10.191181    1.5808819e-18 
10.212918    1.5787082e-18 
10.234654    1.5765346e-18 
10.256391    1.5743609e-18 
10.278127    1.5721873e-18 
10.299864    1.5700136e-18 
10.321600    1.5678400e-18 
10.343336    1.5656664e-18 
10.365073    1.5634927e-18 
10.386810    1.5613190e-18 
10.408546    1.5591454e-18 
10.430283    1.5569717e-18 
10.452019    1.5547981e-18 
10.473756    1.5526244e-18 
10.495492    1.5504508e-18 
10.517228    1.5482771e-18 
10.538965    1.5461035e-18 
10.560702    1.5439299e-18 
10.582438    1.5417562e-18 
10.604175    1.5395825e-18 
10.625911    1.5374089e-18 
10.647648    1.5352352e-18 
10.669384    1.5330616e-18 
10.691121    1.5308880e-18 
10.712857    1.5287143e-18 
10.734594    1.5265406e-18 
10.756330    1.5243670e-18 
10.778066    1.5221933e-18 
10.799803    1.5200197e-18 
10.821540    1.5178460e-18 
10.843276    1.5156724e-18 
10.865013    1.5134987e-18 
10.886749    1.5113251e-18 
10.908486    1.5091515e-18 
10.930222    1.5069778e-18 
10.951958    1.5048042e-18 
10.973695    1.5026305e-18 
10.995432    1.5004568e-18 
11.017168    1.4982832e-18 
11.038905    1.4961095e-18 
11.060641    1.4939359e-18 
11.082378    1.4917622e-18 
11.104114    1.4895886e-18 
11.125851    1.4874149e-18 
11.147587    1.4852413e-18 
11.169324    1.4830676e-18 
11.191060    1.4808940e-18 
11.212796    1.4787204e-18 
11.234533    1.4765467e-18 
11.256270    1.4743730e-18 
11.278006    1.4721994e-18 
11.299743    1.4700257e-18 
11.321479    1.4678521e-18 
11.343216    1.4656784e-18 
11.364952    1.4635048e-18 
11.386688    1.4613312e-18 
11.408425    1.4591575e-18 
11.430162    1.4569839e-18 
11.451898    1.4548102e-18 
11.473635    1.4526365e-18 
11.495371    1.4504629e-18 
11.517108    1.4482892e-18 
11.538844    1.4461156e-18 
11.560581    1.4439419e-18 
11.582317    1.4417683e-18 
11.604054    1.4395946e-18 
11.625790    1.4374210e-18 
11.647526    1.4352474e-18 
11.669263    1.4330737e-18 
11.691000    1.4309000e-18 
11.712736    1.4287264e-18 
11.734473    1.4265527e-18 
11.756209    1.4243791e-18 
11.777946    1.4222054e-18 
11.799682    1.4200318e-18 
11.821419    1.4178581e-18 
11.843155    1.4156845e-18 
11.864892    1.4135108e-18 
11.886628    1.4113372e-18 
11.908365    1.4091635e-18 
11.930101    1.4069899e-18 
11.951838    1.4048162e-18 
11.973574    1.4026426e-18 
11.995311    1.4004689e-18 
12.017047    1.3982953e-18 
12.038784    1.3961216e-18 
12.060520    1.3939480e-18 
12.082256    1.3917744e-18 
12.103993    1.3896007e-18 
12.125730    1.3874270e-18 
12.147466    1.3852534e-18 
12.169203    1.3830798e-18 
12.190939    1.3809061e-18 
12.212676    1.3787324e-18 
12.234412    1.3765588e-18 
12.256149    1.3743852e-18 
12.277885    1.3722115e-18 
12.299622    1.3700378e-18 
12.321358    1.3678642e-18 
12.343095    1.3656905e-18 
12.364831    1.3635169e-18 
12.386568    1.3613432e-18 
12.408304    1.3591696e-18 
12.430041    1.3569959e-18 
12.451777    1.3548223e-18 
12.473514    1.3526486e-18 
12.495250    1.3504750e-18 
12.516986    1.3483013e-18 
12.538723    1.3461277e-18 
12.560460    1.3439540e-18 
12.582196    1.3417804e-18 
12.603933    1.3396068e-18 
12.625669    1.3374331e-18 
12.647406    1.3352594e-18 
12.669142    1.3330858e-18 
12.690879    1.3309121e-18 
12.712615    1.3287385e-18 
12.734352    1.3265649e-18 
12.756088    1.3243912e-18 
12.777824    1.3222175e-18 
12.799561    1.3200439e-18 
12.821298    1.3178702e-18 
12.843034    1.3156966e-18 
12.864771    1.3135229e-18 
12.886507    1.3113493e-18 
12.908244    1.3091756e-18 
12.929980    1.3070020e-18 
12.951716    1.3048283e-18 
12.973453    1.3026547e-18 
12.995190    1.3004810e-18 
13.016926    1.3000000e-18 
13.038663    1.3000000e-18 
13.060399    1.3000000e-18 
13.082136    1.3000000e-18 
13.103872    1.3000000e-18 
13.125609    1.3000000e-18 
13.147345    1.3000000e-18 
13.169082    1.3000000e-18 
13.190818    1.3000000e-18 
13.212554    1.3000000e-18 
13.234291    1.3000000e-18 
13.256028    1.3000000e-18 
13.277764    1.3000000e-18 
13.299501    1.3000000e-18 
13.321237    1.3000000e-18 
13.342974    1.3000000e-18 
13.364710    1.3000000e-18 
13.386446    1.3000000e-18 
13.408183    1.3000000e-18 
13.429920    1.3000000e-18 
13.451656    1.3000000e-18 
13.473393    1.3000000e-18 
13.495129    1.3000000e-18 
13.516866    1.3000000e-18 
13.538602    1.3000000e-18 
13.560339    1.3000000e-18 
13.582075    1.3000000e-18 
13.603812    1.3000000e-18 
13.625548    1.3000000e-18 
13.647284    1.3000000e-18 
13.669021    1.3000000e-18 
13.690758    1.3000000e-18 
13.712494    1.3000000e-18 
13.734231    1.3000000e-18 
13.755967    1.3000000e-18 
13.777704    1.3000000e-18 
13.799440    1.3000000e-18 
13.821176    1.3000000e-18 
13.842913    1.3000000e-18 
13.864650    1.3000000e-18 
13.886386    1.3000000e-18 
13.908123    1.3000000e-18 
13.929859    1.3000000e-18 
13.951596    1.3000000e-18 
13.973332    1.3000000e-18 
13.995069    1.3000000e-18 
14.016805    1.3000000e-18 
14.038542    1.3000000e-18 
14.060278    1.3000000e-18 
14.082014    1.3000000e-18 
14.103751    1.3000000e-18 
14.125488    1.3000000e-18 
14.147224    1.3000000e-18 
14.168961    1.3000000e-18 
14.190697    1.3000000e-18 
14.212434    1.3000000e-18 
14.234170    1.3000000e-18 
14.255907    1.3000000e-18 
14.277643    1.3000000e-18 
14.299380    1.3000000e-18 
14.321116    1.3000000e-18 
14.342853    1.3000000e-18 
14.364589    1.3000000e-18 
14.386326    1.3000000e-18 
14.408062    1.3000000e-18 
14.429799    1.3000000e-18 
14.451535    1.3000000e-18 
14.473272    1.3000000e-18 
14.495008    1.3000000e-18 
14.516744    1.3000000e-18 
14.538481    1.3000000e-18 
14.560218    1.3000000e-18 
14.581954    1.3000000e-18 
14.603691    1.3000000e-18 
14.625427    1.3000000e-18 
14.647164    1.3000000e-18 
14.668900    1.3000000e-18 
14.690637    1.3000000e-18 
14.712373    1.3000000e-18 
14.734110    1.3000000e-18 
14.755846    1.3000000e-18 
14.777583    1.3000000e-18 
14.799319    1.3000000e-18 
14.821056    1.3000000e-18 
14.842792    1.3000000e-18 
14.864529    1.3000000e-18 
14.886265    1.3000000e-18 
14.908002    1.3000000e-18 
14.929738    1.3000000e-18 
14.951474    1.3000000e-18 
14.973211    1.3000000e-18 
14.994948    1.3000000e-18 
15.016684    1.3000000e-18 
15.038421    1.3000000e-18 
15.060157    1.3000000e-18 
15.081894    1.3000000e-18 
15.103630    1.3000000e-18 
15.125367    1.3000000e-18 
15.147103    1.3000000e-18 
15.168840    1.3000000e-18 
15.190576    1.3000000e-18 
15.212313    1.3000000e-18 
15.234049    1.3000000e-18 
15.255786    1.3000000e-18 
15.277522    1.3000000e-18 
15.299259    1.3000000e-18 
15.320995    1.3000000e-18 
15.342732    1.3000000e-18 
15.364468    1.3000000e-18 
15.386204    1.3000000e-18 
15.407941    1.3000000e-18 
15.429678    1.3000000e-18 
15.451414    1.3000000e-18 
15.473151    1.3000000e-18 
15.494887    1.3000000e-18 
15.516624    1.3000000e-18 
15.538360    1.3000000e-18 
15.560097    1.3000000e-18 
15.581833    1.3000000e-18 
15.603570    1.3000000e-18 
15.625306    1.3000000e-18 
15.647043    1.3000000e-18 
15.668779    1.3000000e-18 
15.690516    1.3000000e-18 
15.712252    1.3000000e-18 
15.733988    1.3000000e-18 
15.755725    1.3000000e-18 
15.777462    1.3000000e-18 
15.799198    1.3000000e-18 
15.820934    1.3000000e-18 
15.842671    1.3000000e-18 
15.864408    1.3000000e-18 
15.886144    1.3000000e-18 
15.907880    1.3000000e-18 
15.929617    1.3000000e-18 
15.951354    1.3000000e-18 
15.973090    1.3000000e-18 
15.994827    1.3000000e-18 
16.016563    1.3000000e-18 
16.038300    1.3000000e-18 
16.060036    1.3000000e-18 
16.081772    1.3000000e-18 
16.103509    1.3000000e-18 
16.125246    1.3000000e-18 
16.146982    1.3000000e-18 
16.168719    1.3000000e-18 
16.190455    1.3000000e-18 
16.212191    1.3000000e-18 
16.233928    1.3000000e-18 
16.255664    1.3000000e-18 
16.277401    1.3000000e-18 
16.299138    1.3000000e-18 
16.320874    1.3000000e-18 
16.342610    1.3000000e-18 
16.364347    1.3000000e-18 
16.386083    1.3000000e-18 
16.407820    1.3000000e-18 
16.429557    1.3000000e-18 
16.451293    1.3000000e-18 
16.473030    1.3000000e-18 
16.494766    1.3000000e-18 
16.516503    1.3000000e-18 
16.538239    1.3000000e-18 
16.559976    1.3000000e-18 
16.581712    1.3000000e-18 
16.603448    1.3000000e-18 
16.625185    1.3000000e-18 
16.646922    1.3000000e-18 
16.668658    1.3000000e-18 
16.690395    1.3000000e-18 
16.712131    1.3000000e-18 
16.733867    1.3000000e-18 
16.755604    1.3000000e-18 
16.777340    1.3000000e-18 
16.799077    1.3000000e-18 
16.820813    1.3000000e-18 
16.842550    1.3000000e-18 
16.864287    1.3000000e-18 
16.886023    1.3000000e-18 
16.907760    1.3000000e-18 
16.929496    1.3000000e-18 
16.951232    1.3000000e-18 
16.972969    1.3000000e-18 
16.994706    1.3000000e-18 
17.016442    1.2996575e-18 
17.038179    1.2992046e-18 
17.059915    1.2987518e-18 
17.081651    1.2982989e-18 
17.103388    1.2978461e-18 
17.125124    1.2973932e-18 
17.146861    1.2969404e-18 
17.168598    1.2964876e-18 
17.190334    1.2960347e-18 
17.212070    1.2955819e-18 
17.233807    1.2951290e-18 
17.255543    1.2946762e-18 
17.277280    1.2942233e-18 
17.299017    1.2937705e-18 
17.320753    1.2933176e-18 
17.342490    1.2928648e-18 
17.364226    1.2924120e-18 
17.385963    1.2919591e-18 
17.407699    1.2915063e-18 
17.429436    1.2910534e-18 
17.451172    1.2906006e-18 
17.472909    1.2901477e-18 
17.494645    1.2896949e-18 
17.516382    1.2892421e-18 
17.538118    1.2887892e-18 
17.559855    1.2883364e-18 
17.581591    1.2878835e-18 
17.603327    1.2874307e-18 
17.625064    1.2869778e-18 
17.646801    1.2865250e-18 
17.668537    1.2860721e-18 
17.690273    1.2856193e-18 
17.712010    1.2851665e-18 
17.733747    1.2847136e-18 
17.755483    1.2842608e-18 
17.777220    1.2838079e-18 
17.798956    1.2833551e-18 
17.820693    1.2829022e-18 
17.842429    1.2824494e-18 
17.864166    1.2819966e-18 
17.885902    1.2815437e-18 
17.907639    1.2810909e-18 
17.929375    1.2806380e-18 
17.951111    1.2801852e-18 
17.972848    1.2797323e-18 
17.994585    1.2792795e-18 
18.016321    1.2788266e-18 
18.038058    1.2783738e-18 
18.059794    1.2779210e-18 
18.081530    1.2774681e-18 
18.103267    1.2770153e-18 
18.125003    1.2765624e-18 
18.146740    1.2761096e-18 
18.168477    1.2756567e-18 
18.190213    1.2752039e-18 
18.211950    1.2747511e-18 
18.233686    1.2742982e-18 
18.255423    1.2738454e-18 
18.277159    1.2733925e-18 
18.298896    1.2729397e-18 
18.320632    1.2724868e-18 
18.342369    1.2720340e-18 
18.364105    1.2715811e-18 
18.385842    1.2711283e-18 
18.407578    1.2706755e-18 
18.429315    1.2702226e-18 
18.451051    1.2697698e-18 
18.472787    1.2693169e-18 
18.494524    1.2688641e-18 
18.516261    1.2684112e-18 
18.537997    1.2679584e-18 
18.559734    1.2675056e-18 
18.581470    1.2670527e-18 
18.603206    1.2665999e-18 
18.624943    1.2661470e-18 
18.646680    1.2656942e-18 
18.668416    1.2652413e-18 
18.690153    1.2647885e-18 
18.711889    1.2643356e-18 
18.733626    1.2638828e-18 
18.755362    1.2634300e-18 
18.777099    1.2629771e-18 
18.798835    1.2625243e-18 
18.820571    1.2620714e-18 
18.842308    1.2616186e-18 
18.864045    1.2611657e-18 
18.885781    1.2607129e-18 
18.907518    1.2602601e-18 
18.929254    1.2598072e-18 
18.950990    1.2593544e-18 
18.972727    1.2589015e-18 
18.994463    1.2584487e-18 
19.016200    1.2579958e-18 
19.037937    1.2575430e-18 
19.059673    1.2570901e-18 
19.081410    1.2566373e-18 
19.103146    1.2561845e-18 
19.124883    1.2557316e-18 
19.146619    1.2552788e-18 
19.168356    1.2548259e-18 
19.190092    1.2543731e-18 
19.211829    1.2539202e-18 
19.233565    1.2534674e-18 
19.255302    1.2530146e-18 
19.277038    1.2525617e-18 
19.298775    1.2521089e-18 
19.320511    1.2516560e-18 
19.342247    1.2512032e-18 
19.363984    1.2507503e-18 
19.385721    1.2502975e-18 
19.407457    1.2500000e-18 
19.429194    1.2500000e-18 
19.450930    1.2500000e-18 
19.472666    1.2500000e-18 
19.494403    1.2500000e-18 
19.516140    1.2500000e-18 
19.537876    1.2500000e-18 
19.559613    1.2500000e-18 
19.581349    1.2500000e-18 
19.603086    1.2500000e-18 
19.624822    1.2500000e-18 
19.646559    1.2500000e-18 
19.668295    1.2500000e-18 
19.690031    1.2500000e-18 
19.711768    1.2500000e-18 
19.733505    1.2500000e-18 
19.755241    1.2500000e-18 
19.776978    1.2500000e-18 
19.798714    1.2500000e-18 
19.820450    1.2500000e-18 
19.842187    1.2500000e-18 
19.863923    1.2500000e-18 
19.885660    1.2500000e-18 
19.907397    1.2500000e-18 
19.929133    1.2500000e-18 
19.950870    1.2500000e-18 
19.972606    1.2500000e-18 
19.994343    1.2500000e-18 
20.016079    1.2500000e-18 
20.037816    1.2500000e-18 
20.059552    1.2500000e-18 
20.081289    1.2500000e-18 
20.103025    1.2500000e-18 
20.124762    1.2500000e-18 
20.146498    1.2500000e-18 
20.168235    1.2500000e-18 
20.189971    1.2500000e-18 
20.211707    1.2500000e-18 
20.233444    1.2500000e-18 
20.255181    1.2500000e-18 
20.276917    1.2500000e-18 
20.298654    1.2500000e-18 
20.320390    1.2500000e-18 
20.342126    1.2500000e-18 
20.363863    1.2500000e-18 
20.385600    1.2500000e-18 
20.407336    1.2500000e-18 
20.429073    1.2500000e-18 
20.450809    1.2500000e-18 
20.472546    1.2500000e-18 
20.494282    1.2500000e-18 
20.516019    1.2500000e-18 
20.537755    1.2500000e-18 
20.559492    1.2500000e-18 
20.581228    1.2500000e-18 
20.602965    1.2500000e-18 
20.624701    1.2500000e-18 
20.646438    1.2500000e-18 
20.668174    1.2500000e-18 
20.689910    1.2500000e-18 
20.711647    1.2490294e-18 
20.733383    1.2472180e-18 
20.755120    1.2454067e-18 
20.776857    1.2435953e-18 
20.798593    1.2417839e-18 
20.820330    1.2399725e-18 
20.842066    1.2381612e-18 
20.863803    1.2363498e-18 
20.885539    1.2345384e-18 
20.907276    1.2327270e-18 
20.929012    1.2309157e-18 
20.950749    1.2291043e-18 
20.972485    1.2272929e-18 
20.994222    1.2254815e-18 
21.015958    1.2236702e-18 
21.037695    1.2218588e-18 
21.059431    1.2200474e-18 
21.081167    1.2182360e-18 
21.102904    1.2164247e-18 
21.124641    1.2146133e-18 
21.146377    1.2128019e-18 
21.168114    1.2109905e-18 
21.189850    1.2091792e-18 
21.211586    1.2073678e-18 
21.233323    1.2055564e-18 
21.255060    1.2037450e-18 
21.276796    1.2019337e-18 
21.298533    1.2001223e-18 
21.320269    1.1983109e-18 
21.342006    1.1964995e-18 
21.363742    1.1946882e-18 
21.385479    1.1928768e-18 
21.407215    1.1910654e-18 
21.428952    1.1892540e-18 
21.450688    1.1874427e-18 
21.472425    1.1856313e-18 
21.494161    1.1838199e-18 
21.515898    1.1820085e-18 
21.537634    1.1801972e-18 
21.559370    1.1783858e-18 
21.581107    1.1765744e-18 
21.602843    1.1747630e-18 
21.624580    1.1729517e-18 
21.646317    1.1711403e-18 
21.668053    1.1693289e-18 
21.689789    1.1675175e-18 
21.711526    1.1657062e-18 
21.733263    1.1638948e-18 
21.754999    1.1620834e-18 
21.776736    1.1602720e-18 
21.798472    1.1584607e-18 
21.820209    1.1566493e-18 
21.841945    1.1548379e-18 
21.863682    1.1530265e-18 
21.885418    1.1512152e-18 
21.907155    1.1494038e-18 
21.928891    1.1475924e-18 
21.950627    1.1457810e-18 
21.972364    1.1439697e-18 
21.994101    1.1421583e-18 
22.015837    1.1403469e-18 
22.037574    1.1385355e-18 
22.059310    1.1367242e-18 
22.081046    1.1349128e-18 
22.102783    1.1331014e-18 
22.124519    1.1312900e-18 
22.146256    1.1294787e-18 
22.167993    1.1276673e-18 
22.189729    1.1258559e-18 
22.211466    1.1240445e-18 
22.233202    1.1222332e-18 
22.254939    1.1204218e-18 
22.276675    1.1186104e-18 
22.298412    1.1167990e-18 
22.320148    1.1149877e-18 
22.341885    1.1131763e-18 
22.363621    1.1113649e-18 
22.385358    1.1095535e-18 
22.407094    1.1077422e-18 
22.428831    1.1059308e-18 
22.450567    1.1041194e-18 
22.472303    1.1023080e-18 
22.494040    1.1004967e-18 
22.515777    1.0989482e-18 
22.537513    1.0974991e-18 
22.559249    1.0960500e-18 
22.580986    1.0946009e-18 
22.602723    1.0931518e-18 
22.624459    1.0917027e-18 
22.646196    1.0902536e-18 
22.667932    1.0888045e-18 
22.689669    1.0873554e-18 
22.711405    1.0859063e-18 
22.733142    1.0844572e-18 
22.754878    1.0830081e-18 
22.776615    1.0815590e-18 
22.798351    1.0801099e-18 
22.820087    1.0786608e-18 
22.841824    1.0772117e-18 
22.863561    1.0757626e-18 
22.885297    1.0743135e-18 
22.907034    1.0728644e-18 
22.928770    1.0714153e-18 
22.950506    1.0699662e-18 
22.972243    1.0685171e-18 
22.993979    1.0670680e-18 
23.015716    1.0656189e-18 
23.037453    1.0641698e-18 
23.059189    1.0627207e-18 
23.080926    1.0612716e-18 
23.102662    1.0598225e-18 
23.124399    1.0583734e-18 
23.146135    1.0569243e-18 
23.167872    1.0554752e-18 
23.189608    1.0540261e-18 
23.211345    1.0525770e-18 
23.233081    1.0511279e-18 
23.254818    1.0496788e-18 
23.276554    1.0482297e-18 
23.298291    1.0467806e-18 
23.320027    1.0453315e-18 
23.341763    1.0438824e-18 
23.363500    1.0424333e-18 
23.385237    1.0409842e-18 
23.406973    1.0395351e-18 
23.428710    1.0380860e-18 
23.450446    1.0366369e-18 
23.472183    1.0351878e-18 
23.493919    1.0337387e-18 
23.515656    1.0322896e-18 
23.537392    1.0308405e-18 
23.559129    1.0293914e-18 
23.580865    1.0279423e-18 
23.602602    1.0264932e-18 
23.624338    1.0250441e-18 
23.646075    1.0235950e-18 
23.667811    1.0221459e-18 
23.689547    1.0206968e-18 
23.711284    1.0192477e-18 
23.733021    1.0177986e-18 
23.754757    1.0163495e-18 
23.776494    1.0149004e-18 
23.798230    1.0134513e-18 
23.819966    1.0120022e-18 
23.841703    1.0105531e-18 
23.863439    1.0091040e-18 
23.885176    1.0076549e-18 
23.906913    1.0062058e-18 
23.928649    1.0047567e-18 
23.950386    1.0033076e-18 
23.972122    1.0018585e-18 
23.993859    1.0004094e-18 
24.015595    9.9922025e-19 
24.037332    9.9813343e-19 
24.059068    9.9704660e-19 
24.080805    9.9595977e-19 
24.102541    9.9487295e-19 
24.124278    9.9378612e-19 
24.146014    9.9269930e-19 
24.167751    9.9161247e-19 
24.189487    9.9052565e-19 
24.211223    9.8943882e-19 
24.232960    9.8835200e-19 
24.254697    9.8726518e-19 
24.276433    9.8617835e-19 
24.298170    9.8509153e-19 
24.319906    9.8400470e-19 
24.341643    9.8291787e-19 
24.363379    9.8183105e-19 
24.385116    9.8074422e-19 
24.406852    9.7965740e-19 
24.428589    9.7857057e-19 
24.450325    9.7748375e-19 
24.472062    9.7639692e-19 
24.493798    9.7531010e-19 
24.515535    9.7422327e-19 
24.537271    9.7313645e-19 
24.559007    9.7204963e-19 
24.580744    9.7096280e-19 
24.602481    9.6987597e-19 
24.624217    9.6878915e-19 
24.645954    9.6770232e-19 
24.667690    9.6661550e-19 
24.689426    9.6552868e-19 
24.711163    9.6444185e-19 
24.732899    9.6335503e-19 
24.754636    9.6226820e-19 
24.776373    9.6118137e-19 
24.798109    9.6009455e-19 
24.819846    9.5900772e-19 
24.841582    9.5792090e-19 
24.863319    9.5683407e-19 
24.885055    9.5574725e-19 
24.906792    9.5466042e-19 
24.928528    9.5357360e-19 
24.950265    9.5248677e-19 
24.972001    9.5139995e-19 
24.993738    9.5031313e-19 
25.015474    9.4922630e-19 
25.037211    9.4813948e-19 
25.058947    9.4705265e-19 
25.080683    9.4596583e-19 
25.102420    9.4487900e-19 
25.124157    9.4379217e-19 
25.145893    9.4270535e-19 
25.167630    9.4161853e-19 
25.189366    9.4053170e-19 
25.211102    9.3944488e-19 
25.232839    9.3835805e-19 
25.254576    9.3727123e-19 
25.276312    9.3618440e-19 
25.298049    9.3509757e-19 
25.319785    9.3401075e-19 
25.341522    9.3292392e-19 
25.363258    9.3183710e-19 
25.384995    9.3075028e-19 
25.406731    9.2966345e-19 
25.428468    9.2857663e-19 
25.450204    9.2748980e-19 
25.471941    9.2640297e-19 
25.493677    9.2531615e-19 
25.515414    9.2422933e-19 
25.537150    9.2314250e-19 
25.558886    9.2205567e-19 
25.580623    9.2096885e-19 
25.602359    9.1988203e-19 
25.624096    9.1879520e-19 
25.645833    9.1770837e-19 
25.667569    9.1662155e-19 
25.689306    9.1553472e-19 
25.711042    9.1444790e-19 
25.732779    9.1336107e-19 
25.754515    9.1227425e-19 
25.776252    9.1118743e-19 
25.797988    9.1010060e-19 
25.819725    9.0901377e-19 
25.841461    9.0792695e-19 
25.863198    9.0684012e-19 
25.884934    9.0575330e-19 
25.906671    9.0466647e-19 
25.928407    9.0357965e-19 
25.950143    9.0249283e-19 
25.971880    9.0140600e-19 
25.993617    9.0031918e-19 
26.015353    8.9923235e-19 
26.037090    8.9814552e-19 
26.058826    8.9705870e-19 
26.080562    8.9597187e-19 
26.102299    8.9488505e-19 
26.124036    8.9379822e-19 
26.145772    8.9271140e-19 
26.167509    8.9162457e-19 
26.189245    8.9053775e-19 
26.210982    8.8945092e-19 
26.232718    8.8836410e-19 
26.254455    8.8727727e-19 
26.276191    8.8619045e-19 
26.297928    8.8510362e-19 
26.319664    8.8401680e-19 
26.341401    8.8292997e-19 
26.363137    8.8184315e-19 
26.384874    8.8075633e-19 
26.406610    8.7966950e-19 
26.428346    8.7858267e-19 
26.450083    8.7749585e-19 
26.471819    8.7640902e-19 
26.493556    8.7532220e-19 
26.515293    8.7423537e-19 
26.537029    8.7314855e-19 
26.558766    8.7206172e-19 
26.580502    8.7097490e-19 
26.602239    8.6988807e-19 
26.623975    8.6880125e-19 
26.645712    8.6771442e-19 
26.667448    8.6662760e-19 
26.689185    8.6554077e-19 
26.710921    8.6445395e-19 
26.732658    8.6336713e-19 
26.754394    8.6228030e-19 
26.776131    8.6119347e-19 
26.797867    8.6010665e-19 
26.819603    8.5901983e-19 
26.841340    8.5793300e-19 
26.863077    8.5684617e-19 
26.884813    8.5575935e-19 
26.906550    8.5467253e-19 
26.928286    8.5358570e-19 
26.950022    8.5249887e-19 
26.971759    8.5141205e-19 
26.993496    8.5032523e-19 
27.015232    8.4923840e-19 
27.036969    8.4815157e-19 
27.058705    8.4706475e-19 
27.080442    8.4597792e-19 
27.102178    8.4489110e-19 
27.123915    8.4380427e-19 
27.145651    8.4271745e-19 
27.167388    8.4163062e-19 
27.189124    8.4054380e-19 
27.210861    8.3945697e-19 
27.232597    8.3837015e-19 
27.254334    8.3728332e-19 
27.276070    8.3619650e-19 
27.297807    8.3510967e-19 
27.319543    8.3402285e-19 
27.341279    8.3293603e-19 
27.363016    8.3184920e-19 
27.384753    8.3076237e-19 
27.406489    8.2967555e-19 
27.428226    8.2858872e-19 
27.449962    8.2750190e-19 
27.471699    8.2641508e-19 
27.493435    8.2532825e-19 
27.515172    8.2424142e-19 
27.536908    8.2315460e-19 
27.558645    8.2206777e-19 
27.580381    8.2098095e-19 
27.602118    8.1989412e-19 
27.623854    8.1880730e-19 
27.645591    8.1772047e-19 
27.667327    8.1663365e-19 
27.689063    8.1554682e-19 
27.710800    8.1446000e-19 
27.732537    8.1337317e-19 
27.754273    8.1228635e-19 
27.776010    8.1119952e-19 
27.797746    8.1011270e-19 
27.819482    8.0902588e-19 
27.841219    8.0793905e-19 
27.862956    8.0685222e-19 
27.884692    8.0576540e-19 
27.906429    8.0467857e-19 
27.928165    8.0359175e-19 
27.949902    8.0250492e-19 
27.971638    8.0141810e-19 
27.993375    8.0033128e-19 
28.015111    7.9963819e-19 
28.036848    7.9911774e-19 
28.058584    7.9859728e-19 
28.080321    7.9807683e-19 
28.102057    7.9755638e-19 
28.123794    7.9703593e-19 
28.145530    7.9651548e-19 
28.167267    7.9599503e-19 
28.189003    7.9547458e-19 
28.210739    7.9495412e-19 
28.232476    7.9443367e-19 
28.254213    7.9391322e-19 
28.275949    7.9339277e-19 
28.297686    7.9287232e-19 
28.319422    7.9235187e-19 
28.341159    7.9183142e-19 
28.362895    7.9131096e-19 
28.384632    7.9079051e-19 
28.406368    7.9027006e-19 
28.428105    7.8974961e-19 
28.449841    7.8922916e-19 
28.471578    7.8870871e-19 
28.493314    7.8818826e-19 
28.515051    7.8766780e-19 
28.536787    7.8714735e-19 
28.558523    7.8662690e-19 
28.580260    7.8610645e-19 
28.601997    7.8558600e-19 
28.623733    7.8506555e-19 
28.645470    7.8454510e-19 
28.667206    7.8402465e-19 
28.688942    7.8350419e-19 
28.710679    7.8298374e-19 
28.732415    7.8246329e-19 
28.754152    7.8194284e-19 
28.775889    7.8142239e-19 
28.797625    7.8090194e-19 
28.819362    7.8038149e-19 
28.841098    7.7986103e-19 
28.862835    7.7934058e-19 
28.884571    7.7882013e-19 
28.906308    7.7829968e-19 
28.928044    7.7777923e-19 
28.949781    7.7725878e-19 
28.971517    7.7673833e-19 
28.993254    7.7621787e-19 
29.014990    7.7569742e-19 
29.036727    7.7517697e-19 
29.058463    7.7465652e-19 
29.080199    7.7413607e-19 
29.101936    7.7361562e-19 
29.123673    7.7309517e-19 
29.145409    7.7257471e-19 
29.167146    7.7205426e-19 
29.188882    7.7153381e-19 
29.210619    7.7101336e-19 
29.232355    7.7049291e-19 
29.254092    7.6997246e-19 
29.275828    7.6945201e-19 
29.297565    7.6893155e-19 
29.319301    7.6841110e-19 
29.341038    7.6789065e-19 
29.362774    7.6737020e-19 
29.384511    7.6684975e-19 
29.406247    7.6632930e-19 
29.427983    7.6580885e-19 
29.449720    7.6528839e-19 
29.471457    7.6476794e-19 
29.493193    7.6424749e-19 
29.514930    7.6372704e-19 
29.536666    7.6320659e-19 
29.558402    7.6268614e-19 
29.580139    7.6216569e-19 
29.601875    7.6164523e-19 
29.623612    7.6112478e-19 
29.645349    7.6060433e-19 
29.667085    7.6008388e-19 
29.688822    7.5956343e-19 
29.710558    7.5904298e-19 
29.732295    7.5852253e-19 
29.754031    7.5800207e-19 
29.775768    7.5748162e-19 
29.797504    7.5696117e-19 
29.819241    7.5644072e-19 
29.840977    7.5592027e-19 
29.862714    7.5539982e-19 
29.884450    7.5487937e-19 
29.906187    7.5435891e-19 
29.927923    7.5383846e-19 
29.949659    7.5331801e-19 
29.971396    7.5279756e-19 
29.993133    7.5227711e-19 
30.014869    7.5175666e-19 
30.036606    7.5123621e-19 
30.058342    7.5071575e-19 
30.080079    7.5019530e-19 
30.101815    7.4967485e-19 
30.123552    7.4915440e-19 
30.145288    7.4863395e-19 
30.167025    7.4811350e-19 
30.188761    7.4759305e-19 
30.210498    7.4707260e-19 
30.232234    7.4655214e-19 
30.253971    7.4603169e-19 
30.275707    7.4551124e-19 
30.297443    7.4499079e-19 
30.319180    7.4447034e-19 
30.340917    7.4394989e-19 
30.362653    7.4342944e-19 
30.384390    7.4290898e-19 
30.406126    7.4238853e-19 
30.427862    7.4186808e-19 
30.449599    7.4134763e-19 
30.471335    7.4082718e-19 
30.493072    7.4030673e-19 
30.514809    7.3978628e-19 
30.536545    7.3926582e-19 
30.558282    7.3874537e-19 
30.580018    7.3822492e-19 
30.601755    7.3770447e-19 
30.623491    7.3718402e-19 
30.645228    7.3666357e-19 
30.666964    7.3614312e-19 
30.688701    7.3562266e-19 
30.710437    7.3510221e-19 
30.732174    7.3458176e-19 
30.753910    7.3406131e-19 
30.775647    7.3354086e-19 
30.797383    7.3302041e-19 
30.819119    7.3249996e-19 
30.840856    7.3197950e-19 
30.862593    7.3145905e-19 
30.884329    7.3093860e-19 
30.906066    7.3041815e-19 
30.927802    7.2989770e-19 
30.949539    7.2937725e-19 
30.971275    7.2885680e-19 
30.993012    7.2833634e-19 
31.014748    7.2781589e-19 
31.036485    7.2729544e-19 
31.058221    7.2677499e-19 
31.079958    7.2625454e-19 
31.101694    7.2573409e-19 
31.123431    7.2521364e-19 
31.145167    7.2469318e-19 
31.166904    7.2417273e-19 
31.188640    7.2365228e-19 
31.210377    7.2313183e-19 
31.232113    7.2261138e-19 
31.253849    7.2209093e-19 
31.275586    7.2157048e-19 
31.297322    7.2105002e-19 
31.319059    7.2052957e-19 
31.340795    7.2000912e-19 
31.362532    7.1948867e-19 
31.384269    7.1896822e-19 
31.406005    7.1844777e-19 
31.427742    7.1792732e-19 
31.449478    7.1740686e-19 
31.471214    7.1688641e-19 
31.492951    7.1636596e-19 
31.514688    7.1584551e-19 
31.536424    7.1532506e-19 
31.558161    7.1480461e-19 
31.579897    7.1428416e-19 
31.601633    7.1376370e-19 
31.623370    7.1324325e-19 
31.645107    7.1272280e-19 
31.666843    7.1220235e-19 
31.688579    7.1168190e-19 
31.710316    7.1116145e-19 
31.732052    7.1064100e-19 
31.753789    7.1012055e-19 
31.775526    7.0960009e-19 
31.797262    7.0907964e-19 
31.818998    7.0855919e-19 
31.840735    7.0803874e-19 
31.862472    7.0751829e-19 
31.884208    7.0699784e-19 
31.905945    7.0647739e-19 
31.927681    7.0595693e-19 
31.949417    7.0543648e-19 
31.971154    7.0491603e-19 
31.992891    7.0439558e-19 
32.014627    7.0387513e-19 
32.036364    7.0335468e-19 
32.058100    7.0283423e-19 
32.079836    7.0231377e-19 
32.101573    7.0179332e-19 
32.123310    7.0127287e-19 
32.145046    7.0075242e-19 
32.166782    7.0023197e-19 
32.188519    6.9971152e-19 
32.210256    6.9919107e-19 
32.231992    6.9867061e-19 
32.253729    6.9815016e-19 
32.275465    6.9762971e-19 
32.297201    6.9710926e-19 
32.318938    6.9658881e-19 
32.340674    6.9606836e-19 
32.362411    6.9554791e-19 
32.384147    6.9502745e-19 
32.405884    6.9450700e-19 
32.427620    6.9398655e-19 
32.449357    6.9346610e-19 
32.471094    6.9294565e-19 
32.492830    6.9242520e-19 
32.514567    6.9190475e-19 
32.536303    6.9138429e-19 
32.558039    6.9086384e-19 
32.579776    6.9034339e-19 
32.601513    6.8982294e-19 
32.623249    6.8930249e-19 
32.644985    6.8878204e-19 
32.666722    6.8826159e-19 
32.688459    6.8774113e-19 
32.710195    6.8722068e-19 
32.731931    6.8670023e-19 
32.753668    6.8617978e-19 
32.775405    6.8565933e-19 
32.797141    6.8513888e-19 
32.818877    6.8461843e-19 
32.840614    6.8409797e-19 
32.862350    6.8357752e-19 
32.884087    6.8305707e-19 
32.905823    6.8253662e-19 
32.927560    6.8201617e-19 
32.949296    6.8149572e-19 
32.971033    6.8097527e-19 
32.992770    6.8045481e-19 
33.014506    6.7993436e-19 
33.036243    6.7941391e-19 
33.057979    6.7889346e-19 
33.079715    6.7837301e-19 
33.101452    6.7785256e-19 
33.123188    6.7733211e-19 
33.144925    6.7681165e-19 
33.166661    6.7629120e-19 
33.188398    6.7577075e-19 
33.210134    6.7525030e-19 
33.231871    6.7472985e-19 
33.253608    6.7420940e-19 
33.275344    6.7368895e-19 
33.297080    6.7316850e-19 
33.318817    6.7264804e-19 
33.340553    6.7212759e-19 
33.362290    6.7160714e-19 
33.384027    6.7108669e-19 
33.405763    6.7056624e-19 
33.427499    6.7004579e-19 
33.449236    6.6952534e-19 
33.470973    6.6900488e-19 
33.492709    6.6848443e-19 
33.514445    6.6796398e-19 
33.536182    6.6744353e-19 
33.557918    6.6692308e-19 
33.579655    6.6640263e-19 
33.601391    6.6588218e-19 
33.623128    6.6536172e-19 
33.644864    6.6484127e-19 
33.666601    6.6432082e-19 
33.688337    6.6380037e-19 
33.710074    6.6327992e-19 
33.731811    6.6275947e-19 
33.753547    6.6223902e-19 
33.775283    6.6171856e-19 
33.797020    6.6119811e-19 
33.818756    6.6067766e-19 
33.840493    6.6015721e-19 
33.862229    6.5963676e-19 
33.883966    6.5911631e-19 
33.905702    6.5859586e-19 
33.927439    6.5807540e-19 
33.949176    6.5755495e-19 
33.970912    6.5703450e-19 
33.992648    6.5651405e-19 
34.014385    6.5599360e-19 
34.036122    6.5547315e-19 
34.057858    6.5495270e-19 
34.079594    6.5443224e-19 
34.101331    6.5391179e-19 
34.123067    6.5339134e-19 
34.144804    6.5287089e-19 
34.166540    6.5235044e-19 
34.188277    6.5182999e-19 
34.210013    6.5130954e-19 
34.231750    6.5078908e-19 
34.253487    6.5026863e-19 
34.275223    6.4974818e-19 
34.296959    6.4922773e-19 
34.318696    6.4870728e-19 
34.340432    6.4818683e-19 
34.362169    6.4766638e-19 
34.383905    6.4714592e-19 
34.405642    6.4662547e-19 
34.427379    6.4610502e-19 
34.449115    6.4558457e-19 
34.470851    6.4506412e-19 
34.492588    6.4454367e-19 
34.514325    6.4402322e-19 
34.536061    6.4350276e-19 
34.557797    6.4298231e-19 
34.579534    6.4246186e-19 
34.601270    6.4194141e-19 
34.623007    6.4142096e-19 
34.644743    6.4090051e-19 
34.666480    6.4038006e-19 
34.688216    6.3985960e-19 
34.709953    6.3933915e-19 
34.731690    6.3881870e-19 
34.753426    6.3829825e-19 
34.775163    6.3777780e-19 
34.796899    6.3725735e-19 
34.818635    6.3673690e-19 
34.840372    6.3621645e-19 
34.862108    6.3569599e-19 
34.883845    6.3517554e-19 
34.905581    6.3465509e-19 
34.927318    6.3413464e-19 
34.949054    6.3361419e-19 
34.970791    6.3309374e-19 
34.992528    6.3257329e-19 
35.014264    6.3205283e-19 
35.036000    6.3153238e-19 
35.057737    6.3101193e-19 
35.079473    6.3049148e-19 
35.101210    6.2991993e-19 
35.122946    6.2848148e-19 
35.144683    6.2704304e-19 
35.166419    6.2560459e-19 
35.188156    6.2416615e-19 
35.209893    6.2272770e-19 
35.231629    6.2128926e-19 
35.253365    6.1985081e-19 
35.275102    6.1841237e-19 
35.296838    6.1697392e-19 
35.318575    6.1553548e-19 
35.340311    6.1409703e-19 
35.362048    6.1265859e-19 
35.383784    6.1122014e-19 
35.405521    6.0978170e-19 
35.427257    6.0834325e-19 
35.448994    6.0690481e-19 
35.470731    6.0546636e-19 
35.492467    6.0402792e-19 
35.514203    6.0258947e-19 
35.535940    6.0115103e-19 
35.557676    5.9971258e-19 
35.579413    5.9827414e-19 
35.601149    5.9683569e-19 
35.622886    5.9539725e-19 
35.644622    5.9395881e-19 
35.666359    5.9252036e-19 
35.688096    5.9108192e-19 
35.709832    5.8964347e-19 
35.731568    5.8820503e-19 
35.753305    5.8676658e-19 
35.775042    5.8532814e-19 
35.796778    5.8388969e-19 
35.818514    5.8245125e-19 
35.840251    5.8101280e-19 
35.861987    5.7957436e-19 
35.883724    5.7813591e-19 
35.905460    5.7669747e-19 
35.927197    5.7525902e-19 
35.948933    5.7382058e-19 
35.970670    5.7238213e-19 
35.992406    5.7094369e-19 
36.014143    5.6950524e-19 
36.035880    5.6806680e-19 
36.057616    5.6662835e-19 
36.079352    5.6518991e-19 
36.101089    5.6375146e-19 
36.122825    5.6231302e-19 
36.144562    5.6087457e-19 
36.166299    5.5943613e-19 
36.188035    5.5799768e-19 
36.209771    5.5655924e-19 
36.231508    5.5512079e-19 
36.253245    5.5368235e-19 
36.274981    5.5224390e-19 
36.296717    5.5080546e-19 
36.318454    5.4936701e-19 
36.340190    5.4792857e-19 
36.361927    5.4649013e-19 
36.383663    5.4505168e-19 
36.405400    5.4361324e-19 
36.427136    5.4217479e-19 
36.448873    5.4073635e-19 
36.470610    5.3929790e-19 
36.492346    5.3785946e-19 
36.514083    5.3642101e-19 
36.535819    5.3498257e-19 
36.557555    5.3354412e-19 
36.579292    5.3210568e-19 
36.601028    5.3066723e-19 
36.622765    5.2922879e-19 
36.644501    5.2779034e-19 
36.666238    5.2635190e-19 
36.687974    5.2491345e-19 
36.709711    5.2347501e-19 
36.731448    5.2203656e-19 
36.753184    5.2059812e-19 
36.774920    5.1915967e-19 
36.796657    5.1772123e-19 
36.818393    5.1628278e-19 
36.840130    5.1484434e-19 
36.861866    5.1340589e-19 
36.883603    5.1196745e-19 
36.905339    5.1052900e-19 
36.927076    5.0909056e-19 
36.948813    5.0765211e-19 
36.970549    5.0621367e-19 
36.992285    5.0477522e-19 
37.014022    5.0333678e-19 
37.035759    5.0189833e-19 
37.057495    5.0045989e-19 
37.079231    4.9902144e-19 
37.100968    4.9758300e-19 
37.122704    4.9614456e-19 
37.144441    4.9470611e-19 
37.166177    4.9326767e-19 
37.187914    4.9182922e-19 
37.209651    4.9039078e-19 
37.231387    4.8895233e-19 
37.253123    4.8751389e-19 
37.274860    4.8607544e-19 
37.296596    4.8463700e-19 
37.318333    4.8319855e-19 
37.340069    4.8176011e-19 
37.361806    4.8032166e-19 
37.383542    4.7888322e-19 
37.405279    4.7744477e-19 
37.427016    4.7600633e-19 
37.448752    4.7456788e-19 
37.470488    4.7312944e-19 
37.492225    4.7169099e-19 
37.513962    4.7025255e-19 
37.535698    4.6881410e-19 
37.557434    4.6737566e-19 
37.579171    4.6593721e-19 
37.600907    4.6449877e-19 
37.622644    4.6306032e-19 
37.644380    4.6162188e-19 
37.666117    4.6018343e-19 
37.687853    4.5874499e-19 
37.709590    4.5730654e-19 
37.731326    4.5586810e-19 
37.753063    4.5442965e-19 
37.774800    4.5299121e-19 
37.796536    4.5155276e-19 
37.818272    4.5011432e-19 
37.840009    4.4867587e-19 
37.861745    4.4723743e-19 
37.883482    4.4579899e-19 
37.905219    4.4436054e-19 
37.926955    4.4292210e-19 
37.948691    4.4148365e-19 
37.970428    4.4004521e-19 
37.992165    4.3860676e-19 
38.013901    4.3716832e-19 
38.035637    4.3572987e-19 
38.057374    4.3429143e-19 
38.079110    4.3285298e-19 
38.100847    4.3141454e-19 
38.122583    4.2997609e-19 
38.144320    4.2853765e-19 
38.166056    4.2709920e-19 
38.187793    4.2566076e-19 
38.209530    4.2422231e-19 
38.231266    4.2278387e-19 
38.253003    4.2134542e-19 
38.274739    4.1990698e-19 
38.296475    4.1846853e-19 
38.318212    4.1703009e-19 
38.339948    4.1559164e-19 
38.361685    4.1415320e-19 
38.383421    4.1271475e-19 
38.405158    4.1127631e-19 
38.426894    4.0983786e-19 
38.448631    4.0839942e-19 
38.470368    4.0696097e-19 
38.492104    4.0552253e-19 
38.513840    4.0408408e-19 
38.535577    4.0264564e-19 
38.557313    4.0120719e-19 
38.579050    3.9976875e-19 
38.600786    3.9833031e-19 
38.622523    3.9689186e-19 
38.644259    3.9545342e-19 
38.665996    3.9401497e-19 
38.687733    3.9257653e-19 
38.709469    3.9113808e-19 
38.731205    3.8969964e-19 
38.752942    3.8826119e-19 
38.774679    3.8682275e-19 
38.796415    3.8538430e-19 
38.818151    3.8394586e-19 
38.839888    3.8250741e-19 
38.861624    3.8106897e-19 
38.883361    3.7963052e-19 
38.905097    3.7819208e-19 
38.926834    3.7675363e-19 
38.948571    3.7531519e-19 
38.970307    3.7387674e-19 
38.992043    3.7243830e-19 
39.013780    3.7099985e-19 
39.035516    3.6956141e-19 
39.057253    3.6812296e-19 
39.078989    3.6668452e-19 
39.100726    3.6524607e-19 
39.122462    3.6380763e-19 
39.144199    3.6236918e-19 
39.165936    3.6093074e-19 
39.187672    3.5949229e-19 
39.209408    3.5805385e-19 
39.231145    3.5661540e-19 
39.252882    3.5517696e-19 
39.274618    3.5373851e-19 
39.296354    3.5230007e-19 
39.318091    3.5086162e-19 
39.339827    3.4942318e-19 
39.361564    3.4798474e-19 
39.383300    3.4654629e-19 
39.405037    3.4510785e-19 
39.426773    3.4366940e-19 
39.448510    3.4223096e-19 
39.470246    3.4079251e-19 
39.491983    3.3935407e-19 
39.513720    3.3791562e-19 
39.535456    3.3647718e-19 
39.557192    3.3503873e-19 
39.578929    3.3360029e-19 
39.600665    3.3216184e-19 
39.622402    3.3072340e-19 
39.644139    3.2928495e-19 
39.665875    3.2784651e-19 
39.687611    3.2640806e-19 
39.709348    3.2496962e-19 
39.731085    3.2353117e-19 
39.752821    3.2209273e-19 
39.774557    3.2065428e-19 
39.796294    3.1921584e-19 
39.818030    3.1777739e-19 
39.839767    3.1633895e-19 
39.861503    3.1490050e-19 
39.883240    3.1346206e-19 
39.904976    3.1202361e-19 
39.926713    3.1058517e-19 
39.948449    3.0914672e-19 
39.970186    3.0770828e-19 
39.991923    3.0626983e-19 
40.013659    3.0483139e-19 
40.035395    3.0339294e-19 
40.057132    3.0195450e-19 
40.078868    3.0051606e-19 
40.100605    2.9907761e-19 
40.122341    2.9763917e-19 
40.144078    2.9620072e-19 
40.165814    2.9476228e-19 
40.187551    2.9332383e-19 
40.209288    2.9188539e-19 
40.231024    2.9044694e-19 
40.252760    2.8900850e-19 
40.274497    2.8757005e-19 
40.296233    2.8613161e-19 
40.317970    2.8469316e-19 
40.339706    2.8325472e-19 
40.361443    2.8181627e-19 
40.383179    2.8037783e-19 
40.404916    2.7893938e-19 
40.426653    2.7750094e-19 
40.448389    2.7606249e-19 
40.470125    2.7462405e-19 
40.491862    2.7318560e-19 
40.513599    2.7174716e-19 
40.535335    2.7030871e-19 
40.557071    2.6887027e-19 
40.578808    2.6743182e-19 
40.600544    2.6599338e-19 
40.622281    2.6455493e-19 
40.644017    2.6311649e-19 
40.665754    2.6167804e-19 
40.687491    2.6023960e-19 
40.709227    2.5880115e-19 
40.730963    2.5736271e-19 
40.752700    2.5592426e-19 
40.774437    2.5448582e-19 
40.796173    2.5304738e-19 
40.817909    2.5160893e-19 
40.839646    2.5017049e-19 
40.861382    2.4873204e-19 
40.883119    2.4729360e-19 
40.904856    2.4585515e-19 
40.926592    2.4441671e-19 
40.948328    2.4297826e-19 
40.970065    2.4153982e-19 
40.991802    2.4010137e-19 
41.013538    2.3866293e-19 
41.035274    2.3722448e-19 
41.057011    2.3578604e-19 
41.078747    2.3434759e-19 
41.100484    2.3290915e-19 
41.122220    2.3147070e-19 
41.143957    2.3003226e-19 
41.165693    2.2859381e-19 
41.187430    2.2715537e-19 
41.209166    2.2571692e-19 
41.230903    2.2427848e-19 
41.252640    2.2284003e-19 
41.274376    2.2140159e-19 
41.296112    2.1996314e-19 
41.317849    2.1852470e-19 
41.339585    2.1708625e-19 
41.361322    2.1564781e-19 
41.383059    2.1420936e-19 
41.404795    2.1277092e-19 
41.426531    2.1133247e-19 
41.448268    2.0989403e-19 
41.470005    2.0845558e-19 
41.491741    2.0701714e-19 
41.513477    2.0557869e-19 
41.535214    2.0414025e-19 
41.556950    2.0270181e-19 
41.578687    2.0126336e-19 
41.600423    1.9982492e-19 
41.622160    1.9838647e-19 
41.643896    1.9694803e-19 
41.665633    1.9550958e-19 
41.687369    1.9407114e-19 
41.709106    1.9263269e-19 
41.730843    1.9119425e-19 
41.752579    1.8975580e-19 
41.774316    1.8831736e-19 
41.796052    1.8687891e-19 
41.817788    1.8544047e-19 
41.839525    1.8400202e-19 
41.861261    1.8256358e-19 
41.882998    1.8112513e-19 
41.904734    1.7980766e-19 
41.926471    1.7892462e-19 
41.948208    1.7804157e-19 
41.969944    1.7715852e-19 
41.991680    1.7627548e-19 
42.013417    1.7539243e-19 
42.035153    1.7450939e-19 
42.056890    1.7362634e-19 
42.078626    1.7274330e-19 
42.100363    1.7186025e-19 
42.122099    1.7097721e-19 
42.143836    1.7009416e-19 
42.165572    1.6921112e-19 
42.187309    1.6832807e-19 
42.209045    1.6744503e-19 
42.230782    1.6656198e-19 
42.252519    1.6567894e-19 
42.274255    1.6479589e-19 
42.295991    1.6391285e-19 
42.317728    1.6302980e-19 
42.339464    1.6214675e-19 
42.361201    1.6126371e-19 
42.382937    1.6038066e-19 
42.404674    1.5949762e-19 
42.426411    1.5861457e-19 
42.448147    1.5773153e-19 
42.469883    1.5684848e-19 
42.491620    1.5596544e-19 
42.513357    1.5508239e-19 
42.535093    1.5419935e-19 
42.556829    1.5331630e-19 
42.578566    1.5243326e-19 
42.600302    1.5155021e-19 
42.622039    1.5066717e-19 
42.643776    1.4978412e-19 
42.665512    1.4890107e-19 
42.687248    1.4801803e-19 
42.708985    1.4713498e-19 
42.730722    1.4625194e-19 
42.752458    1.4536889e-19 
42.774195    1.4448585e-19 
42.795931    1.4360280e-19 
42.817667    1.4271976e-19 
42.839404    1.4183671e-19 
42.861140    1.4095367e-19 
42.882877    1.4007062e-19 
42.904613    1.3918758e-19 
42.926350    1.3830453e-19 
42.948086    1.3742149e-19 
42.969823    1.3653844e-19 
42.991560    1.3565540e-19 
43.013296    1.3477235e-19 
43.035032    1.3388930e-19 
43.056769    1.3300626e-19 
43.078505    1.3212321e-19 
43.100242    1.3124017e-19 
43.121979    1.3035712e-19 
43.143715    1.2947408e-19 
43.165451    1.2859103e-19 
43.187188    1.2770799e-19 
43.208925    1.2682494e-19 
43.230661    1.2594190e-19 
43.252397    1.2505885e-19 
43.274134    1.2417581e-19 
43.295870    1.2329276e-19 
43.317607    1.2240972e-19 
43.339343    1.2152667e-19 
43.361080    1.2064362e-19 
43.382816    1.1976058e-19 
43.404553    1.1887753e-19 
43.426289    1.1799449e-19 
43.448026    1.1711144e-19 
43.469763    1.1622840e-19 
43.491499    1.1534535e-19 
43.513236    1.1446231e-19 
43.534972    1.1357926e-19 
43.556708    1.1269622e-19 
43.578445    1.1181317e-19 
43.600181    1.1093013e-19 
43.621918    1.1004708e-19 
43.643654    1.0916404e-19 
43.665391    1.0828099e-19 
43.687128    1.0739795e-19 
43.708864    1.0651490e-19 
43.730600    1.0563185e-19 
43.752337    1.0474881e-19 
43.774074    1.0386576e-19 
43.795810    1.0298272e-19 
43.817546    1.0209967e-19 
43.839283    1.0121663e-19 
43.861019    1.0033358e-19 
43.882756    9.9450537e-20 
43.904492    9.8567492e-20 
43.926229    9.7684447e-20 
43.947965    9.6801402e-20 
43.969702    9.5918356e-20 
43.991439    9.5035311e-20 
44.013175    9.4152266e-20 
44.034911    9.3269220e-20 
44.056648    9.2386175e-20 
44.078384    9.1503130e-20 
44.100121    9.0620084e-20 
44.121857    8.9737039e-20 
44.143594    8.8853994e-20 
44.165331    8.7970948e-20 
44.187067    8.7087903e-20 
44.208803    8.6204858e-20 
44.230540    8.5321813e-20 
44.252277    8.4438767e-20 
44.274013    8.3555722e-20 
44.295749    8.2672677e-20 
44.317486    8.1789631e-20 
44.339222    8.0906586e-20 
44.360959    8.0023541e-20 
44.382696    7.9140495e-20 
44.404432    7.8257450e-20 
44.426168    7.7374405e-20 
44.447905    7.6491359e-20 
44.469642    7.5608314e-20 
44.491378    7.4725269e-20 
44.513115    7.3842223e-20 
44.534851    7.2959178e-20 
44.556587    7.2076133e-20 
44.578324    7.1193087e-20 
44.600060    7.0310042e-20 
44.621797    6.9426997e-20 
44.643533    6.8543952e-20 
44.665270    6.7660906e-20 
44.687006    6.6777861e-20 
44.708743    6.5894816e-20 
44.730480    6.5011770e-20 
44.752216    6.4128725e-20 
44.773952    6.3245680e-20 
44.795689    6.2362634e-20 
44.817425    6.1479589e-20 
44.839162    6.0596544e-20 
44.860899    5.9713498e-20 
44.882635    5.8830453e-20 
44.904371    5.7947408e-20 
44.926108    5.7064363e-20 
44.947845    5.6181317e-20 
44.969581    5.5298272e-20 
44.991317    5.4415227e-20 
45.013054    5.3532181e-20 
45.034790    5.2649136e-20 
45.056527    5.1766091e-20 
45.078263    5.0883045e-20 
45.100000    5.0000000e-20 
