0.977000    0.0000000e+00 
0.999011    2.4410459e-20 
1.021023    4.8820918e-20 
1.043034    7.3231377e-20 
1.065046    9.7641836e-20 
1.087057    1.2205229e-19 
1.109069    1.4646275e-19 
1.131080    1.7087321e-19 
1.153092    1.9528367e-19 
1.175103    2.1969413e-19 
1.197115    2.4410459e-19 
1.219126    2.6851505e-19 
1.241138    2.9292551e-19 
1.263149    3.1733597e-19 
1.285161    3.4174642e-19 
1.307173    3.6615688e-19 
1.329184    3.9056734e-19 
1.351195    4.1497780e-19 
1.373207    4.3938826e-19 
1.395218    4.6379872e-19 
1.417230    4.8820918e-19 
1.439241    5.1261964e-19 
1.461253    5.3703010e-19 
1.483264    5.6144055e-19 
1.505276    5.9002440e-19 
1.527287    6.3184625e-19 
1.549299    6.7366810e-19 
1.571310    7.1548995e-19 
1.593322    7.5731180e-19 
1.615333    7.9913365e-19 
1.637345    8.4095550e-19 
1.659356    8.8277735e-19 
1.681368    9.2459920e-19 
1.703379    9.6642105e-19 
1.725391    1.0082429e-18 
1.747402    1.0500647e-18 
1.769414    1.0918866e-18 
1.791425    1.1337084e-18 
1.813437    1.1755303e-18 
1.835449    1.2173521e-18 
1.857460    1.2591740e-18 
1.879471    1.3009958e-18 
1.901483    1.3428177e-18 
1.923494    1.3846395e-18 
1.945506    1.4264614e-18 
1.967517    1.4682832e-18 
1.989529    1.5101051e-18 
2.011540    1.5561969e-18 
2.033552    1.6061630e-18 
2.055563    1.6561291e-18 
2.077575    1.7060952e-18 
2.099586    1.7560614e-18 
2.121598    1.8060275e-18 
2.143609    1.8559936e-18 
2.165621    1.9059597e-18 
2.187632    1.9559258e-18 
2.209644    2.0058919e-18 
2.231655    2.0558580e-18 
2.253667    2.1058241e-18 
2.275679    2.1557902e-18 
2.297690    2.2057563e-18 
2.319701    2.2557224e-18 
2.341713    2.3056885e-18 
2.363725    2.3556546e-18 
2.385736    2.4056207e-18 
2.407747    2.4555868e-18 
2.429759    2.5055529e-18 
2.451770    2.5555190e-18 
2.473782    2.6054851e-18 
2.495793    2.6554512e-18 
2.517805    2.7054173e-18 
2.539817    2.7553835e-18 
2.561828    2.8053496e-18 
2.583840    2.8553157e-18 
2.605851    2.9052818e-18 
2.627862    2.9552479e-18 
2.649874    3.0052140e-18 
2.671886    3.0551801e-18 
2.693897    3.1051462e-18 
2.715908    3.1551123e-18 
2.737920    3.2050784e-18 
2.759931    3.2550445e-18 
2.781943    3.3050106e-18 
2.803954    3.3549767e-18 
2.825966    3.4049428e-18 
2.847977    3.4549089e-18 
2.869989    3.5048750e-18 
2.892000    3.5548411e-18 
2.914012    3.6048072e-18 
2.936023    3.6547733e-18 
2.958035    3.7047394e-18 
2.980046    3.7547056e-18 
3.002058    3.8045276e-18 
3.024069    3.8529529e-18 
3.046081    3.9013782e-18 
3.068092    3.9498035e-18 
3.090104    3.9982288e-18 
3.112116    4.0466541e-18 
3.134127    4.0950794e-18 
3.156138    4.1435047e-18 
3.178150    4.1919300e-18 
3.200162    4.2403553e-18 
3.222173    4.2887806e-18 
3.244184    4.3372059e-18 
3.266196    4.3856312e-18 
3.288207    4.4340565e-18 
3.310219    4.4824818e-18 
3.332230    4.5309071e-18 
3.354242    4.5793324e-18 
3.376253    4.6277577e-18 
3.398265    4.6761830e-18 
3.420276    4.7246083e-18 
3.442288    4.7730336e-18 
3.464299    4.8214589e-18 
3.486311    4.8698842e-18 
3.508322    4.9133160e-18 
3.530334    4.9485344e-18 
3.552345    4.9837528e-18 
3.574357    5.0189712e-18 
3.596369    5.0541896e-18 
3.618380    5.0894080e-18 
3.640391    5.1246264e-18 
3.662403    5.1598448e-18 
3.684414    5.1950632e-18 
3.706426    5.2302816e-18 
3.728438    5.2655000e-18 
3.750449    5.3007184e-18 
3.772460    5.3359368e-18 
3.794472    5.3711552e-18 
3.816483    5.4063736e-18 
3.838495    5.4415920e-18 
3.860506    5.4768104e-18 
3.882518    5.5120288e-18 
3.904529    5.5472472e-18 
3.926541    5.5824656e-18 
3.948552    5.6176840e-18 
3.970564    5.6529024e-18 
3.992575    5.6881208e-18 
4.014587    5.7247979e-18 
4.036598    5.7622174e-18 
4.058610    5.7996370e-18 
4.080622    5.8370566e-18 
4.102633    5.8744761e-18 
4.124644    5.9118956e-18 
4.146656    5.9493152e-18 
4.168668    5.9867348e-18 
4.190679    6.0241543e-18 
4.212690    6.0615738e-18 
4.234702    6.0989934e-18 
4.256714    6.1364129e-18 
4.278725    6.1738325e-18 
4.300736    6.2112520e-18 
4.322748    6.2486716e-18 
4.344760    6.2860912e-18 
4.366771    6.3235107e-18 
4.388782    6.3609302e-18 
4.410794    6.3983498e-18 
4.432805    6.4357693e-18 
4.454817    6.4731889e-18 
4.476828    6.5106084e-18 
4.498840    6.5480280e-18 
4.520852    6.5854475e-18 
4.542863    6.6228671e-18 
4.564875    6.6602866e-18 
4.586886    6.6977062e-18 
4.608898    6.7351257e-18 
4.630909    6.7725453e-18 
4.652920    6.8099648e-18 
4.674932    6.8473844e-18 
4.696943    6.8848039e-18 
4.718955    6.9222235e-18 
4.740966    6.9596430e-18 
4.762978    6.9970626e-18 
4.784990    7.0344821e-18 
4.807001    7.0719017e-18 
4.829013    7.1093213e-18 
4.851024    7.1467408e-18 
4.873035    7.1841603e-18 
4.895047    7.2215799e-18 
4.917059    7.2589994e-18 
4.939070    7.2964190e-18 
4.961081    7.3338385e-18 
4.983093    7.3712581e-18 
5.005105    7.4069981e-18 
5.027116    7.4371752e-18 
5.049127    7.4673522e-18 
5.071139    7.4975293e-18 
5.093151    7.5277063e-18 
5.115162    7.5578834e-18 
5.137173    7.5880604e-18 
5.159185    7.6182375e-18 
5.181197    7.6484146e-18 
5.203208    7.6785916e-18 
5.225219    7.7087687e-18 
5.247231    7.7389457e-18 
5.269242    7.7691228e-18 
5.291254    7.7992998e-18 
5.313265    7.8294769e-18 
5.335277    7.8596540e-18 
5.357289    7.8898310e-18 
5.379300    7.9200081e-18 
5.401311    7.9501851e-18 
5.423323    7.9803622e-18 
5.445335    8.0105392e-18 
5.467346    8.0407163e-18 
5.489357    8.0708933e-18 
5.511369    8.1010704e-18 
5.533380    8.1312475e-18 
5.555392    8.1614245e-18 
5.577403    8.1916016e-18 
5.599415    8.2217786e-18 
5.621427    8.2518200e-18 
5.643438    8.2799037e-18 
5.665449    8.3079873e-18 
5.687461    8.3360709e-18 
5.709472    8.3641546e-18 
5.731484    8.3922382e-18 
5.753496    8.4203218e-18 
5.775507    8.4484055e-18 
5.797518    8.4764891e-18 
5.819530    8.5045728e-18 
5.841542    8.5326564e-18 
5.863553    8.5607400e-18 
5.885564    8.5888237e-18 
5.907576    8.6169073e-18 
5.929588    8.6381884e-18 
5.951599    8.6586276e-18 
5.973610    8.6790669e-18 
5.995622    8.6995061e-18 
6.017634    8.7199454e-18 
6.039645    8.7403846e-18 
6.061656    8.7608239e-18 
6.083668    8.7812631e-18 
6.105679    8.8017024e-18 
6.127691    8.8221416e-18 
6.149702    8.8425809e-18 
6.171714    8.8630201e-18 
6.193726    8.8821915e-18 
6.215737    8.8951394e-18 
6.237748    8.9080874e-18 
6.259760    8.9210353e-18 
6.281772    8.9339832e-18 
6.303783    8.9469312e-18 
6.325794    8.9598791e-18 
6.347806    8.9728271e-18 
6.369817    8.9857750e-18 
6.391829    8.9987229e-18 
6.413840    9.0116709e-18 
6.435852    9.0246188e-18 
6.457864    9.0375668e-18 
6.479875    9.0505147e-18 
6.501886    9.0634626e-18 
6.523898    9.0764106e-18 
6.545909    9.0820752e-18 
6.567921    9.0849462e-18 
6.589932    9.0878173e-18 
6.611944    9.0906883e-18 
6.633955    9.0935594e-18 
6.655967    9.0964305e-18 
6.677979    9.0993015e-18 
6.699990    9.1021726e-18 
6.722001    9.1050437e-18 
6.744013    9.1079147e-18 
6.766025    9.1107858e-18 
6.788036    9.1136569e-18 
6.810047    9.1165279e-18 
6.832059    9.1193990e-18 
6.854071    9.1222701e-18 
6.876082    9.1251411e-18 
6.898093    9.1280122e-18 
6.920105    9.1308833e-18 
6.942117    9.1337543e-18 
6.964128    9.1366254e-18 
6.986139    9.1394965e-18 
7.008151    9.1332666e-18 
7.030163    9.1251010e-18 
7.052174    9.1169355e-18 
7.074185    9.1087699e-18 
7.096197    9.1006043e-18 
7.118209    9.0924388e-18 
7.140220    9.0842732e-18 
7.162231    9.0761077e-18 
7.184243    9.0679421e-18 
7.206255    9.0597766e-18 
7.228266    9.0516110e-18 
7.250277    9.0434454e-18 
7.272289    9.0352799e-18 
7.294301    9.0271143e-18 
7.316312    9.0189488e-18 
7.338323    9.0107832e-18 
7.360335    9.0026177e-18 
7.382346    8.9944521e-18 
7.404358    8.9862865e-18 
7.426369    8.9781210e-18 
7.448381    8.9699554e-18 
7.470392    8.9617899e-18 
7.492404    8.9536243e-18 
7.514415    8.9454588e-18 
7.536427    8.9372932e-18 
7.558438    8.9291277e-18 
7.580450    8.9209621e-18 
7.602462    8.9127965e-18 
7.624473    8.8955270e-18 
7.646484    8.8735155e-18 
7.668496    8.8515040e-18 
7.690508    8.8294925e-18 
7.712519    8.8074810e-18 
7.734530    8.7854695e-18 
7.756542    8.7634580e-18 
7.778554    8.7414465e-18 
7.800565    8.7194350e-18 
7.822576    8.6974235e-18 
7.844588    8.6754120e-18 
7.866600    8.6534005e-18 
7.888611    8.6313890e-18 
7.910622    8.6116903e-18 
7.932634    8.5921474e-18 
7.954646    8.5726045e-18 
7.976657    8.5530615e-18 
7.998668    8.5335186e-18 
8.020680    8.5139757e-18 
8.042692    8.4944328e-18 
8.064703    8.4748899e-18 
8.086714    8.4553469e-18 
8.108726    8.4358040e-18 
8.130738    8.4162611e-18 
8.152749    8.3967182e-18 
8.174760    8.3771753e-18 
8.196772    8.3576323e-18 
8.218784    8.3380894e-18 
8.240795    8.3185465e-18 
8.262806    8.2990036e-18 
8.284818    8.2794607e-18 
8.306829    8.2599177e-18 
8.328841    8.2403748e-18 
8.350852    8.2208319e-18 
8.372864    8.2012890e-18 
8.394875    8.1817461e-18 
8.416887    8.1622031e-18 
8.438898    8.1426602e-18 
8.460910    8.1231173e-18 
8.482921    8.1035744e-18 
8.504933    8.0840314e-18 
8.526945    8.0644885e-18 
8.548956    8.0449456e-18 
8.570968    8.0254027e-18 
8.592979    8.0058598e-18 
8.614991    7.9863168e-18 
8.637002    7.9667739e-18 
8.659014    7.9472310e-18 
8.681025    7.9276881e-18 
8.703036    7.9081452e-18 
8.725048    7.8886022e-18 
8.747059    7.8690593e-18 
8.769071    7.8495164e-18 
8.791082    7.8299735e-18 
8.813094    7.8104306e-18 
8.835105    7.7908876e-18 
8.857117    7.7713447e-18 
8.879128    7.7518018e-18 
8.901140    7.7322589e-18 
8.923151    7.7127160e-18 
8.945163    7.6931730e-18 
8.967175    7.6740877e-18 
8.989186    7.6559486e-18 
9.011197    7.6378095e-18 
9.033209    7.6196704e-18 
9.055221    7.6015313e-18 
9.077232    7.5833921e-18 
9.099244    7.5652530e-18 
9.121255    7.5471139e-18 
9.143266    7.5289748e-18 
9.165278    7.5108357e-18 
9.187289    7.4926966e-18 
9.209301    7.4745575e-18 
9.231312    7.4564184e-18 
9.253324    7.4382793e-18 
9.275335    7.4201402e-18 
9.297347    7.4020011e-18 
9.319358    7.3838620e-18 
9.341370    7.3657229e-18 
9.363381    7.3475838e-18 
9.385393    7.3294447e-18 
9.407405    7.3113056e-18 
9.429416    7.2931664e-18 
9.451427    7.2750273e-18 
9.473439    7.2568882e-18 
9.495451    7.2387491e-18 
9.517462    7.2206100e-18 
9.539473    7.2024709e-18 
9.561485    7.1843318e-18 
9.583496    7.1661927e-18 
9.605508    7.1480536e-18 
9.627519    7.1299145e-18 
9.649531    7.1117754e-18 
9.671542    7.0936363e-18 
9.693554    7.0754972e-18 
9.715565    7.0573581e-18 
9.737577    7.0392190e-18 
9.759588    7.0210798e-18 
9.781600    7.0029407e-18 
9.803611    6.9848016e-18 
9.825623    6.9666625e-18 
9.847634    6.9485234e-18 
9.869646    6.9303843e-18 
9.891657    6.9122452e-18 
9.913669    6.8941061e-18 
9.935681    6.8759670e-18 
9.957692    6.8578279e-18 
9.979703    6.8396888e-18 
10.001715    6.8215497e-18 
10.023726    6.8034106e-18 
10.045738    6.7870535e-18 
10.067749    6.7757503e-18 
10.089761    6.7644471e-18 
10.111772    6.7531439e-18 
10.133784    6.7418406e-18 
10.155795    6.7305374e-18 
10.177807    6.7192342e-18 
10.199818    6.7079310e-18 
10.221830    6.6966278e-18 
10.243842    6.6853246e-18 
10.265853    6.6740214e-18 
10.287864    6.6627182e-18 
10.309876    6.6514150e-18 
10.331888    6.6401118e-18 
10.353899    6.6288086e-18 
10.375910    6.6175054e-18 
10.397922    6.6062022e-18 
10.419933    6.5948990e-18 
10.441945    6.5835958e-18 
10.463956    6.5722926e-18 
10.485968    6.5609894e-18 
10.507979    6.5496862e-18 
10.529991    6.5383830e-18 
10.552002    6.5270798e-18 
10.574014    6.5157766e-18 
10.596025    6.5044734e-18 
10.618037    6.4931702e-18 
10.640048    6.4818670e-18 
10.662060    6.4705638e-18 
10.684071    6.4592606e-18 
10.706083    6.4479574e-18 
10.728094    6.4366542e-18 
10.750106    6.4253510e-18 
10.772118    6.4140478e-18 
10.794129    6.4027446e-18 
10.816140    6.3914414e-18 
10.838152    6.3801382e-18 
10.860163    6.3688350e-18 
10.882175    6.3575318e-18 
10.904186    6.3462286e-18 
10.926198    6.3349254e-18 
10.948209    6.3236221e-18 
10.970221    6.3123189e-18 
10.992233    6.3010157e-18 
11.014244    6.2897125e-18 
11.036255    6.2784093e-18 
11.058267    6.2671061e-18 
11.080279    6.2558029e-18 
11.102290    6.2444997e-18 
11.124301    6.2331965e-18 
11.146313    6.2218933e-18 
11.168325    6.2105901e-18 
11.190336    6.1992869e-18 
11.212347    6.1879837e-18 
11.234359    6.1766805e-18 
11.256370    6.1653773e-18 
11.278382    6.1540741e-18 
11.300393    6.1427709e-18 
11.322405    6.1314677e-18 
11.344416    6.1201645e-18 
11.366428    6.1088613e-18 
11.388439    6.0975581e-18 
11.410451    6.0862549e-18 
11.432462    6.0749517e-18 
11.454474    6.0636485e-18 
11.476485    6.0523453e-18 
11.498497    6.0410421e-18 
11.520509    6.0297389e-18 
11.542520    6.0184357e-18 
11.564531    6.0071325e-18 
11.586543    5.9958293e-18 
11.608555    5.9845261e-18 
11.630566    5.9732229e-18 
11.652577    5.9619197e-18 
11.674589    5.9506165e-18 
11.696600    5.9393133e-18 
11.718612    5.9280101e-18 
11.740623    5.9167069e-18 
11.762635    5.9054036e-18 
11.784646    5.8941004e-18 
11.806658    5.8827972e-18 
11.828670    5.8714940e-18 
11.850681    5.8601908e-18 
11.872692    5.8488876e-18 
11.894704    5.8375844e-18 
11.916716    5.8262812e-18 
11.938727    5.8149780e-18 
11.960738    5.8036748e-18 
11.982750    5.7923716e-18 
12.004762    5.7810684e-18 
12.026773    5.7697652e-18 
12.048784    5.7584620e-18 
12.070796    5.7471588e-18 
12.092807    5.7358556e-18 
12.114819    5.7245524e-18 
12.136830    5.7132492e-18 
12.158842    5.7019460e-18 
12.180853    5.6906428e-18 
12.202865    5.6793396e-18 
12.224876    5.6680364e-18 
12.246888    5.6567332e-18 
12.268899    5.6454300e-18 
12.290911    5.6341268e-18 
12.312922    5.6228236e-18 
12.334934    5.6115204e-18 
12.356946    5.6002172e-18 
12.378957    5.5889140e-18 
12.400968    5.5776108e-18 
12.422980    5.5663076e-18 
12.444991    5.5550044e-18 
12.467003    5.5437012e-18 
12.489014    5.5323980e-18 
12.511026    5.5210948e-18 
12.533037    5.5097916e-18 
12.555049    5.4984884e-18 
12.577060    5.4871851e-18 
12.599072    5.4758819e-18 
12.621083    5.4645787e-18 
12.643095    5.4532755e-18 
12.665106    5.4419723e-18 
12.687118    5.4306691e-18 
12.709129    5.4193659e-18 
12.731141    5.4080627e-18 
12.753153    5.3967595e-18 
12.775164    5.3854563e-18 
12.797175    5.3741531e-18 
12.819187    5.3628499e-18 
12.841199    5.3515467e-18 
12.863210    5.3402435e-18 
12.885221    5.3289403e-18 
12.907233    5.3176371e-18 
12.929244    5.3063339e-18 
12.951256    5.2950307e-18 
12.973267    5.2837275e-18 
12.995279    5.2724243e-18 
13.017290    5.2640718e-18 
13.039302    5.2565250e-18 
13.061313    5.2489782e-18 
13.083325    5.2414314e-18 
13.105336    5.2338846e-18 
13.127348    5.2263378e-18 
13.149359    5.2187910e-18 
13.171371    5.2112442e-18 
13.193383    5.2036974e-18 
13.215394    5.1961506e-18 
13.237405    5.1886038e-18 
13.259417    5.1810570e-18 
13.281428    5.1735102e-18 
13.303440    5.1659634e-18 
13.325451    5.1584166e-18 
13.347463    5.1508698e-18 
13.369474    5.1433230e-18 
13.391486    5.1357762e-18 
13.413497    5.1282294e-18 
13.435509    5.1206826e-18 
13.457520    5.1131358e-18 
13.479532    5.1055890e-18 
13.501543    5.0980422e-18 
13.523555    5.0904954e-18 
13.545566    5.0829486e-18 
13.567578    5.0754018e-18 
13.589589    5.0678550e-18 
13.611601    5.0603082e-18 
13.633612    5.0527614e-18 
13.655624    5.0452146e-18 
13.677636    5.0376678e-18 
13.699647    5.0301210e-18 
13.721658    5.0225742e-18 
13.743670    5.0150274e-18 
13.765681    5.0074806e-18 
13.787693    4.9999338e-18 
13.809704    4.9923870e-18 
13.831716    4.9848402e-18 
13.853727    4.9772934e-18 
13.875739    4.9697466e-18 
13.897750    4.9621998e-18 
13.919762    4.9546530e-18 
13.941774    4.9471062e-18 
13.963785    4.9395594e-18 
13.985796    4.9320126e-18 
14.007808    4.9244658e-18 
14.029820    4.9169190e-18 
14.051831    4.9093722e-18 
14.073842    4.9018254e-18 
14.095854    4.8942786e-18 
14.117865    4.8867318e-18 
14.139877    4.8791850e-18 
14.161888    4.8716382e-18 
14.183900    4.8640914e-18 
14.205911    4.8565446e-18 
14.227923    4.8489978e-18 
14.249934    4.8414510e-18 
14.271946    4.8339042e-18 
14.293957    4.8263574e-18 
14.315969    4.8188106e-18 
14.337980    4.8112638e-18 
14.359992    4.8037170e-18 
14.382003    4.7961702e-18 
14.404015    4.7886234e-18 
14.426026    4.7810766e-18 
14.448038    4.7735298e-18 
14.470050    4.7659830e-18 
14.492061    4.7584362e-18 
14.514072    4.7508894e-18 
14.536084    4.7433426e-18 
14.558095    4.7357958e-18 
14.580107    4.7282490e-18 
14.602118    4.7207022e-18 
14.624130    4.7131554e-18 
14.646141    4.7056086e-18 
14.668153    4.6980618e-18 
14.690164    4.6905150e-18 
14.712176    4.6829682e-18 
14.734187    4.6754214e-18 
14.756199    4.6678746e-18 
14.778211    4.6603278e-18 
14.800222    4.6527810e-18 
14.822233    4.6452342e-18 
14.844245    4.6376874e-18 
14.866257    4.6301406e-18 
14.888268    4.6225938e-18 
14.910279    4.6150470e-18 
14.932291    4.6075002e-18 
14.954302    4.5999534e-18 
14.976314    4.5924066e-18 
14.998325    4.5848598e-18 
15.020337    4.5773130e-18 
15.042348    4.5697662e-18 
15.064360    4.5622194e-18 
15.086371    4.5546726e-18 
15.108383    4.5476248e-18 
15.130394    4.5413882e-18 
15.152406    4.5351516e-18 
15.174417    4.5289150e-18 
15.196429    4.5226785e-18 
15.218440    4.5164419e-18 
15.240452    4.5102053e-18 
15.262463    4.5039687e-18 
15.284475    4.4977321e-18 
15.306487    4.4914955e-18 
15.328498    4.4852589e-18 
15.350509    4.4790223e-18 
15.372521    4.4727857e-18 
15.394532    4.4665491e-18 
15.416544    4.4603125e-18 
15.438555    4.4540759e-18 
15.460567    4.4478393e-18 
15.482578    4.4416028e-18 
15.504590    4.4353662e-18 
15.526601    4.4291296e-18 
15.548613    4.4228930e-18 
15.570624    4.4166564e-18 
15.592636    4.4104198e-18 
15.614648    4.4041832e-18 
15.636659    4.3979466e-18 
15.658670    4.3917100e-18 
15.680682    4.3854734e-18 
15.702694    4.3792368e-18 
15.724705    4.3730002e-18 
15.746717    4.3667637e-18 
15.768728    4.3605271e-18 
15.790740    4.3542905e-18 
15.812751    4.3480539e-18 
15.834762    4.3418173e-18 
15.856774    4.3355807e-18 
15.878785    4.3293441e-18 
15.900797    4.3231075e-18 
15.922809    4.3168709e-18 
15.944820    4.3106343e-18 
15.966832    4.3043977e-18 
15.988843    4.2981612e-18 
16.010854    4.2919246e-18 
16.032866    4.2856880e-18 
16.054877    4.2794514e-18 
16.076889    4.2732148e-18 
16.098900    4.2669782e-18 
16.120912    4.2607416e-18 
16.142924    4.2545050e-18 
16.164935    4.2482684e-18 
16.186946    4.2420318e-18 
16.208958    4.2357952e-18 
16.230970    4.2295586e-18 
16.252981    4.2233220e-18 
16.274992    4.2170855e-18 
16.297004    4.2108489e-18 
16.319016    4.2046123e-18 
16.341027    4.1983757e-18 
16.363038    4.1921391e-18 
16.385050    4.1859025e-18 
16.407061    4.1796659e-18 
16.429073    4.1734293e-18 
16.451085    4.1671927e-18 
16.473096    4.1609561e-18 
16.495107    4.1547195e-18 
16.517119    4.1484829e-18 
16.539131    4.1422464e-18 
16.561142    4.1360098e-18 
16.583153    4.1297732e-18 
16.605165    4.1235366e-18 
16.627177    4.1173000e-18 
16.649188    4.1110634e-18 
16.671200    4.1048268e-18 
16.693211    4.0985902e-18 
16.715223    4.0923536e-18 
16.737234    4.0861170e-18 
16.759246    4.0798804e-18 
16.781257    4.0736438e-18 
16.803269    4.0674073e-18 
16.825280    4.0611707e-18 
16.847292    4.0549341e-18 
16.869303    4.0486975e-18 
16.891315    4.0424609e-18 
16.913326    4.0362243e-18 
16.935338    4.0299877e-18 
16.957349    4.0237511e-18 
16.979360    4.0175145e-18 
17.001372    4.0112779e-18 
17.023384    4.0050413e-18 
17.045395    3.9988047e-18 
17.067407    3.9925682e-18 
17.089418    3.9863316e-18 
17.111430    3.9800950e-18 
17.133441    3.9738584e-18 
17.155452    3.9676218e-18 
17.177464    3.9613852e-18 
17.199476    3.9551486e-18 
17.221487    3.9489120e-18 
17.243499    3.9426754e-18 
17.265510    3.9364388e-18 
17.287522    3.9302022e-18 
17.309533    3.9239656e-18 
17.331544    3.9177291e-18 
17.353556    3.9114925e-18 
17.375567    3.9052559e-18 
17.397579    3.8990193e-18 
17.419591    3.8927827e-18 
17.441602    3.8865461e-18 
17.463614    3.8803095e-18 
17.485625    3.8740729e-18 
17.507637    3.8683963e-18 
17.529648    3.8637739e-18 
17.551659    3.8591515e-18 
17.573671    3.8545291e-18 
17.595683    3.8499067e-18 
17.617694    3.8452843e-18 
17.639706    3.8406618e-18 
17.661717    3.8360394e-18 
17.683729    3.8314170e-18 
17.705740    3.8267946e-18 
17.727752    3.8221722e-18 
17.749763    3.8175498e-18 
17.771774    3.8129274e-18 
17.793786    3.8083049e-18 
17.815798    3.8036825e-18 
17.837809    3.7990601e-18 
17.859821    3.7944377e-18 
17.881832    3.7898153e-18 
17.903844    3.7851929e-18 
17.925855    3.7805705e-18 
17.947866    3.7759480e-18 
17.969878    3.7713256e-18 
17.991890    3.7667032e-18 
18.013901    3.7620808e-18 
18.035913    3.7574584e-18 
18.057924    3.7528360e-18 
18.079935    3.7482135e-18 
18.101947    3.7435911e-18 
18.123959    3.7389687e-18 
18.145970    3.7343463e-18 
18.167981    3.7297239e-18 
18.189993    3.7251015e-18 
18.212005    3.7204791e-18 
18.234016    3.7158566e-18 
18.256027    3.7112342e-18 
18.278039    3.7066118e-18 
18.300051    3.7019894e-18 
18.322062    3.6973670e-18 
18.344074    3.6927446e-18 
18.366085    3.6881221e-18 
18.388097    3.6834997e-18 
18.410108    3.6788773e-18 
18.432120    3.6742549e-18 
18.454131    3.6696325e-18 
18.476143    3.6650101e-18 
18.498154    3.6603877e-18 
18.520166    3.6557652e-18 
18.542177    3.6511428e-18 
18.564189    3.6465204e-18 
18.586200    3.6418980e-18 
18.608212    3.6372756e-18 
18.630223    3.6326532e-18 
18.652234    3.6280308e-18 
18.674246    3.6234083e-18 
18.696258    3.6187859e-18 
18.718269    3.6141635e-18 
18.740281    3.6095411e-18 
18.762292    3.6049187e-18 
18.784304    3.6002963e-18 
18.806315    3.5956738e-18 
18.828326    3.5910514e-18 
18.850338    3.5864290e-18 
18.872350    3.5818066e-18 
18.894361    3.5771842e-18 
18.916373    3.5725618e-18 
18.938384    3.5679394e-18 
18.960396    3.5633169e-18 
18.982407    3.5586945e-18 
19.004418    3.5540721e-18 
19.026430    3.5494497e-18 
19.048441    3.5448273e-18 
19.070453    3.5402049e-18 
19.092465    3.5355825e-18 
19.114476    3.5309600e-18 
19.136488    3.5263376e-18 
19.158499    3.5217152e-18 
19.180511    3.5170928e-18 
19.202522    3.5124704e-18 
19.224533    3.5078480e-18 
19.246545    3.5032256e-18 
19.268557    3.4986031e-18 
19.290568    3.4939807e-18 
19.312580    3.4893583e-18 
19.334591    3.4847359e-18 
19.356603    3.4801135e-18 
19.378614    3.4754911e-18 
19.400626    3.4708686e-18 
19.422637    3.4662462e-18 
19.444648    3.4616238e-18 
19.466660    3.4570014e-18 
19.488672    3.4523790e-18 
19.510683    3.4477566e-18 
19.532695    3.4431342e-18 
19.554706    3.4385117e-18 
19.576718    3.4338893e-18 
19.598729    3.4292669e-18 
19.620741    3.4246445e-18 
19.642752    3.4200221e-18 
19.664764    3.4153997e-18 
19.686775    3.4107772e-18 
19.708787    3.4061548e-18 
19.730798    3.4015324e-18 
19.752809    3.3969100e-18 
19.774821    3.3922876e-18 
19.796833    3.3876652e-18 
19.818844    3.3830428e-18 
19.840855    3.3784203e-18 
19.862867    3.3737979e-18 
19.884879    3.3691755e-18 
19.906890    3.3645531e-18 
19.928901    3.3599307e-18 
19.950913    3.3553083e-18 
19.972925    3.3506859e-18 
19.994936    3.3460634e-18 
20.016948    3.3414410e-18 
20.038959    3.3368186e-18 
20.060971    3.3321962e-18 
20.082982    3.3275738e-18 
20.104993    3.3229514e-18 
20.127005    3.3183289e-18 
20.149017    3.3137065e-18 
20.171028    3.3090841e-18 
20.193040    3.3044617e-18 
20.215051    3.2998393e-18 
20.237063    3.2952169e-18 
20.259074    3.2905945e-18 
20.281086    3.2859720e-18 
20.303097    3.2813496e-18 
20.325108    3.2767272e-18 
20.347120    3.2721048e-18 
20.369132    3.2674824e-18 
20.391143    3.2628600e-18 
20.413155    3.2582376e-18 
20.435166    3.2536151e-18 
20.457178    3.2489927e-18 
20.479189    3.2443703e-18 
20.501200    3.2398145e-18 
20.523212    3.2364127e-18 
20.545224    3.2330109e-18 
20.567235    3.2296091e-18 
20.589247    3.2262074e-18 
20.611258    3.2228056e-18 
20.633270    3.2194038e-18 
20.655281    3.2160020e-18 
20.677293    3.2126003e-18 
20.699304    3.2091985e-18 
20.721315    3.2057967e-18 
20.743327    3.2023949e-18 
20.765339    3.1989931e-18 
20.787350    3.1955914e-18 
20.809362    3.1921896e-18 
20.831373    3.1887878e-18 
20.853385    3.1853860e-18 
20.875396    3.1819843e-18 
20.897407    3.1785825e-18 
20.919419    3.1751807e-18 
20.941431    3.1717789e-18 
20.963442    3.1683771e-18 
20.985454    3.1649754e-18 
21.007465    3.1615736e-18 
21.029476    3.1581718e-18 
21.051488    3.1547700e-18 
21.073500    3.1513683e-18 
21.095511    3.1479665e-18 
21.117522    3.1445647e-18 
21.139534    3.1411629e-18 
21.161546    3.1377611e-18 
21.183557    3.1343594e-18 
21.205569    3.1309576e-18 
21.227580    3.1275558e-18 
21.249592    3.1241540e-18 
21.271603    3.1207523e-18 
21.293615    3.1173505e-18 
21.315626    3.1139487e-18 
21.337638    3.1105469e-18 
21.359649    3.1071452e-18 
21.381661    3.1037434e-18 
21.403672    3.1003416e-18 
21.425683    3.0969398e-18 
21.447695    3.0935380e-18 
21.469707    3.0901363e-18 
21.491718    3.0867345e-18 
21.513730    3.0833327e-18 
21.535741    3.0799309e-18 
21.557753    3.0765292e-18 
21.579764    3.0731274e-18 
21.601775    3.0697256e-18 
21.623787    3.0663238e-18 
21.645799    3.0629220e-18 
21.667810    3.0595203e-18 
21.689822    3.0561185e-18 
21.711833    3.0527167e-18 
21.733845    3.0493149e-18 
21.755856    3.0459132e-18 
21.777867    3.0425114e-18 
21.799879    3.0391096e-18 
21.821890    3.0357078e-18 
21.843902    3.0323061e-18 
21.865914    3.0289043e-18 
21.887925    3.0255025e-18 
21.909937    3.0221007e-18 
21.931948    3.0186989e-18 
21.953959    3.0152972e-18 
21.975971    3.0118954e-18 
21.997982    3.0084936e-18 
22.019994    3.0050918e-18 
22.042006    3.0016901e-18 
22.064017    2.9982883e-18 
22.086029    2.9948865e-18 
22.108040    2.9914847e-18 
22.130052    2.9880829e-18 
22.152063    2.9846812e-18 
22.174074    2.9812794e-18 
22.196086    2.9778776e-18 
22.218098    2.9744758e-18 
22.240109    2.9710741e-18 
22.262121    2.9676723e-18 
22.284132    2.9642705e-18 
22.306144    2.9608687e-18 
22.328155    2.9574670e-18 
22.350167    2.9540652e-18 
22.372178    2.9506634e-18 
22.394189    2.9472616e-18 
22.416201    2.9438598e-18 
22.438213    2.9404581e-18 
22.460224    2.9370563e-18 
22.482236    2.9336545e-18 
22.504247    2.9302527e-18 
22.526259    2.9268510e-18 
22.548270    2.9234492e-18 
22.570282    2.9200474e-18 
22.592293    2.9166456e-18 
22.614305    2.9132438e-18 
22.636316    2.9098421e-18 
22.658328    2.9064403e-18 
22.680339    2.9030385e-18 
22.702350    2.8996367e-18 
22.724362    2.8962350e-18 
22.746374    2.8928332e-18 
22.768385    2.8894314e-18 
22.790396    2.8860296e-18 
22.812408    2.8826279e-18 
22.834420    2.8792261e-18 
22.856431    2.8758243e-18 
22.878442    2.8724225e-18 
22.900454    2.8690207e-18 
22.922466    2.8656190e-18 
22.944477    2.8622172e-18 
22.966489    2.8588154e-18 
22.988500    2.8554136e-18 
23.010512    2.8520119e-18 
23.032523    2.8486101e-18 
23.054535    2.8452083e-18 
23.076546    2.8418065e-18 
23.098557    2.8384047e-18 
23.120569    2.8350030e-18 
23.142581    2.8316012e-18 
23.164592    2.8281994e-18 
23.186604    2.8247976e-18 
23.208615    2.8213959e-18 
23.230627    2.8179941e-18 
23.252638    2.8145923e-18 
23.274649    2.8111905e-18 
23.296661    2.8077888e-18 
23.318673    2.8043870e-18 
23.340684    2.8009852e-18 
23.362696    2.7975834e-18 
23.384707    2.7941816e-18 
23.406719    2.7907799e-18 
23.428730    2.7873781e-18 
23.450741    2.7839763e-18 
23.472753    2.7805745e-18 
23.494764    2.7771728e-18 
23.516776    2.7737710e-18 
23.538788    2.7703692e-18 
23.560799    2.7669674e-18 
23.582811    2.7635656e-18 
23.604822    2.7601639e-18 
23.626834    2.7567621e-18 
23.648845    2.7533603e-18 
23.670856    2.7499585e-18 
23.692868    2.7465568e-18 
23.714880    2.7431550e-18 
23.736891    2.7397532e-18 
23.758903    2.7363514e-18 
23.780914    2.7329497e-18 
23.802926    2.7295479e-18 
23.824937    2.7261461e-18 
23.846948    2.7227443e-18 
23.868960    2.7193425e-18 
23.890972    2.7159408e-18 
23.912983    2.7125390e-18 
23.934995    2.7091372e-18 
23.957006    2.7057354e-18 
23.979017    2.7023337e-18 
24.001029    2.6989319e-18 
24.023041    2.6955301e-18 
24.045052    2.6921283e-18 
24.067063    2.6887266e-18 
24.089075    2.6853248e-18 
24.111087    2.6819230e-18 
24.133098    2.6785212e-18 
24.155110    2.6751194e-18 
24.177121    2.6717177e-18 
24.199133    2.6683159e-18 
24.221144    2.6649141e-18 
24.243156    2.6615123e-18 
24.265167    2.6581106e-18 
24.287179    2.6547088e-18 
24.309190    2.6513070e-18 
24.331202    2.6479052e-18 
24.353213    2.6445034e-18 
24.375224    2.6411017e-18 
24.397236    2.6376999e-18 
24.419248    2.6342981e-18 
24.441259    2.6308963e-18 
24.463271    2.6274946e-18 
24.485282    2.6240928e-18 
24.507294    2.6206910e-18 
24.529305    2.6172892e-18 
24.551316    2.6138875e-18 
24.573328    2.6104857e-18 
24.595340    2.6070839e-18 
24.617351    2.6036821e-18 
24.639363    2.6002803e-18 
24.661374    2.5968786e-18 
24.683386    2.5934768e-18 
24.705397    2.5900750e-18 
24.727408    2.5866732e-18 
24.749420    2.5832715e-18 
24.771431    2.5798697e-18 
24.793443    2.5764679e-18 
24.815455    2.5730661e-18 
24.837466    2.5696643e-18 
24.859478    2.5662626e-18 
24.881489    2.5628608e-18 
24.903500    2.5596500e-18 
24.925512    2.5574488e-18 
24.947523    2.5552477e-18 
24.969535    2.5530465e-18 
24.991547    2.5508453e-18 
25.013558    2.5486442e-18 
25.035570    2.5464430e-18 
25.057581    2.5442419e-18 
25.079593    2.5420407e-18 
25.101604    2.5398396e-18 
25.123615    2.5376385e-18 
25.145627    2.5354373e-18 
25.167638    2.5332362e-18 
25.189650    2.5310350e-18 
25.211662    2.5288338e-18 
25.233673    2.5266327e-18 
25.255685    2.5244316e-18 
25.277696    2.5222304e-18 
25.299708    2.5200292e-18 
25.321719    2.5178281e-18 
25.343730    2.5156270e-18 
25.365742    2.5134258e-18 
25.387754    2.5112246e-18 
25.409765    2.5090235e-18 
25.431777    2.5068223e-18 
25.453788    2.5046212e-18 
25.475800    2.5024200e-18 
25.497811    2.5002189e-18 
25.519823    2.4980177e-18 
25.541834    2.4958166e-18 
25.563845    2.4936154e-18 
25.585857    2.4914143e-18 
25.607869    2.4892131e-18 
25.629880    2.4870120e-18 
25.651891    2.4848108e-18 
25.673903    2.4826097e-18 
25.695915    2.4804085e-18 
25.717926    2.4782074e-18 
25.739937    2.4760062e-18 
25.761949    2.4738051e-18 
25.783961    2.4716039e-18 
25.805972    2.4694028e-18 
25.827983    2.4672017e-18 
25.849995    2.4650005e-18 
25.872007    2.4627993e-18 
25.894018    2.4605982e-18 
25.916030    2.4583971e-18 
25.938041    2.4561959e-18 
25.960053    2.4539947e-18 
25.982064    2.4517936e-18 
26.004076    2.4495925e-18 
26.026087    2.4473913e-18 
26.048098    2.4451902e-18 
26.070110    2.4429890e-18 
26.092122    2.4407878e-18 
26.114133    2.4385867e-18 
26.136145    2.4363856e-18 
26.158156    2.4341844e-18 
26.180168    2.4319832e-18 
26.202179    2.4297821e-18 
26.224190    2.4275810e-18 
26.246202    2.4253798e-18 
26.268214    2.4231786e-18 
26.290225    2.4209775e-18 
26.312237    2.4187764e-18 
26.334248    2.4165752e-18 
26.356260    2.4143740e-18 
26.378271    2.4121729e-18 
26.400282    2.4099718e-18 
26.422294    2.4077706e-18 
26.444305    2.4055694e-18 
26.466317    2.4033683e-18 
26.488329    2.4011671e-18 
26.510340    2.3989660e-18 
26.532352    2.3967648e-18 
26.554363    2.3945637e-18 
26.576375    2.3923625e-18 
26.598386    2.3901614e-18 
26.620397    2.3879602e-18 
26.642409    2.3857591e-18 
26.664421    2.3835579e-18 
26.686432    2.3813568e-18 
26.708444    2.3791556e-18 
26.730455    2.3769545e-18 
26.752467    2.3747533e-18 
26.774478    2.3725522e-18 
26.796489    2.3703510e-18 
26.818501    2.3681499e-18 
26.840512    2.3659488e-18 
26.862524    2.3637476e-18 
26.884536    2.3615464e-18 
26.906547    2.3593453e-18 
26.928559    2.3571441e-18 
26.950570    2.3549430e-18 
26.972582    2.3527418e-18 
26.994593    2.3505407e-18 
27.016604    2.3483396e-18 
27.038616    2.3461384e-18 
27.060628    2.3439372e-18 
27.082639    2.3417361e-18 
27.104651    2.3395349e-18 
27.126662    2.3373338e-18 
27.148674    2.3351326e-18 
27.170685    2.3329315e-18 
27.192697    2.3307303e-18 
27.214708    2.3285292e-18 
27.236719    2.3263281e-18 
27.258731    2.3241269e-18 
27.280743    2.3219258e-18 
27.302754    2.3197246e-18 
27.324765    2.3175235e-18 
27.346777    2.3153223e-18 
27.368789    2.3131212e-18 
27.390800    2.3109200e-18 
27.412812    2.3087188e-18 
27.434823    2.3065177e-18 
27.456835    2.3043165e-18 
27.478846    2.3021154e-18 
27.500857    2.2999142e-18 
27.522869    2.2977131e-18 
27.544881    2.2955119e-18 
27.566892    2.2933108e-18 
27.588904    2.2911096e-18 
27.610915    2.2889085e-18 
27.632927    2.2867073e-18 
27.654938    2.2845062e-18 
27.676949    2.2823051e-18 
27.698961    2.2801039e-18 
27.720972    2.2779027e-18 
27.742984    2.2757016e-18 
27.764996    2.2735004e-18 
27.787007    2.2712993e-18 
27.809019    2.2690981e-18 
27.831030    2.2668970e-18 
27.853042    2.2646958e-18 
27.875053    2.2624947e-18 
27.897064    2.2602936e-18 
27.919076    2.2580924e-18 
27.941088    2.2558912e-18 
27.963099    2.2536901e-18 
27.985111    2.2514889e-18 
28.007122    2.2492878e-18 
28.029134    2.2470866e-18 
28.051145    2.2448855e-18 
28.073156    2.2426844e-18 
28.095168    2.2404832e-18 
28.117179    2.2382821e-18 
28.139191    2.2360809e-18 
28.161203    2.2338797e-18 
28.183214    2.2316786e-18 
28.205226    2.2294774e-18 
28.227237    2.2272763e-18 
28.249249    2.2250751e-18 
28.271260    2.2228740e-18 
28.293271    2.2206728e-18 
28.315283    2.2184717e-18 
28.337295    2.2162705e-18 
28.359306    2.2140694e-18 
28.381318    2.2118682e-18 
28.403329    2.2096671e-18 
28.425341    2.2074659e-18 
28.447352    2.2052648e-18 
28.469364    2.2030636e-18 
28.491375    2.2008625e-18 
28.513386    2.1986614e-18 
28.535398    2.1964602e-18 
28.557410    2.1942590e-18 
28.579421    2.1920579e-18 
28.601432    2.1898568e-18 
28.623444    2.1876556e-18 
28.645456    2.1854544e-18 
28.667467    2.1832533e-18 
28.689478    2.1810522e-18 
28.711490    2.1788510e-18 
28.733502    2.1766498e-18 
28.755513    2.1744487e-18 
28.777525    2.1722475e-18 
28.799536    2.1700464e-18 
28.821548    2.1678452e-18 
28.843559    2.1656441e-18 
28.865571    2.1634429e-18 
28.887582    2.1612418e-18 
28.909593    2.1590406e-18 
28.931605    2.1568395e-18 
28.953617    2.1546383e-18 
28.975628    2.1524372e-18 
28.997639    2.1502360e-18 
29.019651    2.1480349e-18 
29.041663    2.1458337e-18 
29.063674    2.1436326e-18 
29.085686    2.1414314e-18 
29.107697    2.1392303e-18 
29.129709    2.1370291e-18 
29.151720    2.1348280e-18 
29.173731    2.1326268e-18 
29.195743    2.1304257e-18 
29.217755    2.1282245e-18 
29.239766    2.1260234e-18 
29.261778    2.1238222e-18 
29.283789    2.1216211e-18 
29.305801    2.1194199e-18 
29.327812    2.1172188e-18 
29.349823    2.1150176e-18 
29.371835    2.1128165e-18 
29.393846    2.1106153e-18 
29.415858    2.1084142e-18 
29.437870    2.1062130e-18 
29.459881    2.1040119e-18 
29.481893    2.1018108e-18 
29.503904    2.0996096e-18 
29.525915    2.0974084e-18 
29.547927    2.0952073e-18 
29.569938    2.0930061e-18 
29.591950    2.0908050e-18 
29.613962    2.0886038e-18 
29.635973    2.0864027e-18 
29.657985    2.0842015e-18 
29.679996    2.0820004e-18 
29.702008    2.0797992e-18 
29.724019    2.0775981e-18 
29.746030    2.0753969e-18 
29.768042    2.0731958e-18 
29.790053    2.0709946e-18 
29.812065    2.0687935e-18 
29.834077    2.0665923e-18 
29.856088    2.0643912e-18 
29.878100    2.0621900e-18 
29.900111    2.0599889e-18 
29.922123    2.0577877e-18 
29.944134    2.0555866e-18 
29.966145    2.0533854e-18 
29.988157    2.0511843e-18 
30.010169    2.0489831e-18 
30.032180    2.0467820e-18 
30.054192    2.0445808e-18 
30.076203    2.0423797e-18 
30.098215    2.0401786e-18 
30.120226    2.0379774e-18 
30.142238    2.0357762e-18 
30.164249    2.0335751e-18 
30.186260    2.0313739e-18 
30.208272    2.0291728e-18 
30.230284    2.0269716e-18 
30.252295    2.0247705e-18 
30.274306    2.0225693e-18 
30.296318    2.0203682e-18 
30.318330    2.0181670e-18 
30.340341    2.0159659e-18 
30.362353    2.0137647e-18 
30.384364    2.0115636e-18 
30.406376    2.0093624e-18 
30.428387    2.0071613e-18 
30.450398    2.0049602e-18 
30.472410    2.0027590e-18 
30.494422    2.0005578e-18 
30.516433    1.9983567e-18 
30.538445    1.9961556e-18 
30.560456    1.9939544e-18 
30.582467    1.9917532e-18 
30.604479    1.9895521e-18 
30.626491    1.9873509e-18 
30.648502    1.9851498e-18 
30.670513    1.9829486e-18 
30.692525    1.9807475e-18 
30.714537    1.9785463e-18 
30.736548    1.9763452e-18 
30.758560    1.9741440e-18 
30.780571    1.9719429e-18 
30.802583    1.9697417e-18 
30.824594    1.9675406e-18 
30.846605    1.9653394e-18 
30.868617    1.9631383e-18 
30.890629    1.9609371e-18 
30.912640    1.9592616e-18 
30.934652    1.9579758e-18 
30.956663    1.9566900e-18 
30.978675    1.9554042e-18 
31.000686    1.9541183e-18 
31.022697    1.9528325e-18 
31.044709    1.9515467e-18 
31.066720    1.9502609e-18 
31.088732    1.9489751e-18 
31.110744    1.9476892e-18 
31.132755    1.9464034e-18 
31.154767    1.9451176e-18 
31.176778    1.9438318e-18 
31.198790    1.9425460e-18 
31.220801    1.9412601e-18 
31.242812    1.9399743e-18 
31.264824    1.9386885e-18 
31.286835    1.9374027e-18 
31.308847    1.9361169e-18 
31.330858    1.9348310e-18 
31.352870    1.9335452e-18 
31.374882    1.9322594e-18 
31.396893    1.9309736e-18 
31.418905    1.9296878e-18 
31.440916    1.9284019e-18 
31.462927    1.9271161e-18 
31.484939    1.9258303e-18 
31.506951    1.9245445e-18 
31.528962    1.9232587e-18 
31.550974    1.9219728e-18 
31.572985    1.9206870e-18 
31.594996    1.9194012e-18 
31.617008    1.9181154e-18 
31.639019    1.9168296e-18 
31.661031    1.9155437e-18 
31.683042    1.9142579e-18 
31.705054    1.9129721e-18 
31.727065    1.9116863e-18 
31.749077    1.9104005e-18 
31.771089    1.9091146e-18 
31.793100    1.9078288e-18 
31.815112    1.9065430e-18 
31.837123    1.9052572e-18 
31.859134    1.9039714e-18 
31.881146    1.9026855e-18 
31.903158    1.9013997e-18 
31.925169    1.9001139e-18 
31.947180    1.8988281e-18 
31.969192    1.8975422e-18 
31.991203    1.8962564e-18 
32.013215    1.8949706e-18 
32.035227    1.8936848e-18 
32.057238    1.8923990e-18 
32.079249    1.8911131e-18 
32.101261    1.8898273e-18 
32.123272    1.8885415e-18 
32.145284    1.8872557e-18 
32.167296    1.8859699e-18 
32.189307    1.8846840e-18 
32.211319    1.8833982e-18 
32.233330    1.8821124e-18 
32.255341    1.8808266e-18 
32.277353    1.8795408e-18 
32.299364    1.8782549e-18 
32.321376    1.8769691e-18 
32.343387    1.8756833e-18 
32.365399    1.8743975e-18 
32.387410    1.8731117e-18 
32.409422    1.8718258e-18 
32.431433    1.8705400e-18 
32.453445    1.8692542e-18 
32.475456    1.8679684e-18 
32.497468    1.8666826e-18 
32.519480    1.8653967e-18 
32.541491    1.8641109e-18 
32.563502    1.8628251e-18 
32.585514    1.8615393e-18 
32.607525    1.8602535e-18 
32.629537    1.8589676e-18 
32.651548    1.8576818e-18 
32.673560    1.8563960e-18 
32.695571    1.8551102e-18 
32.717583    1.8538244e-18 
32.739594    1.8525385e-18 
32.761606    1.8512527e-18 
32.783617    1.8499669e-18 
32.805629    1.8486811e-18 
32.827641    1.8473953e-18 
32.849652    1.8461094e-18 
32.871663    1.8448236e-18 
32.893675    1.8435378e-18 
32.915686    1.8422520e-18 
32.937698    1.8409662e-18 
32.959709    1.8396803e-18 
32.981721    1.8383945e-18 
33.003732    1.8371087e-18 
33.025744    1.8358229e-18 
33.047755    1.8345371e-18 
33.069767    1.8332512e-18 
33.091778    1.8319654e-18 
33.113790    1.8306796e-18 
33.135801    1.8293938e-18 
33.157813    1.8281080e-18 
33.179824    1.8268221e-18 
33.201836    1.8255363e-18 
33.223847    1.8242505e-18 
33.245859    1.8229647e-18 
33.267871    1.8216789e-18 
33.289882    1.8203930e-18 
33.311893    1.8191072e-18 
33.333905    1.8178214e-18 
33.355916    1.8165356e-18 
33.377928    1.8152498e-18 
33.399939    1.8139639e-18 
33.421951    1.8126781e-18 
33.443962    1.8113923e-18 
33.465974    1.8101065e-18 
33.487986    1.8088206e-18 
33.509997    1.8075348e-18 
33.532008    1.8062490e-18 
33.554020    1.8049632e-18 
33.576031    1.8036774e-18 
33.598043    1.8023915e-18 
33.620055    1.8011057e-18 
33.642066    1.7998199e-18 
33.664077    1.7985341e-18 
33.686089    1.7972483e-18 
33.708100    1.7959624e-18 
33.730112    1.7946766e-18 
33.752123    1.7933908e-18 
33.774135    1.7921050e-18 
33.796146    1.7908192e-18 
33.818158    1.7895333e-18 
33.840169    1.7882475e-18 
33.862181    1.7869617e-18 
33.884192    1.7856759e-18 
33.906204    1.7843901e-18 
33.928216    1.7831042e-18 
33.950227    1.7818184e-18 
33.972238    1.7805326e-18 
33.994250    1.7792468e-18 
34.016261    1.7779610e-18 
34.038273    1.7766751e-18 
34.060284    1.7753893e-18 
34.082296    1.7741035e-18 
34.104307    1.7728177e-18 
34.126319    1.7715319e-18 
34.148330    1.7702460e-18 
34.170342    1.7689602e-18 
34.192353    1.7676744e-18 
34.214365    1.7663886e-18 
34.236376    1.7651028e-18 
34.258388    1.7638169e-18 
34.280400    1.7625311e-18 
34.302411    1.7612453e-18 
34.324422    1.7599595e-18 
34.346434    1.7586737e-18 
34.368445    1.7573878e-18 
34.390457    1.7561020e-18 
34.412469    1.7548162e-18 
34.434480    1.7535304e-18 
34.456491    1.7522446e-18 
34.478503    1.7509587e-18 
34.500514    1.7496729e-18 
34.522526    1.7483871e-18 
34.544537    1.7471013e-18 
34.566549    1.7458155e-18 
34.588560    1.7445296e-18 
34.610572    1.7432438e-18 
34.632583    1.7419580e-18 
34.654595    1.7406722e-18 
34.676606    1.7393864e-18 
34.698618    1.7381005e-18 
34.720630    1.7368147e-18 
34.742641    1.7355289e-18 
34.764652    1.7342431e-18 
34.786664    1.7329573e-18 
34.808675    1.7316714e-18 
34.830687    1.7303856e-18 
34.852698    1.7290998e-18 
34.874710    1.7278140e-18 
34.896721    1.7265282e-18 
34.918733    1.7252423e-18 
34.940744    1.7239565e-18 
34.962756    1.7226707e-18 
34.984767    1.7213849e-18 
35.006779    1.7200990e-18 
35.028790    1.7188132e-18 
35.050802    1.7175274e-18 
35.072814    1.7162416e-18 
35.094825    1.7149558e-18 
35.116836    1.7136699e-18 
35.138848    1.7123841e-18 
35.160859    1.7110983e-18 
35.182871    1.7098125e-18 
35.204882    1.7085267e-18 
35.226894    1.7072408e-18 
35.248905    1.7059550e-18 
35.270917    1.7046692e-18 
35.292928    1.7033834e-18 
35.314940    1.7020976e-18 
35.336951    1.7008117e-18 
35.358963    1.6995259e-18 
35.380975    1.6982401e-18 
35.402986    1.6969543e-18 
35.424997    1.6956685e-18 
35.447009    1.6943826e-18 
35.469020    1.6930968e-18 
35.491032    1.6918110e-18 
35.513044    1.6905252e-18 
35.535055    1.6892394e-18 
35.557066    1.6879535e-18 
35.579078    1.6866677e-18 
35.601089    1.6853819e-18 
35.623101    1.6840961e-18 
35.645112    1.6828103e-18 
35.667124    1.6815244e-18 
35.689135    1.6802386e-18 
35.711147    1.6789528e-18 
35.733158    1.6776670e-18 
35.755170    1.6763812e-18 
35.777181    1.6750953e-18 
35.799193    1.6738095e-18 
35.821205    1.6725237e-18 
35.843216    1.6712379e-18 
35.865228    1.6699521e-18 
35.887239    1.6686662e-18 
35.909250    1.6673804e-18 
35.931262    1.6660946e-18 
35.953273    1.6648088e-18 
35.975285    1.6635230e-18 
35.997296    1.6622371e-18 
36.019308    1.6609513e-18 
36.041319    1.6596655e-18 
36.063331    1.6583797e-18 
36.085342    1.6570939e-18 
36.107354    1.6558080e-18 
36.129365    1.6545222e-18 
36.151377    1.6532364e-18 
36.173389    1.6519506e-18 
36.195400    1.6506648e-18 
36.217411    1.6493789e-18 
36.239423    1.6480931e-18 
36.261435    1.6468073e-18 
36.283446    1.6455215e-18 
36.305457    1.6442357e-18 
36.327469    1.6429498e-18 
36.349480    1.6416640e-18 
36.371492    1.6403782e-18 
36.393503    1.6390924e-18 
36.415515    1.6378065e-18 
36.437526    1.6365207e-18 
36.459538    1.6352349e-18 
36.481549    1.6339491e-18 
36.503561    1.6326633e-18 
36.525572    1.6313774e-18 
36.547584    1.6300916e-18 
36.569595    1.6288058e-18 
36.591607    1.6275200e-18 
36.613619    1.6262342e-18 
36.635630    1.6249483e-18 
36.657641    1.6236625e-18 
36.679653    1.6223767e-18 
36.701664    1.6210909e-18 
36.723676    1.6198051e-18 
36.745687    1.6185192e-18 
36.767699    1.6172334e-18 
36.789710    1.6159476e-18 
36.811722    1.6146618e-18 
36.833734    1.6133760e-18 
36.855745    1.6120901e-18 
36.877756    1.6108043e-18 
36.899768    1.6095185e-18 
36.921779    1.6082327e-18 
36.943791    1.6069469e-18 
36.965803    1.6056610e-18 
36.987814    1.6043752e-18 
37.009825    1.6030894e-18 
37.031837    1.6018036e-18 
37.053848    1.6005178e-18 
37.075860    1.5992319e-18 
37.097871    1.5979461e-18 
37.119883    1.5966603e-18 
37.141894    1.5953745e-18 
37.163906    1.5940887e-18 
37.185917    1.5928028e-18 
37.207929    1.5915170e-18 
37.229940    1.5902312e-18 
37.251952    1.5889454e-18 
37.273964    1.5876596e-18 
37.295975    1.5863737e-18 
37.317986    1.5850879e-18 
37.339998    1.5838021e-18 
37.362009    1.5825163e-18 
37.384021    1.5812305e-18 
37.406032    1.5799446e-18 
37.428044    1.5786588e-18 
37.450055    1.5773730e-18 
37.472067    1.5760872e-18 
37.494078    1.5748014e-18 
37.516090    1.5735155e-18 
37.538101    1.5722297e-18 
37.560113    1.5709439e-18 
37.582124    1.5696581e-18 
37.604136    1.5683723e-18 
37.626148    1.5670864e-18 
37.648159    1.5658006e-18 
37.670170    1.5645148e-18 
37.692182    1.5632290e-18 
37.714194    1.5619432e-18 
37.736205    1.5606573e-18 
37.758216    1.5593715e-18 
37.780228    1.5580857e-18 
37.802239    1.5567999e-18 
37.824251    1.5555141e-18 
37.846262    1.5542282e-18 
37.868274    1.5529424e-18 
37.890285    1.5516566e-18 
37.912297    1.5503708e-18 
37.934309    1.5490849e-18 
37.956320    1.5477991e-18 
37.978331    1.5465133e-18 
38.000343    1.5452275e-18 
38.022354    1.5439417e-18 
38.044366    1.5426558e-18 
38.066378    1.5413700e-18 
38.088389    1.5400842e-18 
38.110400    1.5387984e-18 
38.132412    1.5375126e-18 
38.154423    1.5362267e-18 
38.176435    1.5349409e-18 
38.198446    1.5336551e-18 
38.220458    1.5323693e-18 
38.242469    1.5310835e-18 
38.264481    1.5297976e-18 
38.286492    1.5285118e-18 
38.308504    1.5272260e-18 
38.330515    1.5259402e-18 
38.352527    1.5246544e-18 
38.374538    1.5233685e-18 
38.396550    1.5220827e-18 
38.418562    1.5207969e-18 
38.440573    1.5195111e-18 
38.462584    1.5182253e-18 
38.484596    1.5169394e-18 
38.506607    1.5156536e-18 
38.528619    1.5143678e-18 
38.550630    1.5130820e-18 
38.572642    1.5117962e-18 
38.594653    1.5105103e-18 
38.616665    1.5092245e-18 
38.638676    1.5079387e-18 
38.660688    1.5066529e-18 
38.682699    1.5053671e-18 
38.704711    1.5040812e-18 
38.726723    1.5027954e-18 
38.748734    1.5015096e-18 
38.770745    1.5002238e-18 
38.792757    1.4989380e-18 
38.814768    1.4976521e-18 
38.836780    1.4963663e-18 
38.858791    1.4950805e-18 
38.880803    1.4937947e-18 
38.902814    1.4925089e-18 
38.924826    1.4912230e-18 
38.946837    1.4899372e-18 
38.968849    1.4886514e-18 
38.990860    1.4873656e-18 
39.012872    1.4860798e-18 
39.034883    1.4847939e-18 
39.056895    1.4835081e-18 
39.078906    1.4822223e-18 
39.100918    1.4809365e-18 
39.122929    1.4796507e-18 
39.144941    1.4783648e-18 
39.166953    1.4770790e-18 
39.188964    1.4757932e-18 
39.210976    1.4745074e-18 
39.232987    1.4732216e-18 
39.254998    1.4719357e-18 
39.277010    1.4706499e-18 
39.299021    1.4693641e-18 
39.321033    1.4680783e-18 
39.343044    1.4667925e-18 
39.365056    1.4655066e-18 
39.387067    1.4642208e-18 
39.409079    1.4629350e-18 
39.431090    1.4616492e-18 
39.453102    1.4603633e-18 
39.475113    1.4590775e-18 
39.497125    1.4577917e-18 
39.519137    1.4565059e-18 
39.541148    1.4552201e-18 
39.563159    1.4539342e-18 
39.585171    1.4526484e-18 
39.607182    1.4513626e-18 
39.629194    1.4500768e-18 
39.651205    1.4487910e-18 
39.673217    1.4475051e-18 
39.695228    1.4462193e-18 
39.717240    1.4449335e-18 
39.739251    1.4436477e-18 
39.761263    1.4423619e-18 
39.783274    1.4410760e-18 
39.805286    1.4397902e-18 
39.827298    1.4385044e-18 
39.849309    1.4372186e-18 
39.871320    1.4359328e-18 
39.893332    1.4346469e-18 
39.915343    1.4333611e-18 
39.937355    1.4320753e-18 
39.959367    1.4307895e-18 
39.981378    1.4295037e-18 
40.003389    1.4282178e-18 
40.025401    1.4269320e-18 
40.047412    1.4256462e-18 
40.069424    1.4243604e-18 
40.091435    1.4230746e-18 
40.113447    1.4217887e-18 
40.135458    1.4205029e-18 
40.157470    1.4192171e-18 
40.179481    1.4179313e-18 
40.201493    1.4166455e-18 
40.223504    1.4153596e-18 
40.245516    1.4140738e-18 
40.267527    1.4127880e-18 
40.289539    1.4115022e-18 
40.311551    1.4102164e-18 
40.333562    1.4089305e-18 
40.355573    1.4076447e-18 
40.377585    1.4063589e-18 
40.399596    1.4050731e-18 
40.421608    1.4037873e-18 
40.443619    1.4025014e-18 
40.465631    1.4012156e-18 
40.487642    1.3999298e-18 
40.509654    1.3986440e-18 
40.531665    1.3973582e-18 
40.553677    1.3960723e-18 
40.575688    1.3947865e-18 
40.597700    1.3935007e-18 
40.619712    1.3922149e-18 
40.641723    1.3909291e-18 
40.663734    1.3896432e-18 
40.685746    1.3883574e-18 
40.707757    1.3870716e-18 
40.729769    1.3857858e-18 
40.751780    1.3845000e-18 
40.773792    1.3832141e-18 
40.795803    1.3819283e-18 
40.817815    1.3806425e-18 
40.839826    1.3793567e-18 
40.861838    1.3780708e-18 
40.883849    1.3767850e-18 
40.905861    1.3754992e-18 
40.927872    1.3742134e-18 
40.949884    1.3729276e-18 
40.971896    1.3716417e-18 
40.993907    1.3703559e-18 
41.015918    1.3693235e-18 
41.037930    1.3683880e-18 
41.059942    1.3674525e-18 
41.081953    1.3665170e-18 
41.103964    1.3655815e-18 
41.125976    1.3646460e-18 
41.147987    1.3637105e-18 
41.169999    1.3627750e-18 
41.192010    1.3618396e-18 
41.214022    1.3609041e-18 
41.236033    1.3599686e-18 
41.258045    1.3590331e-18 
41.280057    1.3580976e-18 
41.302068    1.3571621e-18 
41.324079    1.3562266e-18 
41.346091    1.3552911e-18 
41.368102    1.3543556e-18 
41.390114    1.3534202e-18 
41.412126    1.3524847e-18 
41.434137    1.3515492e-18 
41.456148    1.3506137e-18 
41.478160    1.3496782e-18 
41.500171    1.3487427e-18 
41.522183    1.3478072e-18 
41.544194    1.3468717e-18 
41.566206    1.3459362e-18 
41.588217    1.3450008e-18 
41.610229    1.3440653e-18 
41.632240    1.3431298e-18 
41.654252    1.3421943e-18 
41.676263    1.3412588e-18 
41.698275    1.3403233e-18 
41.720287    1.3393878e-18 
41.742298    1.3384523e-18 
41.764310    1.3375168e-18 
41.786321    1.3365814e-18 
41.808332    1.3356459e-18 
41.830344    1.3347104e-18 
41.852355    1.3337749e-18 
41.874367    1.3328394e-18 
41.896378    1.3319039e-18 
41.918390    1.3309684e-18 
41.940401    1.3300329e-18 
41.962413    1.3290974e-18 
41.984424    1.3281620e-18 
42.006436    1.3272265e-18 
42.028447    1.3262910e-18 
42.050459    1.3253555e-18 
42.072471    1.3244200e-18 
42.094482    1.3234845e-18 
42.116493    1.3225490e-18 
42.138505    1.3216135e-18 
42.160516    1.3206780e-18 
42.182528    1.3197426e-18 
42.204539    1.3188071e-18 
42.226551    1.3178716e-18 
42.248562    1.3169361e-18 
42.270574    1.3160006e-18 
42.292585    1.3150651e-18 
42.314597    1.3141296e-18 
42.336608    1.3131941e-18 
42.358620    1.3122587e-18 
42.380631    1.3113232e-18 
42.402643    1.3103877e-18 
42.424654    1.3094522e-18 
42.446666    1.3085167e-18 
42.468677    1.3075812e-18 
42.490689    1.3066457e-18 
42.512701    1.3057102e-18 
42.534712    1.3047747e-18 
42.556723    1.3038393e-18 
42.578735    1.3029038e-18 
42.600746    1.3019683e-18 
42.622758    1.3010328e-18 
42.644769    1.3000973e-18 
42.666781    1.2991618e-18 
42.688792    1.2982263e-18 
42.710804    1.2972908e-18 
42.732815    1.2963553e-18 
42.754827    1.2954199e-18 
42.776838    1.2944844e-18 
42.798850    1.2935489e-18 
42.820861    1.2926134e-18 
42.842873    1.2916779e-18 
42.864885    1.2907424e-18 
42.886896    1.2898069e-18 
42.908907    1.2888714e-18 
42.930919    1.2879359e-18 
42.952930    1.2870005e-18 
42.974942    1.2860650e-18 
42.996953    1.2851295e-18 
43.018965    1.2841940e-18 
43.040976    1.2832585e-18 
43.062988    1.2823230e-18 
43.084999    1.2813875e-18 
43.107011    1.2804520e-18 
43.129022    1.2795165e-18 
43.151034    1.2785811e-18 
43.173046    1.2776456e-18 
43.195057    1.2767101e-18 
43.217068    1.2757746e-18 
43.239080    1.2748391e-18 
43.261091    1.2739036e-18 
43.283103    1.2729681e-18 
43.305114    1.2720326e-18 
43.327126    1.2710971e-18 
43.349137    1.2701617e-18 
43.371149    1.2692262e-18 
43.393160    1.2682907e-18 
43.415172    1.2673552e-18 
43.437183    1.2664197e-18 
43.459195    1.2654842e-18 
43.481206    1.2645487e-18 
43.503218    1.2636132e-18 
43.525229    1.2626777e-18 
43.547241    1.2617423e-18 
43.569252    1.2608068e-18 
43.591264    1.2598713e-18 
43.613276    1.2589358e-18 
43.635287    1.2580003e-18 
43.657298    1.2570648e-18 
43.679310    1.2561293e-18 
43.701321    1.2551938e-18 
43.723333    1.2542583e-18 
43.745344    1.2533229e-18 
43.767356    1.2523874e-18 
43.789367    1.2514519e-18 
43.811379    1.2505164e-18 
43.833391    1.2495809e-18 
43.855402    1.2486454e-18 
43.877413    1.2477099e-18 
43.899425    1.2467744e-18 
43.921436    1.2458389e-18 
43.943448    1.2449035e-18 
43.965460    1.2439680e-18 
43.987471    1.2430325e-18 
44.009482    1.2420970e-18 
44.031494    1.2411615e-18 
44.053505    1.2402260e-18 
44.075517    1.2392905e-18 
44.097528    1.2383550e-18 
44.119540    1.2374195e-18 
44.141551    1.2364841e-18 
44.163563    1.2355486e-18 
44.185574    1.2346131e-18 
44.207586    1.2336776e-18 
44.229597    1.2327421e-18 
44.251609    1.2318066e-18 
44.273620    1.2308711e-18 
44.295632    1.2299356e-18 
44.317644    1.2290002e-18 
44.339655    1.2280647e-18 
44.361666    1.2271292e-18 
44.383678    1.2261937e-18 
44.405689    1.2252582e-18 
44.427701    1.2243227e-18 
44.449712    1.2233872e-18 
44.471724    1.2224517e-18 
44.493735    1.2215162e-18 
44.515747    1.2205808e-18 
44.537758    1.2196453e-18 
44.559770    1.2187098e-18 
44.581781    1.2177743e-18 
44.603793    1.2168388e-18 
44.625805    1.2159033e-18 
44.647816    1.2149678e-18 
44.669827    1.2140323e-18 
44.691839    1.2130968e-18 
44.713850    1.2121614e-18 
44.735862    1.2112259e-18 
44.757874    1.2102904e-18 
44.779885    1.2093549e-18 
44.801896    1.2084194e-18 
44.823908    1.2074839e-18 
44.845919    1.2065484e-18 
44.867931    1.2056129e-18 
44.889942    1.2046774e-18 
44.911954    1.2037420e-18 
44.933965    1.2028065e-18 
44.955977    1.2018710e-18 
44.977988    1.2009355e-18 
45.000000    1.2000000e-18 
