8.400000    0.0000000e+00 
8.470800    7.0800000e-18 
8.541600    1.4160000e-17 
8.612400    2.1240000e-17 
8.683200    2.8320000e-17 
8.754000    3.5400000e-17 
8.824800    4.2480000e-17 
8.895600    4.9560000e-17 
8.966400    5.6640000e-17 
9.037200    6.3720000e-17 
9.108000    7.0800000e-17 
9.178800    7.7880000e-17 
9.249600    8.4960000e-17 
9.320400    9.2040000e-17 
9.391200    9.9120000e-17 
9.462000    9.9969903e-17 
9.532800    9.9935534e-17 
9.603600    9.9901165e-17 
9.674400    9.9866796e-17 
9.745200    9.9832427e-17 
9.816000    9.9798058e-17 
9.886800    9.9763689e-17 
9.957600    9.9729320e-17 
10.028400    9.9694951e-17 
10.099200    9.9660583e-17 
10.170000    9.9626214e-17 
10.240800    9.9591845e-17 
10.311600    9.9557476e-17 
10.382400    9.9523107e-17 
10.453200    9.9488738e-17 
10.524000    9.9454369e-17 
10.594800    9.9420000e-17 
10.665600    9.9385631e-17 
10.736400    9.9351262e-17 
10.807200    9.9316893e-17 
10.878000    9.9282524e-17 
10.948800    9.9248155e-17 
11.019600    9.9213786e-17 
11.090400    9.9179417e-17 
11.161200    9.9145049e-17 
11.232000    9.9110680e-17 
11.302800    9.9076311e-17 
11.373600    9.9041942e-17 
11.444400    9.9007573e-17 
11.515200    9.8973204e-17 
11.586000    9.8938835e-17 
11.656800    9.8904466e-17 
11.727600    9.8870097e-17 
11.798400    9.8835728e-17 
11.869200    9.8801359e-17 
11.940000    9.8766990e-17 
12.010800    9.8732621e-17 
12.081600    9.8698252e-17 
12.152400    9.8663883e-17 
12.223200    9.8629515e-17 
12.294000    9.8595146e-17 
12.364800    9.8560777e-17 
12.435600    9.8526408e-17 
12.506400    9.8492039e-17 
12.577200    9.8457670e-17 
12.648000    9.8423301e-17 
12.718800    9.8388932e-17 
12.789600    9.8354563e-17 
12.860400    9.8320194e-17 
12.931200    9.8285825e-17 
13.002000    9.8251456e-17 
13.072800    9.8217087e-17 
13.143600    9.8182718e-17 
13.214400    9.8148350e-17 
13.285200    9.8113981e-17 
13.356000    9.8079612e-17 
13.426800    9.8045243e-17 
13.497600    9.8010874e-17 
13.568400    9.7976505e-17 
13.639200    9.7942136e-17 
13.710000    9.7907767e-17 
13.780800    9.7873398e-17 
13.851600    9.7839029e-17 
13.922400    9.7804660e-17 
13.993200    9.7770291e-17 
14.064000    9.7735922e-17 
14.134800    9.7701553e-17 
14.205600    9.7667184e-17 
14.276400    9.7632816e-17 
14.347200    9.7598447e-17 
14.418000    9.7564078e-17 
14.488800    9.7529709e-17 
14.559600    9.7495340e-17 
14.630400    9.7460971e-17 
14.701200    9.7426602e-17 
14.772000    9.7392233e-17 
14.842800    9.7357864e-17 
14.913600    9.7323495e-17 
14.984400    9.7289126e-17 
15.055200    9.7254757e-17 
15.126000    9.7220388e-17 
15.196800    9.7186019e-17 
15.267600    9.7151650e-17 
15.338400    9.7117282e-17 
15.409200    9.7082913e-17 
15.480000    9.7048544e-17 
15.550800    9.7014175e-17 
15.621600    9.6979806e-17 
15.692400    9.6945437e-17 
15.763200    9.6911068e-17 
15.834000    9.6876699e-17 
15.904800    9.6842330e-17 
15.975600    9.6807961e-17 
16.046400    9.6773592e-17 
16.117200    9.6739223e-17 
16.188000    9.6704854e-17 
16.258800    9.6670485e-17 
16.329600    9.6636117e-17 
16.400400    9.6601748e-17 
16.471200    9.6567379e-17 
16.542000    9.6533010e-17 
16.612800    9.6498641e-17 
16.683600    9.6464272e-17 
16.754400    9.6429903e-17 
16.825200    9.6395534e-17 
16.896000    9.6361165e-17 
16.966800    9.6326796e-17 
17.037600    9.6292427e-17 
17.108400    9.6258058e-17 
17.179200    9.6223689e-17 
17.250000    9.6189320e-17 
17.320800    9.6154951e-17 
17.391600    9.6120583e-17 
17.462400    9.6086214e-17 
17.533200    9.6051845e-17 
17.604000    9.6017476e-17 
17.674800    9.5983107e-17 
17.745600    9.5948738e-17 
17.816400    9.5914369e-17 
17.887200    9.5880000e-17 
17.958000    9.5845631e-17 
18.028800    9.5811262e-17 
18.099600    9.5776893e-17 
18.170400    9.5742524e-17 
18.241200    9.5708155e-17 
18.312000    9.5673786e-17 
18.382800    9.5639417e-17 
18.453600    9.5605049e-17 
18.524400    9.5570680e-17 
18.595200    9.5536311e-17 
18.666000    9.5501942e-17 
18.736800    9.5467573e-17 
18.807600    9.5433204e-17 
18.878400    9.5398835e-17 
18.949200    9.5364466e-17 
19.020000    9.5330097e-17 
19.090800    9.5295728e-17 
19.161600    9.5261359e-17 
19.232400    9.5226990e-17 
19.303200    9.5192621e-17 
19.374000    9.5158252e-17 
19.444800    9.5123883e-17 
19.515600    9.5089515e-17 
19.586400    9.5055146e-17 
19.657200    9.5020777e-17 
19.728000    9.4986408e-17 
19.798800    9.4952039e-17 
19.869600    9.4917670e-17 
19.940400    9.4883301e-17 
20.011200    9.4848932e-17 
20.082000    9.4814563e-17 
20.152800    9.4780194e-17 
20.223600    9.4745825e-17 
20.294400    9.4711456e-17 
20.365200    9.4677087e-17 
20.436000    9.4642718e-17 
20.506800    9.4608350e-17 
20.577600    9.4573981e-17 
20.648400    9.4539612e-17 
20.719200    9.4505243e-17 
20.790000    9.4470874e-17 
20.860800    9.4436505e-17 
20.931600    9.4402136e-17 
21.002400    9.4367767e-17 
21.073200    9.4333398e-17 
21.144000    9.4299029e-17 
21.214800    9.4264660e-17 
21.285600    9.4230291e-17 
21.356400    9.4195922e-17 
21.427200    9.4161553e-17 
21.498000    9.4127184e-17 
21.568800    9.4092816e-17 
21.639600    9.4058447e-17 
21.710400    9.4024078e-17 
21.781200    9.3989709e-17 
21.852000    9.3955340e-17 
21.922800    9.3920971e-17 
21.993600    9.3886602e-17 
22.064400    9.3852233e-17 
22.135200    9.3817864e-17 
22.206000    9.3783495e-17 
22.276800    9.3749126e-17 
22.347600    9.3714757e-17 
22.418400    9.3680388e-17 
22.489200    9.3646019e-17 
22.560000    9.3611650e-17 
22.630800    9.3577282e-17 
22.701600    9.3542913e-17 
22.772400    9.3508544e-17 
22.843200    9.3474175e-17 
22.914000    9.3439806e-17 
22.984800    9.3405437e-17 
23.055600    9.3371068e-17 
23.126400    9.3336699e-17 
23.197200    9.3302330e-17 
23.268000    9.3267961e-17 
23.338800    9.3233592e-17 
23.409600    9.3199223e-17 
23.480400    9.3164854e-17 
23.551200    9.3130485e-17 
23.622000    9.3096117e-17 
23.692800    9.3061748e-17 
23.763600    9.3027379e-17 
23.834400    9.2993010e-17 
23.905200    9.2958641e-17 
23.976000    9.2924272e-17 
24.046800    9.2889903e-17 
24.117600    9.2855534e-17 
24.188400    9.2821165e-17 
24.259200    9.2786796e-17 
24.330000    9.2752427e-17 
24.400800    9.2718058e-17 
24.471600    9.2683689e-17 
24.542400    9.2649320e-17 
24.613200    9.2614951e-17 
24.684000    9.2580583e-17 
24.754800    9.2546214e-17 
24.825600    9.2511845e-17 
24.896400    9.2477476e-17 
24.967200    9.2443107e-17 
25.038000    9.2408738e-17 
25.108800    9.2374369e-17 
25.179600    9.2340000e-17 
25.250400    9.2305631e-17 
25.321200    9.2271262e-17 
25.392000    9.2236893e-17 
25.462800    9.2202524e-17 
25.533600    9.2168155e-17 
25.604400    9.2133786e-17 
25.675200    9.2099417e-17 
25.746000    9.2065049e-17 
25.816800    9.2030680e-17 
25.887600    9.1996311e-17 
25.958400    9.1961942e-17 
26.029200    9.1927573e-17 
26.100000    9.1893204e-17 
26.170800    9.1858835e-17 
26.241600    9.1824466e-17 
26.312400    9.1790097e-17 
26.383200    9.1755728e-17 
26.454000    9.1721359e-17 
26.524800    9.1686990e-17 
26.595600    9.1652621e-17 
26.666400    9.1618252e-17 
26.737200    9.1583883e-17 
26.808000    9.1549515e-17 
26.878800    9.1515146e-17 
26.949600    9.1480777e-17 
27.020400    9.1446408e-17 
27.091200    9.1412039e-17 
27.162000    9.1377670e-17 
27.232800    9.1343301e-17 
27.303600    9.1308932e-17 
27.374400    9.1274563e-17 
27.445200    9.1240194e-17 
27.516000    9.1205825e-17 
27.586800    9.1171456e-17 
27.657600    9.1137087e-17 
27.728400    9.1102718e-17 
27.799200    9.1068350e-17 
27.870000    9.1033981e-17 
27.940800    9.0999612e-17 
28.011600    9.0965243e-17 
28.082400    9.0930874e-17 
28.153200    9.0896505e-17 
28.224000    9.0862136e-17 
28.294800    9.0827767e-17 
28.365600    9.0793398e-17 
28.436400    9.0759029e-17 
28.507200    9.0724660e-17 
28.578000    9.0690291e-17 
28.648800    9.0655922e-17 
28.719600    9.0621553e-17 
28.790400    9.0587184e-17 
28.861200    9.0552816e-17 
28.932000    9.0518447e-17 
29.002800    9.0484078e-17 
29.073600    9.0449709e-17 
29.144400    9.0415340e-17 
29.215200    9.0380971e-17 
29.286000    9.0346602e-17 
29.356800    9.0312233e-17 
29.427600    9.0277864e-17 
29.498400    9.0243495e-17 
29.569200    9.0209126e-17 
29.640000    9.0174757e-17 
29.710800    9.0140388e-17 
29.781600    9.0106019e-17 
29.852400    9.0071650e-17 
29.923200    9.0037282e-17 
29.994000    9.0002913e-17 
30.064800    8.9935200e-17 
30.135600    8.9864400e-17 
30.206400    8.9793600e-17 
30.277200    8.9722800e-17 
30.348000    8.9652000e-17 
30.418800    8.9581200e-17 
30.489600    8.9510400e-17 
30.560400    8.9439600e-17 
30.631200    8.9368800e-17 
30.702000    8.9298000e-17 
30.772800    8.9227200e-17 
30.843600    8.9156400e-17 
30.914400    8.9085600e-17 
30.985200    8.9014800e-17 
31.056000    8.8944000e-17 
31.126800    8.8873200e-17 
31.197600    8.8802400e-17 
31.268400    8.8731600e-17 
31.339200    8.8660800e-17 
31.410000    8.8590000e-17 
31.480800    8.8519200e-17 
31.551600    8.8448400e-17 
31.622400    8.8377600e-17 
31.693200    8.8306800e-17 
31.764000    8.8236000e-17 
31.834800    8.8165200e-17 
31.905600    8.8094400e-17 
31.976400    8.8023600e-17 
32.047200    8.7952800e-17 
32.118000    8.7882000e-17 
32.188800    8.7811200e-17 
32.259600    8.7740400e-17 
32.330400    8.7669600e-17 
32.401200    8.7598800e-17 
32.472000    8.7528000e-17 
32.542800    8.7457200e-17 
32.613600    8.7386400e-17 
32.684400    8.7315600e-17 
32.755200    8.7244800e-17 
32.826000    8.7174000e-17 
32.896800    8.7103200e-17 
32.967600    8.7032400e-17 
33.038400    8.6961600e-17 
33.109200    8.6890800e-17 
33.180000    8.6820000e-17 
33.250800    8.6749200e-17 
33.321600    8.6678400e-17 
33.392400    8.6607600e-17 
33.463200    8.6536800e-17 
33.534000    8.6466000e-17 
33.604800    8.6395200e-17 
33.675600    8.6324400e-17 
33.746400    8.6253600e-17 
33.817200    8.6182800e-17 
33.888000    8.6112000e-17 
33.958800    8.6041200e-17 
34.029600    8.5970400e-17 
34.100400    8.5899600e-17 
34.171200    8.5828800e-17 
34.242000    8.5758000e-17 
34.312800    8.5687200e-17 
34.383600    8.5616400e-17 
34.454400    8.5545600e-17 
34.525200    8.5474800e-17 
34.596000    8.5404000e-17 
34.666800    8.5333200e-17 
34.737600    8.5262400e-17 
34.808400    8.5191600e-17 
34.879200    8.5120800e-17 
34.950000    8.5050000e-17 
35.020800    8.4979200e-17 
35.091600    8.4908400e-17 
35.162400    8.4837600e-17 
35.233200    8.4766800e-17 
35.304000    8.4696000e-17 
35.374800    8.4625200e-17 
35.445600    8.4554400e-17 
35.516400    8.4483600e-17 
35.587200    8.4412800e-17 
35.658000    8.4342000e-17 
35.728800    8.4271200e-17 
35.799600    8.4200400e-17 
35.870400    8.4129600e-17 
35.941200    8.4058800e-17 
36.012000    8.3988000e-17 
36.082800    8.3917200e-17 
36.153600    8.3846400e-17 
36.224400    8.3775600e-17 
36.295200    8.3704800e-17 
36.366000    8.3634000e-17 
36.436800    8.3563200e-17 
36.507600    8.3492400e-17 
36.578400    8.3421600e-17 
36.649200    8.3350800e-17 
36.720000    8.3280000e-17 
36.790800    8.3209200e-17 
36.861600    8.3138400e-17 
36.932400    8.3067600e-17 
37.003200    8.2996800e-17 
37.074000    8.2926000e-17 
37.144800    8.2855200e-17 
37.215600    8.2784400e-17 
37.286400    8.2713600e-17 
37.357200    8.2642800e-17 
37.428000    8.2572000e-17 
37.498800    8.2501200e-17 
37.569600    8.2430400e-17 
37.640400    8.2359600e-17 
37.711200    8.2288800e-17 
37.782000    8.2218000e-17 
37.852800    8.2147200e-17 
37.923600    8.2076400e-17 
37.994400    8.2005600e-17 
38.065200    8.1934800e-17 
38.136000    8.1864000e-17 
38.206800    8.1793200e-17 
38.277600    8.1722400e-17 
38.348400    8.1651600e-17 
38.419200    8.1580800e-17 
38.490000    8.1510000e-17 
38.560800    8.1439200e-17 
38.631600    8.1368400e-17 
38.702400    8.1297600e-17 
38.773200    8.1226800e-17 
38.844000    8.1156000e-17 
38.914800    8.1085200e-17 
38.985600    8.1014400e-17 
39.056400    8.0943600e-17 
39.127200    8.0872800e-17 
39.198000    8.0802000e-17 
39.268800    8.0731200e-17 
39.339600    8.0660400e-17 
39.410400    8.0589600e-17 
39.481200    8.0518800e-17 
39.552000    8.0448000e-17 
39.622800    8.0377200e-17 
39.693600    8.0306400e-17 
39.764400    8.0235600e-17 
39.835200    8.0164800e-17 
39.906000    8.0094000e-17 
39.976800    8.0023200e-17 
40.047600    7.9952400e-17 
40.118400    7.9881600e-17 
40.189200    7.9810800e-17 
40.260000    7.9740000e-17 
40.330800    7.9669200e-17 
40.401600    7.9598400e-17 
40.472400    7.9527600e-17 
40.543200    7.9456800e-17 
40.614000    7.9386000e-17 
40.684800    7.9315200e-17 
40.755600    7.9244400e-17 
40.826400    7.9173600e-17 
40.897200    7.9102800e-17 
40.968000    7.9032000e-17 
41.038800    7.8961200e-17 
41.109600    7.8890400e-17 
41.180400    7.8819600e-17 
41.251200    7.8748800e-17 
41.322000    7.8678000e-17 
41.392800    7.8607200e-17 
41.463600    7.8536400e-17 
41.534400    7.8465600e-17 
41.605200    7.8394800e-17 
41.676000    7.8324000e-17 
41.746800    7.8253200e-17 
41.817600    7.8182400e-17 
41.888400    7.8111600e-17 
41.959200    7.8040800e-17 
42.030000    7.7970000e-17 
42.100800    7.7899200e-17 
42.171600    7.7828400e-17 
42.242400    7.7757600e-17 
42.313200    7.7686800e-17 
42.384000    7.7616000e-17 
42.454800    7.7545200e-17 
42.525600    7.7474400e-17 
42.596400    7.7403600e-17 
42.667200    7.7332800e-17 
42.738000    7.7262000e-17 
42.808800    7.7191200e-17 
42.879600    7.7120400e-17 
42.950400    7.7049600e-17 
43.021200    7.6978800e-17 
43.092000    7.6908000e-17 
43.162800    7.6837200e-17 
43.233600    7.6766400e-17 
43.304400    7.6695600e-17 
43.375200    7.6624800e-17 
43.446000    7.6554000e-17 
43.516800    7.6483200e-17 
43.587600    7.6412400e-17 
43.658400    7.6341600e-17 
43.729200    7.6270800e-17 
43.800000    7.6200000e-17 
43.870800    7.6129200e-17 
43.941600    7.6058400e-17 
44.012400    7.5987600e-17 
44.083200    7.5916800e-17 
44.154000    7.5846000e-17 
44.224800    7.5775200e-17 
44.295600    7.5704400e-17 
44.366400    7.5633600e-17 
44.437200    7.5562800e-17 
44.508000    7.5492000e-17 
44.578800    7.5421200e-17 
44.649600    7.5350400e-17 
44.720400    7.5279600e-17 
44.791200    7.5208800e-17 
44.862000    7.5138000e-17 
44.932800    7.5067200e-17 
45.003600    7.4996400e-17 
45.074400    7.4925600e-17 
45.145200    7.4854800e-17 
45.216000    7.4784000e-17 
45.286800    7.4713200e-17 
45.357600    7.4642400e-17 
45.428400    7.4571600e-17 
45.499200    7.4500800e-17 
45.570000    7.4430000e-17 
45.640800    7.4359200e-17 
45.711600    7.4288400e-17 
45.782400    7.4217600e-17 
45.853200    7.4146800e-17 
45.924000    7.4076000e-17 
45.994800    7.4005200e-17 
46.065600    7.3934400e-17 
46.136400    7.3863600e-17 
46.207200    7.3792800e-17 
46.278000    7.3722000e-17 
46.348800    7.3651200e-17 
46.419600    7.3580400e-17 
46.490400    7.3509600e-17 
46.561200    7.3438800e-17 
46.632000    7.3368000e-17 
46.702800    7.3297200e-17 
46.773600    7.3226400e-17 
46.844400    7.3155600e-17 
46.915200    7.3084800e-17 
46.986000    7.3014000e-17 
47.056800    7.2943200e-17 
47.127600    7.2872400e-17 
47.198400    7.2801600e-17 
47.269200    7.2730800e-17 
47.340000    7.2660000e-17 
47.410800    7.2589200e-17 
47.481600    7.2518400e-17 
47.552400    7.2447600e-17 
47.623200    7.2376800e-17 
47.694000    7.2306000e-17 
47.764800    7.2235200e-17 
47.835600    7.2164400e-17 
47.906400    7.2093600e-17 
47.977200    7.2022800e-17 
48.048000    7.1952000e-17 
48.118800    7.1881200e-17 
48.189600    7.1810400e-17 
48.260400    7.1739600e-17 
48.331200    7.1668800e-17 
48.402000    7.1598000e-17 
48.472800    7.1527200e-17 
48.543600    7.1456400e-17 
48.614400    7.1385600e-17 
48.685200    7.1314800e-17 
48.756000    7.1244000e-17 
48.826800    7.1173200e-17 
48.897600    7.1102400e-17 
48.968400    7.1031600e-17 
49.039200    7.0960800e-17 
49.110000    7.0890000e-17 
49.180800    7.0819200e-17 
49.251600    7.0748400e-17 
49.322400    7.0677600e-17 
49.393200    7.0606800e-17 
49.464000    7.0536000e-17 
49.534800    7.0465200e-17 
49.605600    7.0394400e-17 
49.676400    7.0323600e-17 
49.747200    7.0252800e-17 
49.818000    7.0182000e-17 
49.888800    7.0111200e-17 
49.959600    7.0040400e-17 
50.030400    6.9990272e-17 
50.101200    6.9967616e-17 
50.172000    6.9944960e-17 
50.242800    6.9922304e-17 
50.313600    6.9899648e-17 
50.384400    6.9876992e-17 
50.455200    6.9854336e-17 
50.526000    6.9831680e-17 
50.596800    6.9809024e-17 
50.667600    6.9786368e-17 
50.738400    6.9763712e-17 
50.809200    6.9741056e-17 
50.880000    6.9718400e-17 
50.950800    6.9695744e-17 
51.021600    6.9673088e-17 
51.092400    6.9650432e-17 
51.163200    6.9627776e-17 
51.234000    6.9605120e-17 
51.304800    6.9582464e-17 
51.375600    6.9559808e-17 
51.446400    6.9537152e-17 
51.517200    6.9514496e-17 
51.588000    6.9491840e-17 
51.658800    6.9469184e-17 
51.729600    6.9446528e-17 
51.800400    6.9423872e-17 
51.871200    6.9401216e-17 
51.942000    6.9378560e-17 
52.012800    6.9355904e-17 
52.083600    6.9333248e-17 
52.154400    6.9310592e-17 
52.225200    6.9287936e-17 
52.296000    6.9265280e-17 
52.366800    6.9242624e-17 
52.437600    6.9219968e-17 
52.508400    6.9197312e-17 
52.579200    6.9174656e-17 
52.650000    6.9152000e-17 
52.720800    6.9129344e-17 
52.791600    6.9106688e-17 
52.862400    6.9084032e-17 
52.933200    6.9061376e-17 
53.004000    6.9038720e-17 
53.074800    6.9016064e-17 
53.145600    6.8993408e-17 
53.216400    6.8970752e-17 
53.287200    6.8948096e-17 
53.358000    6.8925440e-17 
53.428800    6.8902784e-17 
53.499600    6.8880128e-17 
53.570400    6.8857472e-17 
53.641200    6.8834816e-17 
53.712000    6.8812160e-17 
53.782800    6.8789504e-17 
53.853600    6.8766848e-17 
53.924400    6.8744192e-17 
53.995200    6.8721536e-17 
54.066000    6.8698880e-17 
54.136800    6.8676224e-17 
54.207600    6.8653568e-17 
54.278400    6.8630912e-17 
54.349200    6.8608256e-17 
54.420000    6.8585600e-17 
54.490800    6.8562944e-17 
54.561600    6.8540288e-17 
54.632400    6.8517632e-17 
54.703200    6.8494976e-17 
54.774000    6.8472320e-17 
54.844800    6.8449664e-17 
54.915600    6.8427008e-17 
54.986400    6.8404352e-17 
55.057200    6.8381696e-17 
55.128000    6.8359040e-17 
55.198800    6.8336384e-17 
55.269600    6.8313728e-17 
55.340400    6.8291072e-17 
55.411200    6.8268416e-17 
55.482000    6.8245760e-17 
55.552800    6.8223104e-17 
55.623600    6.8200448e-17 
55.694400    6.8177792e-17 
55.765200    6.8155136e-17 
55.836000    6.8132480e-17 
55.906800    6.8109824e-17 
55.977600    6.8087168e-17 
56.048400    6.8064512e-17 
56.119200    6.8041856e-17 
56.190000    6.8019200e-17 
56.260800    6.7996544e-17 
56.331600    6.7973888e-17 
56.402400    6.7951232e-17 
56.473200    6.7928576e-17 
56.544000    6.7905920e-17 
56.614800    6.7883264e-17 
56.685600    6.7860608e-17 
56.756400    6.7837952e-17 
56.827200    6.7815296e-17 
56.898000    6.7792640e-17 
56.968800    6.7769984e-17 
57.039600    6.7747328e-17 
57.110400    6.7724672e-17 
57.181200    6.7702016e-17 
57.252000    6.7679360e-17 
57.322800    6.7656704e-17 
57.393600    6.7634048e-17 
57.464400    6.7611392e-17 
57.535200    6.7588736e-17 
57.606000    6.7566080e-17 
57.676800    6.7543424e-17 
57.747600    6.7520768e-17 
57.818400    6.7498112e-17 
57.889200    6.7475456e-17 
57.960000    6.7452800e-17 
58.030800    6.7430144e-17 
58.101600    6.7407488e-17 
58.172400    6.7384832e-17 
58.243200    6.7362176e-17 
58.314000    6.7339520e-17 
58.384800    6.7316864e-17 
58.455600    6.7294208e-17 
58.526400    6.7271552e-17 
58.597200    6.7248896e-17 
58.668000    6.7226240e-17 
58.738800    6.7203584e-17 
58.809600    6.7180928e-17 
58.880400    6.7158272e-17 
58.951200    6.7135616e-17 
59.022000    6.7112960e-17 
59.092800    6.7090304e-17 
59.163600    6.7067648e-17 
59.234400    6.7044992e-17 
59.305200    6.7022336e-17 
59.376000    6.6999680e-17 
59.446800    6.6977024e-17 
59.517600    6.6954368e-17 
59.588400    6.6931712e-17 
59.659200    6.6909056e-17 
59.730000    6.6886400e-17 
59.800800    6.6863744e-17 
59.871600    6.6841088e-17 
59.942400    6.6818432e-17 
60.013200    6.6795776e-17 
60.084000    6.6773120e-17 
60.154800    6.6750464e-17 
60.225600    6.6727808e-17 
60.296400    6.6705152e-17 
60.367200    6.6682496e-17 
60.438000    6.6659840e-17 
60.508800    6.6637184e-17 
60.579600    6.6614528e-17 
60.650400    6.6591872e-17 
60.721200    6.6569216e-17 
60.792000    6.6546560e-17 
60.862800    6.6523904e-17 
60.933600    6.6501248e-17 
61.004400    6.6478592e-17 
61.075200    6.6455936e-17 
61.146000    6.6433280e-17 
61.216800    6.6410624e-17 
61.287600    6.6387968e-17 
61.358400    6.6365312e-17 
61.429200    6.6342656e-17 
61.500000    6.6320000e-17 
61.570800    6.6297344e-17 
61.641600    6.6274688e-17 
61.712400    6.6252032e-17 
61.783200    6.6229376e-17 
61.854000    6.6206720e-17 
61.924800    6.6184064e-17 
61.995600    6.6161408e-17 
62.066400    6.6138752e-17 
62.137200    6.6116096e-17 
62.208000    6.6093440e-17 
62.278800    6.6070784e-17 
62.349600    6.6048128e-17 
62.420400    6.6025472e-17 
62.491200    6.6002816e-17 
62.562000    6.5980160e-17 
62.632800    6.5957504e-17 
62.703600    6.5934848e-17 
62.774400    6.5912192e-17 
62.845200    6.5889536e-17 
62.916000    6.5866880e-17 
62.986800    6.5844224e-17 
63.057600    6.5821568e-17 
63.128400    6.5798912e-17 
63.199200    6.5776256e-17 
63.270000    6.5753600e-17 
63.340800    6.5730944e-17 
63.411600    6.5708288e-17 
63.482400    6.5685632e-17 
63.553200    6.5662976e-17 
63.624000    6.5640320e-17 
63.694800    6.5617664e-17 
63.765600    6.5595008e-17 
63.836400    6.5572352e-17 
63.907200    6.5549696e-17 
63.978000    6.5527040e-17 
64.048800    6.5504384e-17 
64.119600    6.5481728e-17 
64.190400    6.5459072e-17 
64.261200    6.5436416e-17 
64.332000    6.5413760e-17 
64.402800    6.5391104e-17 
64.473600    6.5368448e-17 
64.544400    6.5345792e-17 
64.615200    6.5323136e-17 
64.686000    6.5300480e-17 
64.756800    6.5277824e-17 
64.827600    6.5255168e-17 
64.898400    6.5232512e-17 
64.969200    6.5209856e-17 
65.040000    6.5187200e-17 
65.110800    6.5164544e-17 
65.181600    6.5141888e-17 
65.252400    6.5119232e-17 
65.323200    6.5096576e-17 
65.394000    6.5073920e-17 
65.464800    6.5051264e-17 
65.535600    6.5028608e-17 
65.606400    6.5005952e-17 
65.677200    6.4983296e-17 
65.748000    6.4960640e-17 
65.818800    6.4937984e-17 
65.889600    6.4915328e-17 
65.960400    6.4892672e-17 
66.031200    6.4870016e-17 
66.102000    6.4847360e-17 
66.172800    6.4824704e-17 
66.243600    6.4802048e-17 
66.314400    6.4779392e-17 
66.385200    6.4756736e-17 
66.456000    6.4734080e-17 
66.526800    6.4711424e-17 
66.597600    6.4688768e-17 
66.668400    6.4666112e-17 
66.739200    6.4643456e-17 
66.810000    6.4620800e-17 
66.880800    6.4598144e-17 
66.951600    6.4575488e-17 
67.022400    6.4552832e-17 
67.093200    6.4530176e-17 
67.164000    6.4507520e-17 
67.234800    6.4484864e-17 
67.305600    6.4462208e-17 
67.376400    6.4439552e-17 
67.447200    6.4416896e-17 
67.518000    6.4394240e-17 
67.588800    6.4371584e-17 
67.659600    6.4348928e-17 
67.730400    6.4326272e-17 
67.801200    6.4303616e-17 
67.872000    6.4280960e-17 
67.942800    6.4258304e-17 
68.013600    6.4235648e-17 
68.084400    6.4212992e-17 
68.155200    6.4190336e-17 
68.226000    6.4167680e-17 
68.296800    6.4145024e-17 
68.367600    6.4122368e-17 
68.438400    6.4099712e-17 
68.509200    6.4077056e-17 
68.580000    6.4054400e-17 
68.650800    6.4031744e-17 
68.721600    6.4009088e-17 
68.792400    6.3986432e-17 
68.863200    6.3963776e-17 
68.934000    6.3941120e-17 
69.004800    6.3918464e-17 
69.075600    6.3895808e-17 
69.146400    6.3873152e-17 
69.217200    6.3850496e-17 
69.288000    6.3827840e-17 
69.358800    6.3805184e-17 
69.429600    6.3782528e-17 
69.500400    6.3759872e-17 
69.571200    6.3737216e-17 
69.642000    6.3714560e-17 
69.712800    6.3691904e-17 
69.783600    6.3669248e-17 
69.854400    6.3646592e-17 
69.925200    6.3623936e-17 
69.996000    6.3601280e-17 
70.066800    6.3578624e-17 
70.137600    6.3555968e-17 
70.208400    6.3533312e-17 
70.279200    6.3510656e-17 
70.350000    6.3488000e-17 
70.420800    6.3465344e-17 
70.491600    6.3442688e-17 
70.562400    6.3420032e-17 
70.633200    6.3397376e-17 
70.704000    6.3374720e-17 
70.774800    6.3352064e-17 
70.845600    6.3329408e-17 
70.916400    6.3306752e-17 
70.987200    6.3284096e-17 
71.058000    6.3261440e-17 
71.128800    6.3238784e-17 
71.199600    6.3216128e-17 
71.270400    6.3193472e-17 
71.341200    6.3170816e-17 
71.412000    6.3148160e-17 
71.482800    6.3125504e-17 
71.553600    6.3102848e-17 
71.624400    6.3080192e-17 
71.695200    6.3057536e-17 
71.766000    6.3034880e-17 
71.836800    6.3012224e-17 
71.907600    6.2989568e-17 
71.978400    6.2966912e-17 
72.049200    6.2944256e-17 
72.120000    6.2921600e-17 
72.190800    6.2898944e-17 
72.261600    6.2876288e-17 
72.332400    6.2853632e-17 
72.403200    6.2830976e-17 
72.474000    6.2808320e-17 
72.544800    6.2785664e-17 
72.615600    6.2763008e-17 
72.686400    6.2740352e-17 
72.757200    6.2717696e-17 
72.828000    6.2695040e-17 
72.898800    6.2672384e-17 
72.969600    6.2649728e-17 
73.040400    6.2627072e-17 
73.111200    6.2604416e-17 
73.182000    6.2581760e-17 
73.252800    6.2559104e-17 
73.323600    6.2536448e-17 
73.394400    6.2513792e-17 
73.465200    6.2491136e-17 
73.536000    6.2468480e-17 
73.606800    6.2445824e-17 
73.677600    6.2423168e-17 
73.748400    6.2400512e-17 
73.819200    6.2377856e-17 
73.890000    6.2355200e-17 
73.960800    6.2332544e-17 
74.031600    6.2309888e-17 
74.102400    6.2287232e-17 
74.173200    6.2264576e-17 
74.244000    6.2241920e-17 
74.314800    6.2219264e-17 
74.385600    6.2196608e-17 
74.456400    6.2173952e-17 
74.527200    6.2151296e-17 
74.598000    6.2128640e-17 
74.668800    6.2105984e-17 
74.739600    6.2083328e-17 
74.810400    6.2060672e-17 
74.881200    6.2038016e-17 
74.952000    6.2015360e-17 
75.022800    6.1992704e-17 
75.093600    6.1970048e-17 
75.164400    6.1947392e-17 
75.235200    6.1924736e-17 
75.306000    6.1902080e-17 
75.376800    6.1879424e-17 
75.447600    6.1856768e-17 
75.518400    6.1834112e-17 
75.589200    6.1811456e-17 
75.660000    6.1788800e-17 
75.730800    6.1766144e-17 
75.801600    6.1743488e-17 
75.872400    6.1720832e-17 
75.943200    6.1698176e-17 
76.014000    6.1675520e-17 
76.084800    6.1652864e-17 
76.155600    6.1630208e-17 
76.226400    6.1607552e-17 
76.297200    6.1584896e-17 
76.368000    6.1562240e-17 
76.438800    6.1539584e-17 
76.509600    6.1516928e-17 
76.580400    6.1494272e-17 
76.651200    6.1471616e-17 
76.722000    6.1448960e-17 
76.792800    6.1426304e-17 
76.863600    6.1403648e-17 
76.934400    6.1380992e-17 
77.005200    6.1358336e-17 
77.076000    6.1335680e-17 
77.146800    6.1313024e-17 
77.217600    6.1290368e-17 
77.288400    6.1267712e-17 
77.359200    6.1245056e-17 
77.430000    6.1222400e-17 
77.500800    6.1199744e-17 
77.571600    6.1177088e-17 
77.642400    6.1154432e-17 
77.713200    6.1131776e-17 
77.784000    6.1109120e-17 
77.854800    6.1086464e-17 
77.925600    6.1063808e-17 
77.996400    6.1041152e-17 
78.067200    6.1018496e-17 
78.138000    6.0995840e-17 
78.208800    6.0973184e-17 
78.279600    6.0950528e-17 
78.350400    6.0927872e-17 
78.421200    6.0905216e-17 
78.492000    6.0882560e-17 
78.562800    6.0859904e-17 
78.633600    6.0837248e-17 
78.704400    6.0814592e-17 
78.775200    6.0791936e-17 
78.846000    6.0769280e-17 
78.916800    6.0746624e-17 
78.987600    6.0723968e-17 
79.058400    6.0701312e-17 
79.129200    6.0678656e-17 
79.200000    6.0656000e-17 
79.270800    6.0633344e-17 
79.341600    6.0610688e-17 
79.412400    6.0588032e-17 
79.483200    6.0565376e-17 
79.554000    6.0542720e-17 
79.624800    6.0520064e-17 
79.695600    6.0497408e-17 
79.766400    6.0474752e-17 
79.837200    6.0452096e-17 
79.908000    6.0429440e-17 
79.978800    6.0406784e-17 
80.049600    6.0384128e-17 
80.120400    6.0361472e-17 
80.191200    6.0338816e-17 
80.262000    6.0316160e-17 
80.332800    6.0293504e-17 
80.403600    6.0270848e-17 
80.474400    6.0248192e-17 
80.545200    6.0225536e-17 
80.616000    6.0202880e-17 
80.686800    6.0180224e-17 
80.757600    6.0157568e-17 
80.828400    6.0134912e-17 
80.899200    6.0112256e-17 
80.970000    6.0089600e-17 
81.040800    6.0066944e-17 
81.111600    6.0044288e-17 
81.182400    6.0021632e-17 
81.253200    5.9998976e-17 
81.324000    5.9976320e-17 
81.394800    5.9953664e-17 
81.465600    5.9931008e-17 
81.536400    5.9908352e-17 
81.607200    5.9885696e-17 
81.678000    5.9863040e-17 
81.748800    5.9840384e-17 
81.819600    5.9817728e-17 
81.890400    5.9795072e-17 
81.961200    5.9772416e-17 
82.032000    5.9749760e-17 
82.102800    5.9727104e-17 
82.173600    5.9704448e-17 
82.244400    5.9681792e-17 
82.315200    5.9659136e-17 
82.386000    5.9636480e-17 
82.456800    5.9613824e-17 
82.527600    5.9591168e-17 
82.598400    5.9568512e-17 
82.669200    5.9545856e-17 
82.740000    5.9523200e-17 
82.810800    5.9500544e-17 
82.881600    5.9477888e-17 
82.952400    5.9455232e-17 
83.023200    5.9432576e-17 
83.094000    5.9409920e-17 
83.164800    5.9387264e-17 
83.235600    5.9364608e-17 
83.306400    5.9341952e-17 
83.377200    5.9319296e-17 
83.448000    5.9296640e-17 
83.518800    5.9273984e-17 
83.589600    5.9251328e-17 
83.660400    5.9228672e-17 
83.731200    5.9206016e-17 
83.802000    5.9183360e-17 
83.872800    5.9160704e-17 
83.943600    5.9138048e-17 
84.014400    5.9115392e-17 
84.085200    5.9092736e-17 
84.156000    5.9070080e-17 
84.226800    5.9047424e-17 
84.297600    5.9024768e-17 
84.368400    5.9002112e-17 
84.439200    5.8979456e-17 
84.510000    5.8956800e-17 
84.580800    5.8934144e-17 
84.651600    5.8911488e-17 
84.722400    5.8888832e-17 
84.793200    5.8866176e-17 
84.864000    5.8843520e-17 
84.934800    5.8820864e-17 
85.005600    5.8798208e-17 
85.076400    5.8775552e-17 
85.147200    5.8752896e-17 
85.218000    5.8730240e-17 
85.288800    5.8707584e-17 
85.359600    5.8684928e-17 
85.430400    5.8662272e-17 
85.501200    5.8639616e-17 
85.572000    5.8616960e-17 
85.642800    5.8594304e-17 
85.713600    5.8571648e-17 
85.784400    5.8548992e-17 
85.855200    5.8526336e-17 
85.926000    5.8503680e-17 
85.996800    5.8481024e-17 
86.067600    5.8458368e-17 
86.138400    5.8435712e-17 
86.209200    5.8413056e-17 
86.280000    5.8390400e-17 
86.350800    5.8367744e-17 
86.421600    5.8345088e-17 
86.492400    5.8322432e-17 
86.563200    5.8299776e-17 
86.634000    5.8277120e-17 
86.704800    5.8254464e-17 
86.775600    5.8231808e-17 
86.846400    5.8209152e-17 
86.917200    5.8186496e-17 
86.988000    5.8163840e-17 
87.058800    5.8141184e-17 
87.129600    5.8118528e-17 
87.200400    5.8095872e-17 
87.271200    5.8073216e-17 
87.342000    5.8050560e-17 
87.412800    5.8027904e-17 
87.483600    5.8005248e-17 
87.554400    5.7982592e-17 
87.625200    5.7959936e-17 
87.696000    5.7937280e-17 
87.766800    5.7914624e-17 
87.837600    5.7891968e-17 
87.908400    5.7869312e-17 
87.979200    5.7846656e-17 
88.050000    5.7824000e-17 
88.120800    5.7801344e-17 
88.191600    5.7778688e-17 
88.262400    5.7756032e-17 
88.333200    5.7733376e-17 
88.404000    5.7710720e-17 
88.474800    5.7688064e-17 
88.545600    5.7665408e-17 
88.616400    5.7642752e-17 
88.687200    5.7620096e-17 
88.758000    5.7597440e-17 
88.828800    5.7574784e-17 
88.899600    5.7552128e-17 
88.970400    5.7529472e-17 
89.041200    5.7506816e-17 
89.112000    5.7484160e-17 
89.182800    5.7461504e-17 
89.253600    5.7438848e-17 
89.324400    5.7416192e-17 
89.395200    5.7393536e-17 
89.466000    5.7370880e-17 
89.536800    5.7348224e-17 
89.607600    5.7325568e-17 
89.678400    5.7302912e-17 
89.749200    5.7280256e-17 
89.820000    5.7257600e-17 
89.890800    5.7234944e-17 
89.961600    5.7212288e-17 
90.032400    5.7189632e-17 
90.103200    5.7166976e-17 
90.174000    5.7144320e-17 
90.244800    5.7121664e-17 
90.315600    5.7099008e-17 
90.386400    5.7076352e-17 
90.457200    5.7053696e-17 
90.528000    5.7031040e-17 
90.598800    5.7008384e-17 
90.669600    5.6985728e-17 
90.740400    5.6963072e-17 
90.811200    5.6940416e-17 
90.882000    5.6917760e-17 
90.952800    5.6895104e-17 
91.023600    5.6872448e-17 
91.094400    5.6849792e-17 
91.165200    5.6827136e-17 
91.236000    5.6804480e-17 
91.306800    5.6781824e-17 
91.377600    5.6759168e-17 
91.448400    5.6736512e-17 
91.519200    5.6713856e-17 
91.590000    5.6691200e-17 
91.660800    5.6668544e-17 
91.731600    5.6645888e-17 
91.802400    5.6623232e-17 
91.873200    5.6600576e-17 
91.944000    5.6577920e-17 
92.014800    5.6555264e-17 
92.085600    5.6532608e-17 
92.156400    5.6509952e-17 
92.227200    5.6487296e-17 
92.298000    5.6464640e-17 
92.368800    5.6441984e-17 
92.439600    5.6419328e-17 
92.510400    5.6396672e-17 
92.581200    5.6374016e-17 
92.652000    5.6351360e-17 
92.722800    5.6328704e-17 
92.793600    5.6306048e-17 
92.864400    5.6283392e-17 
92.935200    5.6260736e-17 
93.006000    5.6238080e-17 
93.076800    5.6215424e-17 
93.147600    5.6192768e-17 
93.218400    5.6170112e-17 
93.289200    5.6147456e-17 
93.360000    5.6124800e-17 
93.430800    5.6102144e-17 
93.501600    5.6079488e-17 
93.572400    5.6056832e-17 
93.643200    5.6034176e-17 
93.714000    5.6011520e-17 
93.784800    5.5988864e-17 
93.855600    5.5966208e-17 
93.926400    5.5943552e-17 
93.997200    5.5920896e-17 
94.068000    5.5898240e-17 
94.138800    5.5875584e-17 
94.209600    5.5852928e-17 
94.280400    5.5830272e-17 
94.351200    5.5807616e-17 
94.422000    5.5784960e-17 
94.492800    5.5762304e-17 
94.563600    5.5739648e-17 
94.634400    5.5716992e-17 
94.705200    5.5694336e-17 
94.776000    5.5671680e-17 
94.846800    5.5649024e-17 
94.917600    5.5626368e-17 
94.988400    5.5603712e-17 
95.059200    5.5581056e-17 
95.130000    5.5558400e-17 
95.200800    5.5535744e-17 
95.271600    5.5513088e-17 
95.342400    5.5490432e-17 
95.413200    5.5467776e-17 
95.484000    5.5445120e-17 
95.554800    5.5422464e-17 
95.625600    5.5399808e-17 
95.696400    5.5377152e-17 
95.767200    5.5354496e-17 
95.838000    5.5331840e-17 
95.908800    5.5309184e-17 
95.979600    5.5286528e-17 
96.050400    5.5263872e-17 
96.121200    5.5241216e-17 
96.192000    5.5218560e-17 
96.262800    5.5195904e-17 
96.333600    5.5173248e-17 
96.404400    5.5150592e-17 
96.475200    5.5127936e-17 
96.546000    5.5105280e-17 
96.616800    5.5082624e-17 
96.687600    5.5059968e-17 
96.758400    5.5037312e-17 
96.829200    5.5014656e-17 
96.900000    5.4992000e-17 
96.970800    5.4969344e-17 
97.041600    5.4946688e-17 
97.112400    5.4924032e-17 
97.183200    5.4901376e-17 
97.254000    5.4878720e-17 
97.324800    5.4856064e-17 
97.395600    5.4833408e-17 
97.466400    5.4810752e-17 
97.537200    5.4788096e-17 
97.608000    5.4765440e-17 
97.678800    5.4742784e-17 
97.749600    5.4720128e-17 
97.820400    5.4697472e-17 
97.891200    5.4674816e-17 
97.962000    5.4652160e-17 
98.032800    5.4629504e-17 
98.103600    5.4606848e-17 
98.174400    5.4584192e-17 
98.245200    5.4561536e-17 
98.316000    5.4538880e-17 
98.386800    5.4516224e-17 
98.457600    5.4493568e-17 
98.528400    5.4470912e-17 
98.599200    5.4448256e-17 
98.670000    5.4425600e-17 
98.740800    5.4402944e-17 
98.811600    5.4380288e-17 
98.882400    5.4357632e-17 
98.953200    5.4334976e-17 
99.024000    5.4312320e-17 
99.094800    5.4289664e-17 
99.165600    5.4267008e-17 
99.236400    5.4244352e-17 
99.307200    5.4221696e-17 
99.378000    5.4199040e-17 
99.448800    5.4176384e-17 
99.519600    5.4153728e-17 
99.590400    5.4131072e-17 
99.661200    5.4108416e-17 
99.732000    5.4085760e-17 
99.802800    5.4063104e-17 
99.873600    5.4040448e-17 
99.944400    5.4017792e-17 
100.015200    5.3993312e-17 
100.086000    5.3962160e-17 
100.156800    5.3931008e-17 
100.227600    5.3899856e-17 
100.298400    5.3868704e-17 
100.369200    5.3837552e-17 
100.440000    5.3806400e-17 
100.510800    5.3775248e-17 
100.581600    5.3744096e-17 
100.652400    5.3712944e-17 
100.723200    5.3681792e-17 
100.794000    5.3650640e-17 
100.864800    5.3619488e-17 
100.935600    5.3588336e-17 
101.006400    5.3557184e-17 
101.077200    5.3526032e-17 
101.148000    5.3494880e-17 
101.218800    5.3463728e-17 
101.289600    5.3432576e-17 
101.360400    5.3401424e-17 
101.431200    5.3370272e-17 
101.502000    5.3339120e-17 
101.572800    5.3307968e-17 
101.643600    5.3276816e-17 
101.714400    5.3245664e-17 
101.785200    5.3214512e-17 
101.856000    5.3183360e-17 
101.926800    5.3152208e-17 
101.997600    5.3121056e-17 
102.068400    5.3089904e-17 
102.139200    5.3058752e-17 
102.210000    5.3027600e-17 
102.280800    5.2996448e-17 
102.351600    5.2965296e-17 
102.422400    5.2934144e-17 
102.493200    5.2902992e-17 
102.564000    5.2871840e-17 
102.634800    5.2840688e-17 
102.705600    5.2809536e-17 
102.776400    5.2778384e-17 
102.847200    5.2747232e-17 
102.918000    5.2716080e-17 
102.988800    5.2684928e-17 
103.059600    5.2653776e-17 
103.130400    5.2622624e-17 
103.201200    5.2591472e-17 
103.272000    5.2560320e-17 
103.342800    5.2529168e-17 
103.413600    5.2498016e-17 
103.484400    5.2466864e-17 
103.555200    5.2435712e-17 
103.626000    5.2404560e-17 
103.696800    5.2373408e-17 
103.767600    5.2342256e-17 
103.838400    5.2311104e-17 
103.909200    5.2279952e-17 
103.980000    5.2248800e-17 
104.050800    5.2217648e-17 
104.121600    5.2186496e-17 
104.192400    5.2155344e-17 
104.263200    5.2124192e-17 
104.334000    5.2093040e-17 
104.404800    5.2061888e-17 
104.475600    5.2030736e-17 
104.546400    5.1999584e-17 
104.617200    5.1968432e-17 
104.688000    5.1937280e-17 
104.758800    5.1906128e-17 
104.829600    5.1874976e-17 
104.900400    5.1843824e-17 
104.971200    5.1812672e-17 
105.042000    5.1781520e-17 
105.112800    5.1750368e-17 
105.183600    5.1719216e-17 
105.254400    5.1688064e-17 
105.325200    5.1656912e-17 
105.396000    5.1625760e-17 
105.466800    5.1594608e-17 
105.537600    5.1563456e-17 
105.608400    5.1532304e-17 
105.679200    5.1501152e-17 
105.750000    5.1470000e-17 
105.820800    5.1438848e-17 
105.891600    5.1407696e-17 
105.962400    5.1376544e-17 
106.033200    5.1345392e-17 
106.104000    5.1314240e-17 
106.174800    5.1283088e-17 
106.245600    5.1251936e-17 
106.316400    5.1220784e-17 
106.387200    5.1189632e-17 
106.458000    5.1158480e-17 
106.528800    5.1127328e-17 
106.599600    5.1096176e-17 
106.670400    5.1065024e-17 
106.741200    5.1033872e-17 
106.812000    5.1002720e-17 
106.882800    5.0971568e-17 
106.953600    5.0940416e-17 
107.024400    5.0909264e-17 
107.095200    5.0878112e-17 
107.166000    5.0846960e-17 
107.236800    5.0815808e-17 
107.307600    5.0784656e-17 
107.378400    5.0753504e-17 
107.449200    5.0722352e-17 
107.520000    5.0691200e-17 
107.590800    5.0660048e-17 
107.661600    5.0628896e-17 
107.732400    5.0597744e-17 
107.803200    5.0566592e-17 
107.874000    5.0535440e-17 
107.944800    5.0504288e-17 
108.015600    5.0473136e-17 
108.086400    5.0441984e-17 
108.157200    5.0410832e-17 
108.228000    5.0379680e-17 
108.298800    5.0348528e-17 
108.369600    5.0317376e-17 
108.440400    5.0286224e-17 
108.511200    5.0255072e-17 
108.582000    5.0223920e-17 
108.652800    5.0192768e-17 
108.723600    5.0161616e-17 
108.794400    5.0130464e-17 
108.865200    5.0099312e-17 
108.936000    5.0068160e-17 
109.006800    5.0037008e-17 
109.077600    5.0005856e-17 
109.148400    4.9974704e-17 
109.219200    4.9943552e-17 
109.290000    4.9912400e-17 
109.360800    4.9881248e-17 
109.431600    4.9850096e-17 
109.502400    4.9818944e-17 
109.573200    4.9787792e-17 
109.644000    4.9756640e-17 
109.714800    4.9725488e-17 
109.785600    4.9694336e-17 
109.856400    4.9663184e-17 
109.927200    4.9632032e-17 
109.998000    4.9600880e-17 
110.068800    4.9569728e-17 
110.139600    4.9538576e-17 
110.210400    4.9507424e-17 
110.281200    4.9476272e-17 
110.352000    4.9445120e-17 
110.422800    4.9413968e-17 
110.493600    4.9382816e-17 
110.564400    4.9351664e-17 
110.635200    4.9320512e-17 
110.706000    4.9289360e-17 
110.776800    4.9258208e-17 
110.847600    4.9227056e-17 
110.918400    4.9195904e-17 
110.989200    4.9164752e-17 
111.060000    4.9133600e-17 
111.130800    4.9102448e-17 
111.201600    4.9071296e-17 
111.272400    4.9040144e-17 
111.343200    4.9008992e-17 
111.414000    4.8977840e-17 
111.484800    4.8946688e-17 
111.555600    4.8915536e-17 
111.626400    4.8884384e-17 
111.697200    4.8853232e-17 
111.768000    4.8822080e-17 
111.838800    4.8790928e-17 
111.909600    4.8759776e-17 
111.980400    4.8728624e-17 
112.051200    4.8697472e-17 
112.122000    4.8666320e-17 
112.192800    4.8635168e-17 
112.263600    4.8604016e-17 
112.334400    4.8572864e-17 
112.405200    4.8541712e-17 
112.476000    4.8510560e-17 
112.546800    4.8479408e-17 
112.617600    4.8448256e-17 
112.688400    4.8417104e-17 
112.759200    4.8385952e-17 
112.830000    4.8354800e-17 
112.900800    4.8323648e-17 
112.971600    4.8292496e-17 
113.042400    4.8261344e-17 
113.113200    4.8230192e-17 
113.184000    4.8199040e-17 
113.254800    4.8167888e-17 
113.325600    4.8136736e-17 
113.396400    4.8105584e-17 
113.467200    4.8074432e-17 
113.538000    4.8043280e-17 
113.608800    4.8012128e-17 
113.679600    4.7980976e-17 
113.750400    4.7949824e-17 
113.821200    4.7918672e-17 
113.892000    4.7887520e-17 
113.962800    4.7856368e-17 
114.033600    4.7825216e-17 
114.104400    4.7794064e-17 
114.175200    4.7762912e-17 
114.246000    4.7731760e-17 
114.316800    4.7700608e-17 
114.387600    4.7669456e-17 
114.458400    4.7638304e-17 
114.529200    4.7607152e-17 
114.600000    4.7576000e-17 
114.670800    4.7544848e-17 
114.741600    4.7513696e-17 
114.812400    4.7482544e-17 
114.883200    4.7451392e-17 
114.954000    4.7420240e-17 
115.024800    4.7389088e-17 
115.095600    4.7357936e-17 
115.166400    4.7326784e-17 
115.237200    4.7295632e-17 
115.308000    4.7264480e-17 
115.378800    4.7233328e-17 
115.449600    4.7202176e-17 
115.520400    4.7171024e-17 
115.591200    4.7139872e-17 
115.662000    4.7108720e-17 
115.732800    4.7077568e-17 
115.803600    4.7046416e-17 
115.874400    4.7015264e-17 
115.945200    4.6984112e-17 
116.016000    4.6952960e-17 
116.086800    4.6921808e-17 
116.157600    4.6890656e-17 
116.228400    4.6859504e-17 
116.299200    4.6828352e-17 
116.370000    4.6797200e-17 
116.440800    4.6766048e-17 
116.511600    4.6734896e-17 
116.582400    4.6703744e-17 
116.653200    4.6672592e-17 
116.724000    4.6641440e-17 
116.794800    4.6610288e-17 
116.865600    4.6579136e-17 
116.936400    4.6547984e-17 
117.007200    4.6516832e-17 
117.078000    4.6485680e-17 
117.148800    4.6454528e-17 
117.219600    4.6423376e-17 
117.290400    4.6392224e-17 
117.361200    4.6361072e-17 
117.432000    4.6329920e-17 
117.502800    4.6298768e-17 
117.573600    4.6267616e-17 
117.644400    4.6236464e-17 
117.715200    4.6205312e-17 
117.786000    4.6174160e-17 
117.856800    4.6143008e-17 
117.927600    4.6111856e-17 
117.998400    4.6080704e-17 
118.069200    4.6049552e-17 
118.140000    4.6018400e-17 
118.210800    4.5987248e-17 
118.281600    4.5956096e-17 
118.352400    4.5924944e-17 
118.423200    4.5893792e-17 
118.494000    4.5862640e-17 
118.564800    4.5831488e-17 
118.635600    4.5800336e-17 
118.706400    4.5769184e-17 
118.777200    4.5738032e-17 
118.848000    4.5706880e-17 
118.918800    4.5675728e-17 
118.989600    4.5644576e-17 
119.060400    4.5613424e-17 
119.131200    4.5582272e-17 
119.202000    4.5551120e-17 
119.272800    4.5519968e-17 
119.343600    4.5488816e-17 
119.414400    4.5457664e-17 
119.485200    4.5426512e-17 
119.556000    4.5395360e-17 
119.626800    4.5364208e-17 
119.697600    4.5333056e-17 
119.768400    4.5301904e-17 
119.839200    4.5270752e-17 
119.910000    4.5239600e-17 
119.980800    4.5208448e-17 
120.051600    4.5177296e-17 
120.122400    4.5146144e-17 
120.193200    4.5114992e-17 
120.264000    4.5083840e-17 
120.334800    4.5052688e-17 
120.405600    4.5021536e-17 
120.476400    4.4990384e-17 
120.547200    4.4959232e-17 
120.618000    4.4928080e-17 
120.688800    4.4896928e-17 
120.759600    4.4865776e-17 
120.830400    4.4834624e-17 
120.901200    4.4803472e-17 
120.972000    4.4772320e-17 
121.042800    4.4741168e-17 
121.113600    4.4710016e-17 
121.184400    4.4678864e-17 
121.255200    4.4647712e-17 
121.326000    4.4616560e-17 
121.396800    4.4585408e-17 
121.467600    4.4554256e-17 
121.538400    4.4523104e-17 
121.609200    4.4491952e-17 
121.680000    4.4460800e-17 
121.750800    4.4429648e-17 
121.821600    4.4398496e-17 
121.892400    4.4367344e-17 
121.963200    4.4336192e-17 
122.034000    4.4305040e-17 
122.104800    4.4273888e-17 
122.175600    4.4242736e-17 
122.246400    4.4211584e-17 
122.317200    4.4180432e-17 
122.388000    4.4149280e-17 
122.458800    4.4118128e-17 
122.529600    4.4086976e-17 
122.600400    4.4055824e-17 
122.671200    4.4024672e-17 
122.742000    4.3993520e-17 
122.812800    4.3962368e-17 
122.883600    4.3931216e-17 
122.954400    4.3900064e-17 
123.025200    4.3868912e-17 
123.096000    4.3837760e-17 
123.166800    4.3806608e-17 
123.237600    4.3775456e-17 
123.308400    4.3744304e-17 
123.379200    4.3713152e-17 
123.450000    4.3682000e-17 
123.520800    4.3650848e-17 
123.591600    4.3619696e-17 
123.662400    4.3588544e-17 
123.733200    4.3557392e-17 
123.804000    4.3526240e-17 
123.874800    4.3495088e-17 
123.945600    4.3463936e-17 
124.016400    4.3432784e-17 
124.087200    4.3401632e-17 
124.158000    4.3370480e-17 
124.228800    4.3339328e-17 
124.299600    4.3308176e-17 
124.370400    4.3277024e-17 
124.441200    4.3245872e-17 
124.512000    4.3214720e-17 
124.582800    4.3183568e-17 
124.653600    4.3152416e-17 
124.724400    4.3121264e-17 
124.795200    4.3090112e-17 
124.866000    4.3058960e-17 
124.936800    4.3027808e-17 
125.007600    4.2996656e-17 
125.078400    4.2965504e-17 
125.149200    4.2934352e-17 
125.220000    4.2903200e-17 
125.290800    4.2872048e-17 
125.361600    4.2840896e-17 
125.432400    4.2809744e-17 
125.503200    4.2778592e-17 
125.574000    4.2747440e-17 
125.644800    4.2716288e-17 
125.715600    4.2685136e-17 
125.786400    4.2653984e-17 
125.857200    4.2622832e-17 
125.928000    4.2591680e-17 
125.998800    4.2560528e-17 
126.069600    4.2529376e-17 
126.140400    4.2498224e-17 
126.211200    4.2467072e-17 
126.282000    4.2435920e-17 
126.352800    4.2404768e-17 
126.423600    4.2373616e-17 
126.494400    4.2342464e-17 
126.565200    4.2311312e-17 
126.636000    4.2280160e-17 
126.706800    4.2249008e-17 
126.777600    4.2217856e-17 
126.848400    4.2186704e-17 
126.919200    4.2155552e-17 
126.990000    4.2124400e-17 
127.060800    4.2093248e-17 
127.131600    4.2062096e-17 
127.202400    4.2030944e-17 
127.273200    4.1999792e-17 
127.344000    4.1968640e-17 
127.414800    4.1937488e-17 
127.485600    4.1906336e-17 
127.556400    4.1875184e-17 
127.627200    4.1844032e-17 
127.698000    4.1812880e-17 
127.768800    4.1781728e-17 
127.839600    4.1750576e-17 
127.910400    4.1719424e-17 
127.981200    4.1688272e-17 
128.052000    4.1657120e-17 
128.122800    4.1625968e-17 
128.193600    4.1594816e-17 
128.264400    4.1563664e-17 
128.335200    4.1532512e-17 
128.406000    4.1501360e-17 
128.476800    4.1470208e-17 
128.547600    4.1439056e-17 
128.618400    4.1407904e-17 
128.689200    4.1376752e-17 
128.760000    4.1345600e-17 
128.830800    4.1314448e-17 
128.901600    4.1283296e-17 
128.972400    4.1252144e-17 
129.043200    4.1220992e-17 
129.114000    4.1189840e-17 
129.184800    4.1158688e-17 
129.255600    4.1127536e-17 
129.326400    4.1096384e-17 
129.397200    4.1065232e-17 
129.468000    4.1034080e-17 
129.538800    4.1002928e-17 
129.609600    4.0971776e-17 
129.680400    4.0940624e-17 
129.751200    4.0909472e-17 
129.822000    4.0878320e-17 
129.892800    4.0847168e-17 
129.963600    4.0816016e-17 
130.034400    4.0784864e-17 
130.105200    4.0753712e-17 
130.176000    4.0722560e-17 
130.246800    4.0691408e-17 
130.317600    4.0660256e-17 
130.388400    4.0629104e-17 
130.459200    4.0597952e-17 
130.530000    4.0566800e-17 
130.600800    4.0535648e-17 
130.671600    4.0504496e-17 
130.742400    4.0473344e-17 
130.813200    4.0442192e-17 
130.884000    4.0411040e-17 
130.954800    4.0379888e-17 
131.025600    4.0348736e-17 
131.096400    4.0317584e-17 
131.167200    4.0286432e-17 
131.238000    4.0255280e-17 
131.308800    4.0224128e-17 
131.379600    4.0192976e-17 
131.450400    4.0161824e-17 
131.521200    4.0130672e-17 
131.592000    4.0099520e-17 
131.662800    4.0068368e-17 
131.733600    4.0037216e-17 
131.804400    4.0006064e-17 
131.875200    3.9974912e-17 
131.946000    3.9943760e-17 
132.016800    3.9912608e-17 
132.087600    3.9881456e-17 
132.158400    3.9850304e-17 
132.229200    3.9819152e-17 
132.300000    3.9788000e-17 
132.370800    3.9756848e-17 
132.441600    3.9725696e-17 
132.512400    3.9694544e-17 
132.583200    3.9663392e-17 
132.654000    3.9632240e-17 
132.724800    3.9601088e-17 
132.795600    3.9569936e-17 
132.866400    3.9538784e-17 
132.937200    3.9507632e-17 
133.008000    3.9476480e-17 
133.078800    3.9445328e-17 
133.149600    3.9414176e-17 
133.220400    3.9383024e-17 
133.291200    3.9351872e-17 
133.362000    3.9320720e-17 
133.432800    3.9289568e-17 
133.503600    3.9258416e-17 
133.574400    3.9227264e-17 
133.645200    3.9196112e-17 
133.716000    3.9164960e-17 
133.786800    3.9133808e-17 
133.857600    3.9102656e-17 
133.928400    3.9071504e-17 
133.999200    3.9040352e-17 
134.070000    3.9009200e-17 
134.140800    3.8978048e-17 
134.211600    3.8946896e-17 
134.282400    3.8915744e-17 
134.353200    3.8884592e-17 
134.424000    3.8853440e-17 
134.494800    3.8822288e-17 
134.565600    3.8791136e-17 
134.636400    3.8759984e-17 
134.707200    3.8728832e-17 
134.778000    3.8697680e-17 
134.848800    3.8666528e-17 
134.919600    3.8635376e-17 
134.990400    3.8604224e-17 
135.061200    3.8573072e-17 
135.132000    3.8541920e-17 
135.202800    3.8510768e-17 
135.273600    3.8479616e-17 
135.344400    3.8448464e-17 
135.415200    3.8417312e-17 
135.486000    3.8386160e-17 
135.556800    3.8355008e-17 
135.627600    3.8323856e-17 
135.698400    3.8292704e-17 
135.769200    3.8261552e-17 
135.840000    3.8230400e-17 
135.910800    3.8199248e-17 
135.981600    3.8168096e-17 
136.052400    3.8136944e-17 
136.123200    3.8105792e-17 
136.194000    3.8074640e-17 
136.264800    3.8043488e-17 
136.335600    3.8012336e-17 
136.406400    3.7981184e-17 
136.477200    3.7950032e-17 
136.548000    3.7918880e-17 
136.618800    3.7887728e-17 
136.689600    3.7856576e-17 
136.760400    3.7825424e-17 
136.831200    3.7794272e-17 
136.902000    3.7763120e-17 
136.972800    3.7731968e-17 
137.043600    3.7700816e-17 
137.114400    3.7669664e-17 
137.185200    3.7638512e-17 
137.256000    3.7607360e-17 
137.326800    3.7576208e-17 
137.397600    3.7545056e-17 
137.468400    3.7513904e-17 
137.539200    3.7482752e-17 
137.610000    3.7451600e-17 
137.680800    3.7420448e-17 
137.751600    3.7389296e-17 
137.822400    3.7358144e-17 
137.893200    3.7326992e-17 
137.964000    3.7295840e-17 
138.034800    3.7264688e-17 
138.105600    3.7233536e-17 
138.176400    3.7202384e-17 
138.247200    3.7171232e-17 
138.318000    3.7140080e-17 
138.388800    3.7108928e-17 
138.459600    3.7077776e-17 
138.530400    3.7046624e-17 
138.601200    3.7015472e-17 
138.672000    3.6984320e-17 
138.742800    3.6953168e-17 
138.813600    3.6922016e-17 
138.884400    3.6890864e-17 
138.955200    3.6859712e-17 
139.026000    3.6828560e-17 
139.096800    3.6797408e-17 
139.167600    3.6766256e-17 
139.238400    3.6735104e-17 
139.309200    3.6703952e-17 
139.380000    3.6672800e-17 
139.450800    3.6641648e-17 
139.521600    3.6610496e-17 
139.592400    3.6579344e-17 
139.663200    3.6548192e-17 
139.734000    3.6517040e-17 
139.804800    3.6485888e-17 
139.875600    3.6454736e-17 
139.946400    3.6423584e-17 
140.017200    3.6392432e-17 
140.088000    3.6361280e-17 
140.158800    3.6330128e-17 
140.229600    3.6298976e-17 
140.300400    3.6267824e-17 
140.371200    3.6236672e-17 
140.442000    3.6205520e-17 
140.512800    3.6174368e-17 
140.583600    3.6143216e-17 
140.654400    3.6112064e-17 
140.725200    3.6080912e-17 
140.796000    3.6049760e-17 
140.866800    3.6018608e-17 
140.937600    3.5987456e-17 
141.008400    3.5956304e-17 
141.079200    3.5925152e-17 
141.150000    3.5894000e-17 
141.220800    3.5862848e-17 
141.291600    3.5831696e-17 
141.362400    3.5800544e-17 
141.433200    3.5769392e-17 
141.504000    3.5738240e-17 
141.574800    3.5707088e-17 
141.645600    3.5675936e-17 
141.716400    3.5644784e-17 
141.787200    3.5613632e-17 
141.858000    3.5582480e-17 
141.928800    3.5551328e-17 
141.999600    3.5520176e-17 
142.070400    3.5489024e-17 
142.141200    3.5457872e-17 
142.212000    3.5426720e-17 
142.282800    3.5395568e-17 
142.353600    3.5364416e-17 
142.424400    3.5333264e-17 
142.495200    3.5302112e-17 
142.566000    3.5270960e-17 
142.636800    3.5239808e-17 
142.707600    3.5208656e-17 
142.778400    3.5177504e-17 
142.849200    3.5146352e-17 
142.920000    3.5115200e-17 
142.990800    3.5084048e-17 
143.061600    3.5052896e-17 
143.132400    3.5021744e-17 
143.203200    3.4990592e-17 
143.274000    3.4959440e-17 
143.344800    3.4928288e-17 
143.415600    3.4897136e-17 
143.486400    3.4865984e-17 
143.557200    3.4834832e-17 
143.628000    3.4803680e-17 
143.698800    3.4772528e-17 
143.769600    3.4741376e-17 
143.840400    3.4710224e-17 
143.911200    3.4679072e-17 
143.982000    3.4647920e-17 
144.052800    3.4616768e-17 
144.123600    3.4585616e-17 
144.194400    3.4554464e-17 
144.265200    3.4523312e-17 
144.336000    3.4492160e-17 
144.406800    3.4461008e-17 
144.477600    3.4429856e-17 
144.548400    3.4398704e-17 
144.619200    3.4367552e-17 
144.690000    3.4336400e-17 
144.760800    3.4305248e-17 
144.831600    3.4274096e-17 
144.902400    3.4242944e-17 
144.973200    3.4211792e-17 
145.044000    3.4180640e-17 
145.114800    3.4149488e-17 
145.185600    3.4118336e-17 
145.256400    3.4087184e-17 
145.327200    3.4056032e-17 
145.398000    3.4024880e-17 
145.468800    3.3993728e-17 
145.539600    3.3962576e-17 
145.610400    3.3931424e-17 
145.681200    3.3900272e-17 
145.752000    3.3869120e-17 
145.822800    3.3837968e-17 
145.893600    3.3806816e-17 
145.964400    3.3775664e-17 
146.035200    3.3744512e-17 
146.106000    3.3713360e-17 
146.176800    3.3682208e-17 
146.247600    3.3651056e-17 
146.318400    3.3619904e-17 
146.389200    3.3588752e-17 
146.460000    3.3557600e-17 
146.530800    3.3526448e-17 
146.601600    3.3495296e-17 
146.672400    3.3464144e-17 
146.743200    3.3432992e-17 
146.814000    3.3401840e-17 
146.884800    3.3370688e-17 
146.955600    3.3339536e-17 
147.026400    3.3308384e-17 
147.097200    3.3277232e-17 
147.168000    3.3246080e-17 
147.238800    3.3214928e-17 
147.309600    3.3183776e-17 
147.380400    3.3152624e-17 
147.451200    3.3121472e-17 
147.522000    3.3090320e-17 
147.592800    3.3059168e-17 
147.663600    3.3028016e-17 
147.734400    3.2996864e-17 
147.805200    3.2965712e-17 
147.876000    3.2934560e-17 
147.946800    3.2903408e-17 
148.017600    3.2872256e-17 
148.088400    3.2841104e-17 
148.159200    3.2809952e-17 
148.230000    3.2778800e-17 
148.300800    3.2747648e-17 
148.371600    3.2716496e-17 
148.442400    3.2685344e-17 
148.513200    3.2654192e-17 
148.584000    3.2623040e-17 
148.654800    3.2591888e-17 
148.725600    3.2560736e-17 
148.796400    3.2529584e-17 
148.867200    3.2498432e-17 
148.938000    3.2467280e-17 
149.008800    3.2436128e-17 
149.079600    3.2404976e-17 
149.150400    3.2373824e-17 
149.221200    3.2342672e-17 
149.292000    3.2311520e-17 
149.362800    3.2280368e-17 
149.433600    3.2249216e-17 
149.504400    3.2218064e-17 
149.575200    3.2186912e-17 
149.646000    3.2155760e-17 
149.716800    3.2124608e-17 
149.787600    3.2093456e-17 
149.858400    3.2062304e-17 
149.929200    3.2031152e-17 
150.000000    3.2000000e-17 
