12.060000    0.0000000e+00 
12.128970    1.6875638e-19 
12.197940    3.3751277e-19 
12.266910    5.0626915e-19 
12.335880    6.7502553e-19 
12.404850    8.4378191e-19 
12.473820    1.0125383e-18 
12.542790    1.1812947e-18 
12.611760    1.3500511e-18 
12.680730    1.5188074e-18 
12.749700    1.6875638e-18 
12.818670    1.8563202e-18 
12.887640    2.0250766e-18 
12.956610    2.1938330e-18 
13.025580    2.3905532e-18 
13.094550    2.6347070e-18 
13.163520    2.8788608e-18 
13.232490    3.1230146e-18 
13.301460    3.3671684e-18 
13.370430    3.6113222e-18 
13.439400    3.8554760e-18 
13.508370    4.0996298e-18 
13.577340    4.3437836e-18 
13.646310    4.5879374e-18 
13.715280    4.8320912e-18 
13.784250    5.0762450e-18 
13.853220    5.3203988e-18 
13.922190    5.5645526e-18 
13.991160    5.8087064e-18 
14.060130    6.0528602e-18 
14.129100    6.2970140e-18 
14.198070    6.5411678e-18 
14.267040    6.7853216e-18 
14.336010    7.0294754e-18 
14.404980    7.2736292e-18 
14.473950    7.5177830e-18 
14.542920    7.7619368e-18 
14.611890    8.0060906e-18 
14.680860    8.2502444e-18 
14.749830    8.4943982e-18 
14.818800    8.7385520e-18 
14.887770    8.9827058e-18 
14.956740    9.2268596e-18 
15.025710    9.4710134e-18 
15.094680    9.7151672e-18 
15.163650    9.9593210e-18 
15.232620    1.0203475e-17 
15.301590    1.0447629e-17 
15.370560    1.0691782e-17 
15.439530    1.0935936e-17 
15.508500    1.1180090e-17 
15.577470    1.1424244e-17 
15.646440    1.1668398e-17 
15.715410    1.1912551e-17 
15.784380    1.2156705e-17 
15.853350    1.2400859e-17 
15.922320    1.2645013e-17 
15.991290    1.2889167e-17 
16.060260    1.3133320e-17 
16.129230    1.3377474e-17 
16.198200    1.3621628e-17 
16.267170    1.3865782e-17 
16.336140    1.4109936e-17 
16.405110    1.4354089e-17 
16.474080    1.4598243e-17 
16.543050    1.4842397e-17 
16.612020    1.5086551e-17 
16.680990    1.5330705e-17 
16.749960    1.5574858e-17 
16.818930    1.5819012e-17 
16.887900    1.6063166e-17 
16.956870    1.6307320e-17 
17.025840    1.6551474e-17 
17.094810    1.6795627e-17 
17.163780    1.7039781e-17 
17.232750    1.7283935e-17 
17.301720    1.7528089e-17 
17.370690    1.7772243e-17 
17.439660    1.8016396e-17 
17.508630    1.8260550e-17 
17.577600    1.8504704e-17 
17.646570    1.8748858e-17 
17.715540    1.8993012e-17 
17.784510    1.9237165e-17 
17.853480    1.9481319e-17 
17.922450    1.9725473e-17 
17.991420    1.9969627e-17 
18.060390    2.0326106e-17 
18.129360    2.0698544e-17 
18.198330    2.1070982e-17 
18.267300    2.1443420e-17 
18.336270    2.1815858e-17 
18.405240    2.2188296e-17 
18.474210    2.2560734e-17 
18.543180    2.2933172e-17 
18.612150    2.3305610e-17 
18.681120    2.3678048e-17 
18.750090    2.4050486e-17 
18.819060    2.4422924e-17 
18.888030    2.4795362e-17 
18.957000    2.5167800e-17 
19.025970    2.5540238e-17 
19.094940    2.5912676e-17 
19.163910    2.6285114e-17 
19.232880    2.6657552e-17 
19.301850    2.7029990e-17 
19.370820    2.7402428e-17 
19.439790    2.7774866e-17 
19.508760    2.8147304e-17 
19.577730    2.8519742e-17 
19.646700    2.8892180e-17 
19.715670    2.9264618e-17 
19.784640    2.9637056e-17 
19.853610    3.0009494e-17 
19.922580    3.0381932e-17 
19.991550    3.0754370e-17 
20.060520    3.1126808e-17 
20.129490    3.1499246e-17 
20.198460    3.1871684e-17 
20.267430    3.2244122e-17 
20.336400    3.2616560e-17 
20.405370    3.2988998e-17 
20.474340    3.3361436e-17 
20.543310    3.3733874e-17 
20.612280    3.4106312e-17 
20.681250    3.4478750e-17 
20.750220    3.4851188e-17 
20.819190    3.5223626e-17 
20.888160    3.5596064e-17 
20.957130    3.5968502e-17 
21.026100    3.6340940e-17 
21.095070    3.6713378e-17 
21.164040    3.7085816e-17 
21.233010    3.7458254e-17 
21.301980    3.7830692e-17 
21.370950    3.8203130e-17 
21.439920    3.8575568e-17 
21.508890    3.8948006e-17 
21.577860    3.9320444e-17 
21.646830    3.9692882e-17 
21.715800    4.0065320e-17 
21.784770    4.0437758e-17 
21.853740    4.0810196e-17 
21.922710    4.1182634e-17 
21.991680    4.1555072e-17 
22.060650    4.1927510e-17 
22.129620    4.2299948e-17 
22.198590    4.2672386e-17 
22.267560    4.3044824e-17 
22.336530    4.3417262e-17 
22.405500    4.3789700e-17 
22.474470    4.4162138e-17 
22.543440    4.4534576e-17 
22.612410    4.4907014e-17 
22.681380    4.5279452e-17 
22.750350    4.5651890e-17 
22.819320    4.6024328e-17 
22.888290    4.6396766e-17 
22.957260    4.6769204e-17 
23.026230    4.7141642e-17 
23.095200    4.7514080e-17 
23.164170    4.7886518e-17 
23.233140    4.8258956e-17 
23.302110    4.8631394e-17 
23.371080    4.9003832e-17 
23.440050    4.9376270e-17 
23.509020    4.9748708e-17 
23.577990    5.0121146e-17 
23.646960    5.0493584e-17 
23.715930    5.0866022e-17 
23.784900    5.1238460e-17 
23.853870    5.1610898e-17 
23.922840    5.1983336e-17 
23.991810    5.2355774e-17 
24.060780    5.2728212e-17 
24.129750    5.3100650e-17 
24.198720    5.3473088e-17 
24.267690    5.3845526e-17 
24.336660    5.4217964e-17 
24.405630    5.4590402e-17 
24.474600    5.4962840e-17 
24.543570    5.5335278e-17 
24.612540    5.5707716e-17 
24.681510    5.6080154e-17 
24.750480    5.6452592e-17 
24.819450    5.6825030e-17 
24.888420    5.7197468e-17 
24.957390    5.7569906e-17 
25.026360    5.7942344e-17 
25.095330    5.8314782e-17 
25.164300    5.8687220e-17 
25.233270    5.9059658e-17 
25.302240    5.9432096e-17 
25.371210    5.9804534e-17 
25.440180    6.0176972e-17 
25.509150    6.0549410e-17 
25.578120    6.0921848e-17 
25.647090    6.1294286e-17 
25.716060    6.1666724e-17 
25.785030    6.2039162e-17 
25.854000    6.2411600e-17 
25.922970    6.2784038e-17 
25.991940    6.3156476e-17 
26.060910    6.3528914e-17 
26.129880    6.3901352e-17 
26.198850    6.4273790e-17 
26.267820    6.4646228e-17 
26.336790    6.5018666e-17 
26.405760    6.5391104e-17 
26.474730    6.5763542e-17 
26.543700    6.6135980e-17 
26.612670    6.6508418e-17 
26.681640    6.6880856e-17 
26.750610    6.7253294e-17 
26.819580    6.7625732e-17 
26.888550    6.7998170e-17 
26.957520    6.8370608e-17 
27.026490    6.8743046e-17 
27.095460    6.9115484e-17 
27.164430    6.9487922e-17 
27.233400    6.9860360e-17 
27.302370    7.0232798e-17 
27.371340    7.0605236e-17 
27.440310    7.0977674e-17 
27.509280    7.1350112e-17 
27.578250    7.1722550e-17 
27.647220    7.2094988e-17 
27.716190    7.2467426e-17 
27.785160    7.2839864e-17 
27.854130    7.3212302e-17 
27.923100    7.3584740e-17 
27.992070    7.3957178e-17 
28.061040    7.4354032e-17 
28.130010    7.4754058e-17 
28.198980    7.5154084e-17 
28.267950    7.5554110e-17 
28.336920    7.5954136e-17 
28.405890    7.6354162e-17 
28.474860    7.6754188e-17 
28.543830    7.7154214e-17 
28.612800    7.7554240e-17 
28.681770    7.7954266e-17 
28.750740    7.8354292e-17 
28.819710    7.8754318e-17 
28.888680    7.9154344e-17 
28.957650    7.9554370e-17 
29.026620    7.9954396e-17 
29.095590    8.0354422e-17 
29.164560    8.0754448e-17 
29.233530    8.1154474e-17 
29.302500    8.1554500e-17 
29.371470    8.1954526e-17 
29.440440    8.2354552e-17 
29.509410    8.2754578e-17 
29.578380    8.3154604e-17 
29.647350    8.3554630e-17 
29.716320    8.3954656e-17 
29.785290    8.4354682e-17 
29.854260    8.4754708e-17 
29.923230    8.5154734e-17 
29.992200    8.5554760e-17 
30.061170    8.5954786e-17 
30.130140    8.6354812e-17 
30.199110    8.6754838e-17 
30.268080    8.7154864e-17 
30.337050    8.7554890e-17 
30.406020    8.7954916e-17 
30.474990    8.8354942e-17 
30.543960    8.8754968e-17 
30.612930    8.9154994e-17 
30.681900    8.9555020e-17 
30.750870    8.9955046e-17 
30.819840    9.0355072e-17 
30.888810    9.0755098e-17 
30.957780    9.1155124e-17 
31.026750    9.1555150e-17 
31.095720    9.1955176e-17 
31.164690    9.2355202e-17 
31.233660    9.2755228e-17 
31.302630    9.3155254e-17 
31.371600    9.3555280e-17 
31.440570    9.3955306e-17 
31.509540    9.4355332e-17 
31.578510    9.4755358e-17 
31.647480    9.5155384e-17 
31.716450    9.5555410e-17 
31.785420    9.5955436e-17 
31.854390    9.6355462e-17 
31.923360    9.6755488e-17 
31.992330    9.7155514e-17 
32.061300    9.7555540e-17 
32.130270    9.7955566e-17 
32.199240    9.8355592e-17 
32.268210    9.8755618e-17 
32.337180    9.9155644e-17 
32.406150    9.9555670e-17 
32.475120    9.9955696e-17 
32.544090    1.0035572e-16 
32.613060    1.0075575e-16 
32.682030    1.0115577e-16 
32.751000    1.0155580e-16 
32.819970    1.0195583e-16 
32.888940    1.0235585e-16 
32.957910    1.0275588e-16 
33.026880    1.0315590e-16 
33.095850    1.0355593e-16 
33.164820    1.0395596e-16 
33.233790    1.0435598e-16 
33.302760    1.0475601e-16 
33.371730    1.0515603e-16 
33.440700    1.0555606e-16 
33.509670    1.0595609e-16 
33.578640    1.0635611e-16 
33.647610    1.0675614e-16 
33.716580    1.0715616e-16 
33.785550    1.0755619e-16 
33.854520    1.0795622e-16 
33.923490    1.0835624e-16 
33.992460    1.0875627e-16 
34.061430    1.0915629e-16 
34.130400    1.0955632e-16 
34.199370    1.0995635e-16 
34.268340    1.1035637e-16 
34.337310    1.1075640e-16 
34.406280    1.1115642e-16 
34.475250    1.1155645e-16 
34.544220    1.1195648e-16 
34.613190    1.1235650e-16 
34.682160    1.1275653e-16 
34.751130    1.1315655e-16 
34.820100    1.1355658e-16 
34.889070    1.1395661e-16 
34.958040    1.1435663e-16 
35.027010    1.1475666e-16 
35.095980    1.1515668e-16 
35.164950    1.1555671e-16 
35.233920    1.1595674e-16 
35.302890    1.1635676e-16 
35.371860    1.1675679e-16 
35.440830    1.1715681e-16 
35.509800    1.1755684e-16 
35.578770    1.1795687e-16 
35.647740    1.1835689e-16 
35.716710    1.1875692e-16 
35.785680    1.1915694e-16 
35.854650    1.1955697e-16 
35.923620    1.1995700e-16 
35.992590    1.2035702e-16 
36.061560    1.2075705e-16 
36.130530    1.2115707e-16 
36.199500    1.2155710e-16 
36.268470    1.2195713e-16 
36.337440    1.2235715e-16 
36.406410    1.2275718e-16 
36.475380    1.2315720e-16 
36.544350    1.2355723e-16 
36.613320    1.2395726e-16 
36.682290    1.2435728e-16 
36.751260    1.2475731e-16 
36.820230    1.2515733e-16 
36.889200    1.2555736e-16 
36.958170    1.2595739e-16 
37.027140    1.2635741e-16 
37.096110    1.2675744e-16 
37.165080    1.2715746e-16 
37.234050    1.2755749e-16 
37.303020    1.2795752e-16 
37.371990    1.2835754e-16 
37.440960    1.2875757e-16 
37.509930    1.2915759e-16 
37.578900    1.2955762e-16 
37.647870    1.2995765e-16 
37.716840    1.3035767e-16 
37.785810    1.3075770e-16 
37.854780    1.3115772e-16 
37.923750    1.3155775e-16 
37.992720    1.3195778e-16 
38.061690    1.3229611e-16 
38.130660    1.3262717e-16 
38.199630    1.3295822e-16 
38.268600    1.3328928e-16 
38.337570    1.3362034e-16 
38.406540    1.3395139e-16 
38.475510    1.3428245e-16 
38.544480    1.3461350e-16 
38.613450    1.3494456e-16 
38.682420    1.3527562e-16 
38.751390    1.3560667e-16 
38.820360    1.3593773e-16 
38.889330    1.3626878e-16 
38.958300    1.3659984e-16 
39.027270    1.3693090e-16 
39.096240    1.3726195e-16 
39.165210    1.3759301e-16 
39.234180    1.3792406e-16 
39.303150    1.3825512e-16 
39.372120    1.3858618e-16 
39.441090    1.3891723e-16 
39.510060    1.3924829e-16 
39.579030    1.3957934e-16 
39.648000    1.3991040e-16 
39.716970    1.4024146e-16 
39.785940    1.4057251e-16 
39.854910    1.4090357e-16 
39.923880    1.4123462e-16 
39.992850    1.4156568e-16 
40.061820    1.4189674e-16 
40.130790    1.4222779e-16 
40.199760    1.4255885e-16 
40.268730    1.4288990e-16 
40.337700    1.4322096e-16 
40.406670    1.4355202e-16 
40.475640    1.4388307e-16 
40.544610    1.4421413e-16 
40.613580    1.4454518e-16 
40.682550    1.4487624e-16 
40.751520    1.4520730e-16 
40.820490    1.4553835e-16 
40.889460    1.4586941e-16 
40.958430    1.4620046e-16 
41.027400    1.4653152e-16 
41.096370    1.4686258e-16 
41.165340    1.4719363e-16 
41.234310    1.4752469e-16 
41.303280    1.4785574e-16 
41.372250    1.4818680e-16 
41.441220    1.4851786e-16 
41.510190    1.4884891e-16 
41.579160    1.4917997e-16 
41.648130    1.4951102e-16 
41.717100    1.4984208e-16 
41.786070    1.5017314e-16 
41.855040    1.5050419e-16 
41.924010    1.5083525e-16 
41.992980    1.5116630e-16 
42.061950    1.5149736e-16 
42.130920    1.5182842e-16 
42.199890    1.5215947e-16 
42.268860    1.5249053e-16 
42.337830    1.5282158e-16 
42.406800    1.5315264e-16 
42.475770    1.5348370e-16 
42.544740    1.5381475e-16 
42.613710    1.5414581e-16 
42.682680    1.5447686e-16 
42.751650    1.5480792e-16 
42.820620    1.5513898e-16 
42.889590    1.5547003e-16 
42.958560    1.5580109e-16 
43.027530    1.5613214e-16 
43.096500    1.5646320e-16 
43.165470    1.5679426e-16 
43.234440    1.5712531e-16 
43.303410    1.5745637e-16 
43.372380    1.5778742e-16 
43.441350    1.5811848e-16 
43.510320    1.5844954e-16 
43.579290    1.5878059e-16 
43.648260    1.5911165e-16 
43.717230    1.5944270e-16 
43.786200    1.5977376e-16 
43.855170    1.6010482e-16 
43.924140    1.6043587e-16 
43.993110    1.6076693e-16 
44.062080    1.6109798e-16 
44.131050    1.6142904e-16 
44.200020    1.6176010e-16 
44.268990    1.6209115e-16 
44.337960    1.6242221e-16 
44.406930    1.6275326e-16 
44.475900    1.6308432e-16 
44.544870    1.6341538e-16 
44.613840    1.6374643e-16 
44.682810    1.6407749e-16 
44.751780    1.6440854e-16 
44.820750    1.6473960e-16 
44.889720    1.6507066e-16 
44.958690    1.6540171e-16 
45.027660    1.6573277e-16 
45.096630    1.6606382e-16 
45.165600    1.6639488e-16 
45.234570    1.6672594e-16 
45.303540    1.6705699e-16 
45.372510    1.6738805e-16 
45.441480    1.6771910e-16 
45.510450    1.6805016e-16 
45.579420    1.6838122e-16 
45.648390    1.6871227e-16 
45.717360    1.6904333e-16 
45.786330    1.6937438e-16 
45.855300    1.6970544e-16 
45.924270    1.7003650e-16 
45.993240    1.7036755e-16 
46.062210    1.7069861e-16 
46.131180    1.7102966e-16 
46.200150    1.7136072e-16 
46.269120    1.7169178e-16 
46.338090    1.7202283e-16 
46.407060    1.7235389e-16 
46.476030    1.7268494e-16 
46.545000    1.7301600e-16 
46.613970    1.7334706e-16 
46.682940    1.7367811e-16 
46.751910    1.7400917e-16 
46.820880    1.7434022e-16 
46.889850    1.7467128e-16 
46.958820    1.7500234e-16 
47.027790    1.7533339e-16 
47.096760    1.7566445e-16 
47.165730    1.7599550e-16 
47.234700    1.7632656e-16 
47.303670    1.7665762e-16 
47.372640    1.7698867e-16 
47.441610    1.7731973e-16 
47.510580    1.7765078e-16 
47.579550    1.7798184e-16 
47.648520    1.7831290e-16 
47.717490    1.7864395e-16 
47.786460    1.7897501e-16 
47.855430    1.7930606e-16 
47.924400    1.7963712e-16 
47.993370    1.7996818e-16 
48.062340    1.8018702e-16 
48.131310    1.8039393e-16 
48.200280    1.8060084e-16 
48.269250    1.8080775e-16 
48.338220    1.8101466e-16 
48.407190    1.8122157e-16 
48.476160    1.8142848e-16 
48.545130    1.8163539e-16 
48.614100    1.8184230e-16 
48.683070    1.8204921e-16 
48.752040    1.8225612e-16 
48.821010    1.8246303e-16 
48.889980    1.8266994e-16 
48.958950    1.8287685e-16 
49.027920    1.8308376e-16 
49.096890    1.8329067e-16 
49.165860    1.8349758e-16 
49.234830    1.8370449e-16 
49.303800    1.8391140e-16 
49.372770    1.8411831e-16 
49.441740    1.8432522e-16 
49.510710    1.8453213e-16 
49.579680    1.8473904e-16 
49.648650    1.8494595e-16 
49.717620    1.8515286e-16 
49.786590    1.8535977e-16 
49.855560    1.8556668e-16 
49.924530    1.8577359e-16 
49.993500    1.8598050e-16 
50.062470    1.8618741e-16 
50.131440    1.8639432e-16 
50.200410    1.8660123e-16 
50.269380    1.8680814e-16 
50.338350    1.8701505e-16 
50.407320    1.8722196e-16 
50.476290    1.8742887e-16 
50.545260    1.8763578e-16 
50.614230    1.8784269e-16 
50.683200    1.8804960e-16 
50.752170    1.8825651e-16 
50.821140    1.8846342e-16 
50.890110    1.8867033e-16 
50.959080    1.8887724e-16 
51.028050    1.8908415e-16 
51.097020    1.8929106e-16 
51.165990    1.8949797e-16 
51.234960    1.8970488e-16 
51.303930    1.8991179e-16 
51.372900    1.9011870e-16 
51.441870    1.9032561e-16 
51.510840    1.9053252e-16 
51.579810    1.9073943e-16 
51.648780    1.9094634e-16 
51.717750    1.9115325e-16 
51.786720    1.9136016e-16 
51.855690    1.9156707e-16 
51.924660    1.9177398e-16 
51.993630    1.9198089e-16 
52.062600    1.9218780e-16 
52.131570    1.9239471e-16 
52.200540    1.9260162e-16 
52.269510    1.9280853e-16 
52.338480    1.9301544e-16 
52.407450    1.9322235e-16 
52.476420    1.9342926e-16 
52.545390    1.9363617e-16 
52.614360    1.9384308e-16 
52.683330    1.9404999e-16 
52.752300    1.9425690e-16 
52.821270    1.9446381e-16 
52.890240    1.9467072e-16 
52.959210    1.9487763e-16 
53.028180    1.9508454e-16 
53.097150    1.9529145e-16 
53.166120    1.9549836e-16 
53.235090    1.9570527e-16 
53.304060    1.9591218e-16 
53.373030    1.9611909e-16 
53.442000    1.9632600e-16 
53.510970    1.9653291e-16 
53.579940    1.9673982e-16 
53.648910    1.9694673e-16 
53.717880    1.9715364e-16 
53.786850    1.9736055e-16 
53.855820    1.9756746e-16 
53.924790    1.9777437e-16 
53.993760    1.9798128e-16 
54.062730    1.9818819e-16 
54.131700    1.9839510e-16 
54.200670    1.9860201e-16 
54.269640    1.9880892e-16 
54.338610    1.9901583e-16 
54.407580    1.9922274e-16 
54.476550    1.9942965e-16 
54.545520    1.9963656e-16 
54.614490    1.9984347e-16 
54.683460    2.0005038e-16 
54.752430    2.0025729e-16 
54.821400    2.0046420e-16 
54.890370    2.0067111e-16 
54.959340    2.0087802e-16 
55.028310    2.0108493e-16 
55.097280    2.0129184e-16 
55.166250    2.0149875e-16 
55.235220    2.0170566e-16 
55.304190    2.0191257e-16 
55.373160    2.0211948e-16 
55.442130    2.0232639e-16 
55.511100    2.0253330e-16 
55.580070    2.0274021e-16 
55.649040    2.0294712e-16 
55.718010    2.0315403e-16 
55.786980    2.0336094e-16 
55.855950    2.0356785e-16 
55.924920    2.0377476e-16 
55.993890    2.0398167e-16 
56.062860    2.0418858e-16 
56.131830    2.0439549e-16 
56.200800    2.0460240e-16 
56.269770    2.0480931e-16 
56.338740    2.0501622e-16 
56.407710    2.0522313e-16 
56.476680    2.0543004e-16 
56.545650    2.0563695e-16 
56.614620    2.0584386e-16 
56.683590    2.0605077e-16 
56.752560    2.0625768e-16 
56.821530    2.0646459e-16 
56.890500    2.0667150e-16 
56.959470    2.0687841e-16 
57.028440    2.0708532e-16 
57.097410    2.0729223e-16 
57.166380    2.0749914e-16 
57.235350    2.0770605e-16 
57.304320    2.0791296e-16 
57.373290    2.0811987e-16 
57.442260    2.0832678e-16 
57.511230    2.0853369e-16 
57.580200    2.0874060e-16 
57.649170    2.0894751e-16 
57.718140    2.0915442e-16 
57.787110    2.0936133e-16 
57.856080    2.0956824e-16 
57.925050    2.0977515e-16 
57.994020    2.0998206e-16 
58.062990    2.1014488e-16 
58.131960    2.1030351e-16 
58.200930    2.1046214e-16 
58.269900    2.1062077e-16 
58.338870    2.1077940e-16 
58.407840    2.1093803e-16 
58.476810    2.1109666e-16 
58.545780    2.1125529e-16 
58.614750    2.1141393e-16 
58.683720    2.1157256e-16 
58.752690    2.1173119e-16 
58.821660    2.1188982e-16 
58.890630    2.1204845e-16 
58.959600    2.1220708e-16 
59.028570    2.1236571e-16 
59.097540    2.1252434e-16 
59.166510    2.1268297e-16 
59.235480    2.1284160e-16 
59.304450    2.1300023e-16 
59.373420    2.1315887e-16 
59.442390    2.1331750e-16 
59.511360    2.1347613e-16 
59.580330    2.1363476e-16 
59.649300    2.1379339e-16 
59.718270    2.1395202e-16 
59.787240    2.1411065e-16 
59.856210    2.1426928e-16 
59.925180    2.1442791e-16 
59.994150    2.1458655e-16 
60.063120    2.1474518e-16 
60.132090    2.1490381e-16 
60.201060    2.1506244e-16 
60.270030    2.1522107e-16 
60.339000    2.1537970e-16 
60.407970    2.1553833e-16 
60.476940    2.1569696e-16 
60.545910    2.1585559e-16 
60.614880    2.1601422e-16 
60.683850    2.1617286e-16 
60.752820    2.1633149e-16 
60.821790    2.1649012e-16 
60.890760    2.1664875e-16 
60.959730    2.1680738e-16 
61.028700    2.1696601e-16 
61.097670    2.1712464e-16 
61.166640    2.1728327e-16 
61.235610    2.1744190e-16 
61.304580    2.1760053e-16 
61.373550    2.1775916e-16 
61.442520    2.1791780e-16 
61.511490    2.1807643e-16 
61.580460    2.1823506e-16 
61.649430    2.1839369e-16 
61.718400    2.1855232e-16 
61.787370    2.1871095e-16 
61.856340    2.1886958e-16 
61.925310    2.1902821e-16 
61.994280    2.1918684e-16 
62.063250    2.1934548e-16 
62.132220    2.1950411e-16 
62.201190    2.1966274e-16 
62.270160    2.1982137e-16 
62.339130    2.1998000e-16 
62.408100    2.2013863e-16 
62.477070    2.2029726e-16 
62.546040    2.2045589e-16 
62.615010    2.2061452e-16 
62.683980    2.2077315e-16 
62.752950    2.2093178e-16 
62.821920    2.2109042e-16 
62.890890    2.2124905e-16 
62.959860    2.2140768e-16 
63.028830    2.2156631e-16 
63.097800    2.2172494e-16 
63.166770    2.2188357e-16 
63.235740    2.2204220e-16 
63.304710    2.2220083e-16 
63.373680    2.2235946e-16 
63.442650    2.2251809e-16 
63.511620    2.2267673e-16 
63.580590    2.2283536e-16 
63.649560    2.2299399e-16 
63.718530    2.2315262e-16 
63.787500    2.2331125e-16 
63.856470    2.2346988e-16 
63.925440    2.2362851e-16 
63.994410    2.2378714e-16 
64.063380    2.2394577e-16 
64.132350    2.2410441e-16 
64.201320    2.2426304e-16 
64.270290    2.2442167e-16 
64.339260    2.2458030e-16 
64.408230    2.2473893e-16 
64.477200    2.2489756e-16 
64.546170    2.2505619e-16 
64.615140    2.2521482e-16 
64.684110    2.2537345e-16 
64.753080    2.2553208e-16 
64.822050    2.2569071e-16 
64.891020    2.2584935e-16 
64.959990    2.2600798e-16 
65.028960    2.2616661e-16 
65.097930    2.2632524e-16 
65.166900    2.2648387e-16 
65.235870    2.2664250e-16 
65.304840    2.2680113e-16 
65.373810    2.2695976e-16 
65.442780    2.2711839e-16 
65.511750    2.2727703e-16 
65.580720    2.2743566e-16 
65.649690    2.2759429e-16 
65.718660    2.2775292e-16 
65.787630    2.2791155e-16 
65.856600    2.2807018e-16 
65.925570    2.2822881e-16 
65.994540    2.2838744e-16 
66.063510    2.2854607e-16 
66.132480    2.2870470e-16 
66.201450    2.2886334e-16 
66.270420    2.2902197e-16 
66.339390    2.2918060e-16 
66.408360    2.2933923e-16 
66.477330    2.2949786e-16 
66.546300    2.2965649e-16 
66.615270    2.2981512e-16 
66.684240    2.2997375e-16 
66.753210    2.3013238e-16 
66.822180    2.3029101e-16 
66.891150    2.3044964e-16 
66.960120    2.3060828e-16 
67.029090    2.3076691e-16 
67.098060    2.3092554e-16 
67.167030    2.3108417e-16 
67.236000    2.3124280e-16 
67.304970    2.3140143e-16 
67.373940    2.3156006e-16 
67.442910    2.3171869e-16 
67.511880    2.3187732e-16 
67.580850    2.3203595e-16 
67.649820    2.3219459e-16 
67.718790    2.3235322e-16 
67.787760    2.3251185e-16 
67.856730    2.3267048e-16 
67.925700    2.3282911e-16 
67.994670    2.3298774e-16 
68.063640    2.3310819e-16 
68.132610    2.3322544e-16 
68.201580    2.3334269e-16 
68.270550    2.3345994e-16 
68.339520    2.3357718e-16 
68.408490    2.3369443e-16 
68.477460    2.3381168e-16 
68.546430    2.3392893e-16 
68.615400    2.3404618e-16 
68.684370    2.3416343e-16 
68.753340    2.3428068e-16 
68.822310    2.3439793e-16 
68.891280    2.3451518e-16 
68.960250    2.3463242e-16 
69.029220    2.3474967e-16 
69.098190    2.3486692e-16 
69.167160    2.3498417e-16 
69.236130    2.3510142e-16 
69.305100    2.3521867e-16 
69.374070    2.3533592e-16 
69.443040    2.3545317e-16 
69.512010    2.3557042e-16 
69.580980    2.3568767e-16 
69.649950    2.3580491e-16 
69.718920    2.3592216e-16 
69.787890    2.3603941e-16 
69.856860    2.3615666e-16 
69.925830    2.3627391e-16 
69.994800    2.3639116e-16 
70.063770    2.3650841e-16 
70.132740    2.3662566e-16 
70.201710    2.3674291e-16 
70.270680    2.3686016e-16 
70.339650    2.3697740e-16 
70.408620    2.3709465e-16 
70.477590    2.3721190e-16 
70.546560    2.3732915e-16 
70.615530    2.3744640e-16 
70.684500    2.3756365e-16 
70.753470    2.3768090e-16 
70.822440    2.3779815e-16 
70.891410    2.3791540e-16 
70.960380    2.3803265e-16 
71.029350    2.3814989e-16 
71.098320    2.3826714e-16 
71.167290    2.3838439e-16 
71.236260    2.3850164e-16 
71.305230    2.3861889e-16 
71.374200    2.3873614e-16 
71.443170    2.3885339e-16 
71.512140    2.3897064e-16 
71.581110    2.3908789e-16 
71.650080    2.3920514e-16 
71.719050    2.3932238e-16 
71.788020    2.3943963e-16 
71.856990    2.3955688e-16 
71.925960    2.3967413e-16 
71.994930    2.3979138e-16 
72.063900    2.3990863e-16 
72.132870    2.4002588e-16 
72.201840    2.4014313e-16 
72.270810    2.4026038e-16 
72.339780    2.4037763e-16 
72.408750    2.4049487e-16 
72.477720    2.4061212e-16 
72.546690    2.4072937e-16 
72.615660    2.4084662e-16 
72.684630    2.4096387e-16 
72.753600    2.4108112e-16 
72.822570    2.4119837e-16 
72.891540    2.4131562e-16 
72.960510    2.4143287e-16 
73.029480    2.4155012e-16 
73.098450    2.4166736e-16 
73.167420    2.4178461e-16 
73.236390    2.4190186e-16 
73.305360    2.4201911e-16 
73.374330    2.4213636e-16 
73.443300    2.4225361e-16 
73.512270    2.4237086e-16 
73.581240    2.4248811e-16 
73.650210    2.4260536e-16 
73.719180    2.4272261e-16 
73.788150    2.4283986e-16 
73.857120    2.4295710e-16 
73.926090    2.4307435e-16 
73.995060    2.4319160e-16 
74.064030    2.4330885e-16 
74.133000    2.4342610e-16 
74.201970    2.4354335e-16 
74.270940    2.4366060e-16 
74.339910    2.4377785e-16 
74.408880    2.4389510e-16 
74.477850    2.4401235e-16 
74.546820    2.4412959e-16 
74.615790    2.4424684e-16 
74.684760    2.4436409e-16 
74.753730    2.4448134e-16 
74.822700    2.4459859e-16 
74.891670    2.4471584e-16 
74.960640    2.4483309e-16 
75.029610    2.4495034e-16 
75.098580    2.4506759e-16 
75.167550    2.4518483e-16 
75.236520    2.4530208e-16 
75.305490    2.4541933e-16 
75.374460    2.4553658e-16 
75.443430    2.4565383e-16 
75.512400    2.4577108e-16 
75.581370    2.4588833e-16 
75.650340    2.4600558e-16 
75.719310    2.4612283e-16 
75.788280    2.4624008e-16 
75.857250    2.4635733e-16 
75.926220    2.4647457e-16 
75.995190    2.4659182e-16 
76.064160    2.4670907e-16 
76.133130    2.4682632e-16 
76.202100    2.4694357e-16 
76.271070    2.4706082e-16 
76.340040    2.4717807e-16 
76.409010    2.4729532e-16 
76.477980    2.4741257e-16 
76.546950    2.4752982e-16 
76.615920    2.4764706e-16 
76.684890    2.4776431e-16 
76.753860    2.4788156e-16 
76.822830    2.4799881e-16 
76.891800    2.4811606e-16 
76.960770    2.4823331e-16 
77.029740    2.4835056e-16 
77.098710    2.4846781e-16 
77.167680    2.4858506e-16 
77.236650    2.4870231e-16 
77.305620    2.4881955e-16 
77.374590    2.4893680e-16 
77.443560    2.4905405e-16 
77.512530    2.4917130e-16 
77.581500    2.4928855e-16 
77.650470    2.4940580e-16 
77.719440    2.4952305e-16 
77.788410    2.4964030e-16 
77.857380    2.4975755e-16 
77.926350    2.4987479e-16 
77.995320    2.4999204e-16 
78.064290    2.5006429e-16 
78.133260    2.5013326e-16 
78.202230    2.5020223e-16 
78.271200    2.5027120e-16 
78.340170    2.5034017e-16 
78.409140    2.5040914e-16 
78.478110    2.5047811e-16 
78.547080    2.5054708e-16 
78.616050    2.5061605e-16 
78.685020    2.5068502e-16 
78.753990    2.5075399e-16 
78.822960    2.5082296e-16 
78.891930    2.5089193e-16 
78.960900    2.5096090e-16 
79.029870    2.5102987e-16 
79.098840    2.5109884e-16 
79.167810    2.5116781e-16 
79.236780    2.5123678e-16 
79.305750    2.5130575e-16 
79.374720    2.5137472e-16 
79.443690    2.5144369e-16 
79.512660    2.5151266e-16 
79.581630    2.5158163e-16 
79.650600    2.5165060e-16 
79.719570    2.5171957e-16 
79.788540    2.5178854e-16 
79.857510    2.5185751e-16 
79.926480    2.5192648e-16 
79.995450    2.5199545e-16 
80.064420    2.5206442e-16 
80.133390    2.5213339e-16 
80.202360    2.5220236e-16 
80.271330    2.5227133e-16 
80.340300    2.5234030e-16 
80.409270    2.5240927e-16 
80.478240    2.5247824e-16 
80.547210    2.5254721e-16 
80.616180    2.5261618e-16 
80.685150    2.5268515e-16 
80.754120    2.5275412e-16 
80.823090    2.5282309e-16 
80.892060    2.5289206e-16 
80.961030    2.5296103e-16 
81.030000    2.5303000e-16 
81.098970    2.5309897e-16 
81.167940    2.5316794e-16 
81.236910    2.5323691e-16 
81.305880    2.5330588e-16 
81.374850    2.5337485e-16 
81.443820    2.5344382e-16 
81.512790    2.5351279e-16 
81.581760    2.5358176e-16 
81.650730    2.5365073e-16 
81.719700    2.5371970e-16 
81.788670    2.5378867e-16 
81.857640    2.5385764e-16 
81.926610    2.5392661e-16 
81.995580    2.5399558e-16 
82.064550    2.5406455e-16 
82.133520    2.5413352e-16 
82.202490    2.5420249e-16 
82.271460    2.5427146e-16 
82.340430    2.5434043e-16 
82.409400    2.5440940e-16 
82.478370    2.5447837e-16 
82.547340    2.5454734e-16 
82.616310    2.5461631e-16 
82.685280    2.5468528e-16 
82.754250    2.5475425e-16 
82.823220    2.5482322e-16 
82.892190    2.5489219e-16 
82.961160    2.5496116e-16 
83.030130    2.5503013e-16 
83.099100    2.5509910e-16 
83.168070    2.5516807e-16 
83.237040    2.5523704e-16 
83.306010    2.5530601e-16 
83.374980    2.5537498e-16 
83.443950    2.5544395e-16 
83.512920    2.5551292e-16 
83.581890    2.5558189e-16 
83.650860    2.5565086e-16 
83.719830    2.5571983e-16 
83.788800    2.5578880e-16 
83.857770    2.5585777e-16 
83.926740    2.5592674e-16 
83.995710    2.5599571e-16 
84.064680    2.5606468e-16 
84.133650    2.5613365e-16 
84.202620    2.5620262e-16 
84.271590    2.5627159e-16 
84.340560    2.5634056e-16 
84.409530    2.5640953e-16 
84.478500    2.5647850e-16 
84.547470    2.5654747e-16 
84.616440    2.5661644e-16 
84.685410    2.5668541e-16 
84.754380    2.5675438e-16 
84.823350    2.5682335e-16 
84.892320    2.5689232e-16 
84.961290    2.5696129e-16 
85.030260    2.5703026e-16 
85.099230    2.5709923e-16 
85.168200    2.5716820e-16 
85.237170    2.5723717e-16 
85.306140    2.5730614e-16 
85.375110    2.5737511e-16 
85.444080    2.5744408e-16 
85.513050    2.5751305e-16 
85.582020    2.5758202e-16 
85.650990    2.5765099e-16 
85.719960    2.5771996e-16 
85.788930    2.5778893e-16 
85.857900    2.5785790e-16 
85.926870    2.5792687e-16 
85.995840    2.5799584e-16 
86.064810    2.5806481e-16 
86.133780    2.5813378e-16 
86.202750    2.5820275e-16 
86.271720    2.5827172e-16 
86.340690    2.5834069e-16 
86.409660    2.5840966e-16 
86.478630    2.5847863e-16 
86.547600    2.5854760e-16 
86.616570    2.5861657e-16 
86.685540    2.5868554e-16 
86.754510    2.5875451e-16 
86.823480    2.5882348e-16 
86.892450    2.5889245e-16 
86.961420    2.5896142e-16 
87.030390    2.5903039e-16 
87.099360    2.5909936e-16 
87.168330    2.5916833e-16 
87.237300    2.5923730e-16 
87.306270    2.5930627e-16 
87.375240    2.5937524e-16 
87.444210    2.5944421e-16 
87.513180    2.5951318e-16 
87.582150    2.5958215e-16 
87.651120    2.5965112e-16 
87.720090    2.5972009e-16 
87.789060    2.5978906e-16 
87.858030    2.5985803e-16 
87.927000    2.5992700e-16 
87.995970    2.5999597e-16 
88.064940    2.6005412e-16 
88.133910    2.6011159e-16 
88.202880    2.6016907e-16 
88.271850    2.6022654e-16 
88.340820    2.6028402e-16 
88.409790    2.6034149e-16 
88.478760    2.6039897e-16 
88.547730    2.6045644e-16 
88.616700    2.6051392e-16 
88.685670    2.6057139e-16 
88.754640    2.6062887e-16 
88.823610    2.6068634e-16 
88.892580    2.6074382e-16 
88.961550    2.6080129e-16 
89.030520    2.6085877e-16 
89.099490    2.6091624e-16 
89.168460    2.6097372e-16 
89.237430    2.6103119e-16 
89.306400    2.6108867e-16 
89.375370    2.6114614e-16 
89.444340    2.6120362e-16 
89.513310    2.6126109e-16 
89.582280    2.6131857e-16 
89.651250    2.6137604e-16 
89.720220    2.6143352e-16 
89.789190    2.6149099e-16 
89.858160    2.6154847e-16 
89.927130    2.6160594e-16 
89.996100    2.6166342e-16 
90.065070    2.6172089e-16 
90.134040    2.6177837e-16 
90.203010    2.6183584e-16 
90.271980    2.6189332e-16 
90.340950    2.6195079e-16 
90.409920    2.6200827e-16 
90.478890    2.6206574e-16 
90.547860    2.6212322e-16 
90.616830    2.6218069e-16 
90.685800    2.6223817e-16 
90.754770    2.6229564e-16 
90.823740    2.6235312e-16 
90.892710    2.6241059e-16 
90.961680    2.6246807e-16 
91.030650    2.6252554e-16 
91.099620    2.6258302e-16 
91.168590    2.6264049e-16 
91.237560    2.6269797e-16 
91.306530    2.6275544e-16 
91.375500    2.6281292e-16 
91.444470    2.6287039e-16 
91.513440    2.6292787e-16 
91.582410    2.6298534e-16 
91.651380    2.6304282e-16 
91.720350    2.6310029e-16 
91.789320    2.6315777e-16 
91.858290    2.6321524e-16 
91.927260    2.6327272e-16 
91.996230    2.6333019e-16 
92.065200    2.6338767e-16 
92.134170    2.6344514e-16 
92.203140    2.6350262e-16 
92.272110    2.6356009e-16 
92.341080    2.6361757e-16 
92.410050    2.6367504e-16 
92.479020    2.6373252e-16 
92.547990    2.6378999e-16 
92.616960    2.6384747e-16 
92.685930    2.6390494e-16 
92.754900    2.6396242e-16 
92.823870    2.6401989e-16 
92.892840    2.6407737e-16 
92.961810    2.6413484e-16 
93.030780    2.6419232e-16 
93.099750    2.6424979e-16 
93.168720    2.6430727e-16 
93.237690    2.6436474e-16 
93.306660    2.6442222e-16 
93.375630    2.6447969e-16 
93.444600    2.6453717e-16 
93.513570    2.6459464e-16 
93.582540    2.6465212e-16 
93.651510    2.6470959e-16 
93.720480    2.6476707e-16 
93.789450    2.6482454e-16 
93.858420    2.6488202e-16 
93.927390    2.6493949e-16 
93.996360    2.6499697e-16 
94.065330    2.6505444e-16 
94.134300    2.6511192e-16 
94.203270    2.6516939e-16 
94.272240    2.6522687e-16 
94.341210    2.6528434e-16 
94.410180    2.6534182e-16 
94.479150    2.6539929e-16 
94.548120    2.6545677e-16 
94.617090    2.6551424e-16 
94.686060    2.6557172e-16 
94.755030    2.6562919e-16 
94.824000    2.6568667e-16 
94.892970    2.6574414e-16 
94.961940    2.6580162e-16 
95.030910    2.6585909e-16 
95.099880    2.6591657e-16 
95.168850    2.6597404e-16 
95.237820    2.6603152e-16 
95.306790    2.6608899e-16 
95.375760    2.6614647e-16 
95.444730    2.6620394e-16 
95.513700    2.6626142e-16 
95.582670    2.6631889e-16 
95.651640    2.6637637e-16 
95.720610    2.6643384e-16 
95.789580    2.6649132e-16 
95.858550    2.6654879e-16 
95.927520    2.6660627e-16 
95.996490    2.6666374e-16 
96.065460    2.6672122e-16 
96.134430    2.6677869e-16 
96.203400    2.6683617e-16 
96.272370    2.6689364e-16 
96.341340    2.6695112e-16 
96.410310    2.6700859e-16 
96.479280    2.6706607e-16 
96.548250    2.6712354e-16 
96.617220    2.6718102e-16 
96.686190    2.6723849e-16 
96.755160    2.6729597e-16 
96.824130    2.6735344e-16 
96.893100    2.6741092e-16 
96.962070    2.6746839e-16 
97.031040    2.6752587e-16 
97.100010    2.6758334e-16 
97.168980    2.6764082e-16 
97.237950    2.6769829e-16 
97.306920    2.6775577e-16 
97.375890    2.6781324e-16 
97.444860    2.6787072e-16 
97.513830    2.6792819e-16 
97.582800    2.6798567e-16 
97.651770    2.6804314e-16 
97.720740    2.6810062e-16 
97.789710    2.6815809e-16 
97.858680    2.6821557e-16 
97.927650    2.6827304e-16 
97.996620    2.6833052e-16 
98.065590    2.6838799e-16 
98.134560    2.6844547e-16 
98.203530    2.6850294e-16 
98.272500    2.6856042e-16 
98.341470    2.6861789e-16 
98.410440    2.6867537e-16 
98.479410    2.6873284e-16 
98.548380    2.6879032e-16 
98.617350    2.6884779e-16 
98.686320    2.6890527e-16 
98.755290    2.6896274e-16 
98.824260    2.6902022e-16 
98.893230    2.6907769e-16 
98.962200    2.6913517e-16 
99.031170    2.6919264e-16 
99.100140    2.6925012e-16 
99.169110    2.6930759e-16 
99.238080    2.6936507e-16 
99.307050    2.6942254e-16 
99.376020    2.6948002e-16 
99.444990    2.6953749e-16 
99.513960    2.6959497e-16 
99.582930    2.6965244e-16 
99.651900    2.6970992e-16 
99.720870    2.6976739e-16 
99.789840    2.6982487e-16 
99.858810    2.6988234e-16 
99.927780    2.6993982e-16 
99.996750    2.6999729e-16 
100.065720    2.7000000e-16 
100.134690    2.7000000e-16 
100.203660    2.7000000e-16 
100.272630    2.7000000e-16 
100.341600    2.7000000e-16 
100.410570    2.7000000e-16 
100.479540    2.7000000e-16 
100.548510    2.7000000e-16 
100.617480    2.7000000e-16 
100.686450    2.7000000e-16 
100.755420    2.7000000e-16 
100.824390    2.7000000e-16 
100.893360    2.7000000e-16 
100.962330    2.7000000e-16 
101.031300    2.7000000e-16 
101.100270    2.7000000e-16 
101.169240    2.7000000e-16 
101.238210    2.7000000e-16 
101.307180    2.7000000e-16 
101.376150    2.7000000e-16 
101.445120    2.7000000e-16 
101.514090    2.7000000e-16 
101.583060    2.7000000e-16 
101.652030    2.7000000e-16 
101.721000    2.7000000e-16 
101.789970    2.7000000e-16 
101.858940    2.7000000e-16 
101.927910    2.7000000e-16 
101.996880    2.7000000e-16 
102.065850    2.7000000e-16 
102.134820    2.7000000e-16 
102.203790    2.7000000e-16 
102.272760    2.7000000e-16 
102.341730    2.7000000e-16 
102.410700    2.7000000e-16 
102.479670    2.7000000e-16 
102.548640    2.7000000e-16 
102.617610    2.7000000e-16 
102.686580    2.7000000e-16 
102.755550    2.7000000e-16 
102.824520    2.7000000e-16 
102.893490    2.7000000e-16 
102.962460    2.7000000e-16 
103.031430    2.7000000e-16 
103.100400    2.7000000e-16 
103.169370    2.7000000e-16 
103.238340    2.7000000e-16 
103.307310    2.7000000e-16 
103.376280    2.7000000e-16 
103.445250    2.7000000e-16 
103.514220    2.7000000e-16 
103.583190    2.7000000e-16 
103.652160    2.7000000e-16 
103.721130    2.7000000e-16 
103.790100    2.7000000e-16 
103.859070    2.7000000e-16 
103.928040    2.7000000e-16 
103.997010    2.7000000e-16 
104.065980    2.7000000e-16 
104.134950    2.7000000e-16 
104.203920    2.7000000e-16 
104.272890    2.7000000e-16 
104.341860    2.7000000e-16 
104.410830    2.7000000e-16 
104.479800    2.7000000e-16 
104.548770    2.7000000e-16 
104.617740    2.7000000e-16 
104.686710    2.7000000e-16 
104.755680    2.7000000e-16 
104.824650    2.7000000e-16 
104.893620    2.7000000e-16 
104.962590    2.7000000e-16 
105.031560    2.7000000e-16 
105.100530    2.7000000e-16 
105.169500    2.7000000e-16 
105.238470    2.7000000e-16 
105.307440    2.7000000e-16 
105.376410    2.7000000e-16 
105.445380    2.7000000e-16 
105.514350    2.7000000e-16 
105.583320    2.7000000e-16 
105.652290    2.7000000e-16 
105.721260    2.7000000e-16 
105.790230    2.7000000e-16 
105.859200    2.7000000e-16 
105.928170    2.7000000e-16 
105.997140    2.7000000e-16 
106.066110    2.7000000e-16 
106.135080    2.7000000e-16 
106.204050    2.7000000e-16 
106.273020    2.7000000e-16 
106.341990    2.7000000e-16 
106.410960    2.7000000e-16 
106.479930    2.7000000e-16 
106.548900    2.7000000e-16 
106.617870    2.7000000e-16 
106.686840    2.7000000e-16 
106.755810    2.7000000e-16 
106.824780    2.7000000e-16 
106.893750    2.7000000e-16 
106.962720    2.7000000e-16 
107.031690    2.7000000e-16 
107.100660    2.7000000e-16 
107.169630    2.7000000e-16 
107.238600    2.7000000e-16 
107.307570    2.7000000e-16 
107.376540    2.7000000e-16 
107.445510    2.7000000e-16 
107.514480    2.7000000e-16 
107.583450    2.7000000e-16 
107.652420    2.7000000e-16 
107.721390    2.7000000e-16 
107.790360    2.7000000e-16 
107.859330    2.7000000e-16 
107.928300    2.7000000e-16 
107.997270    2.7000000e-16 
108.066240    2.7000000e-16 
108.135210    2.7000000e-16 
108.204180    2.7000000e-16 
108.273150    2.7000000e-16 
108.342120    2.7000000e-16 
108.411090    2.7000000e-16 
108.480060    2.7000000e-16 
108.549030    2.7000000e-16 
108.618000    2.7000000e-16 
108.686970    2.7000000e-16 
108.755940    2.7000000e-16 
108.824910    2.7000000e-16 
108.893880    2.7000000e-16 
108.962850    2.7000000e-16 
109.031820    2.7000000e-16 
109.100790    2.7000000e-16 
109.169760    2.7000000e-16 
109.238730    2.7000000e-16 
109.307700    2.7000000e-16 
109.376670    2.7000000e-16 
109.445640    2.7000000e-16 
109.514610    2.7000000e-16 
109.583580    2.7000000e-16 
109.652550    2.7000000e-16 
109.721520    2.7000000e-16 
109.790490    2.7000000e-16 
109.859460    2.7000000e-16 
109.928430    2.7000000e-16 
109.997400    2.7000000e-16 
110.066370    2.7000000e-16 
110.135340    2.7000000e-16 
110.204310    2.7000000e-16 
110.273280    2.7000000e-16 
110.342250    2.7000000e-16 
110.411220    2.7000000e-16 
110.480190    2.7000000e-16 
110.549160    2.7000000e-16 
110.618130    2.7000000e-16 
110.687100    2.7000000e-16 
110.756070    2.7000000e-16 
110.825040    2.7000000e-16 
110.894010    2.7000000e-16 
110.962980    2.7000000e-16 
111.031950    2.7000000e-16 
111.100920    2.7000000e-16 
111.169890    2.7000000e-16 
111.238860    2.7000000e-16 
111.307830    2.7000000e-16 
111.376800    2.7000000e-16 
111.445770    2.7000000e-16 
111.514740    2.7000000e-16 
111.583710    2.7000000e-16 
111.652680    2.7000000e-16 
111.721650    2.7000000e-16 
111.790620    2.7000000e-16 
111.859590    2.7000000e-16 
111.928560    2.7000000e-16 
111.997530    2.7000000e-16 
112.066500    2.7000000e-16 
112.135470    2.7000000e-16 
112.204440    2.7000000e-16 
112.273410    2.7000000e-16 
112.342380    2.7000000e-16 
112.411350    2.7000000e-16 
112.480320    2.7000000e-16 
112.549290    2.7000000e-16 
112.618260    2.7000000e-16 
112.687230    2.7000000e-16 
112.756200    2.7000000e-16 
112.825170    2.7000000e-16 
112.894140    2.7000000e-16 
112.963110    2.7000000e-16 
113.032080    2.7000000e-16 
113.101050    2.7000000e-16 
113.170020    2.7000000e-16 
113.238990    2.7000000e-16 
113.307960    2.7000000e-16 
113.376930    2.7000000e-16 
113.445900    2.7000000e-16 
113.514870    2.7000000e-16 
113.583840    2.7000000e-16 
113.652810    2.7000000e-16 
113.721780    2.7000000e-16 
113.790750    2.7000000e-16 
113.859720    2.7000000e-16 
113.928690    2.7000000e-16 
113.997660    2.7000000e-16 
114.066630    2.7000000e-16 
114.135600    2.7000000e-16 
114.204570    2.7000000e-16 
114.273540    2.7000000e-16 
114.342510    2.7000000e-16 
114.411480    2.7000000e-16 
114.480450    2.7000000e-16 
114.549420    2.7000000e-16 
114.618390    2.7000000e-16 
114.687360    2.7000000e-16 
114.756330    2.7000000e-16 
114.825300    2.7000000e-16 
114.894270    2.7000000e-16 
114.963240    2.7000000e-16 
115.032210    2.7000000e-16 
115.101180    2.7000000e-16 
115.170150    2.7000000e-16 
115.239120    2.7000000e-16 
115.308090    2.7000000e-16 
115.377060    2.7000000e-16 
115.446030    2.7000000e-16 
115.515000    2.7000000e-16 
115.583970    2.7000000e-16 
115.652940    2.7000000e-16 
115.721910    2.7000000e-16 
115.790880    2.7000000e-16 
115.859850    2.7000000e-16 
115.928820    2.7000000e-16 
115.997790    2.7000000e-16 
116.066760    2.7000000e-16 
116.135730    2.7000000e-16 
116.204700    2.7000000e-16 
116.273670    2.7000000e-16 
116.342640    2.7000000e-16 
116.411610    2.7000000e-16 
116.480580    2.7000000e-16 
116.549550    2.7000000e-16 
116.618520    2.7000000e-16 
116.687490    2.7000000e-16 
116.756460    2.7000000e-16 
116.825430    2.7000000e-16 
116.894400    2.7000000e-16 
116.963370    2.7000000e-16 
117.032340    2.7000000e-16 
117.101310    2.7000000e-16 
117.170280    2.7000000e-16 
117.239250    2.7000000e-16 
117.308220    2.7000000e-16 
117.377190    2.7000000e-16 
117.446160    2.7000000e-16 
117.515130    2.7000000e-16 
117.584100    2.7000000e-16 
117.653070    2.7000000e-16 
117.722040    2.7000000e-16 
117.791010    2.7000000e-16 
117.859980    2.7000000e-16 
117.928950    2.7000000e-16 
117.997920    2.7000000e-16 
118.066890    2.7000000e-16 
118.135860    2.7000000e-16 
118.204830    2.7000000e-16 
118.273800    2.7000000e-16 
118.342770    2.7000000e-16 
118.411740    2.7000000e-16 
118.480710    2.7000000e-16 
118.549680    2.7000000e-16 
118.618650    2.7000000e-16 
118.687620    2.7000000e-16 
118.756590    2.7000000e-16 
118.825560    2.7000000e-16 
118.894530    2.7000000e-16 
118.963500    2.7000000e-16 
119.032470    2.7000000e-16 
119.101440    2.7000000e-16 
119.170410    2.7000000e-16 
119.239380    2.7000000e-16 
119.308350    2.7000000e-16 
119.377320    2.7000000e-16 
119.446290    2.7000000e-16 
119.515260    2.7000000e-16 
119.584230    2.7000000e-16 
119.653200    2.7000000e-16 
119.722170    2.7000000e-16 
119.791140    2.7000000e-16 
119.860110    2.7000000e-16 
119.929080    2.7000000e-16 
119.998050    2.7000000e-16 
120.067020    2.7000000e-16 
120.135990    2.7000000e-16 
120.204960    2.7000000e-16 
120.273930    2.7000000e-16 
120.342900    2.7000000e-16 
120.411870    2.7000000e-16 
120.480840    2.7000000e-16 
120.549810    2.7000000e-16 
120.618780    2.7000000e-16 
120.687750    2.7000000e-16 
120.756720    2.7000000e-16 
120.825690    2.7000000e-16 
120.894660    2.7000000e-16 
120.963630    2.7000000e-16 
121.032600    2.7000000e-16 
121.101570    2.7000000e-16 
121.170540    2.7000000e-16 
121.239510    2.7000000e-16 
121.308480    2.7000000e-16 
121.377450    2.7000000e-16 
121.446420    2.7000000e-16 
121.515390    2.7000000e-16 
121.584360    2.7000000e-16 
121.653330    2.7000000e-16 
121.722300    2.7000000e-16 
121.791270    2.7000000e-16 
121.860240    2.7000000e-16 
121.929210    2.7000000e-16 
121.998180    2.7000000e-16 
122.067150    2.7000000e-16 
122.136120    2.7000000e-16 
122.205090    2.7000000e-16 
122.274060    2.7000000e-16 
122.343030    2.7000000e-16 
122.412000    2.7000000e-16 
122.480970    2.7000000e-16 
122.549940    2.7000000e-16 
122.618910    2.7000000e-16 
122.687880    2.7000000e-16 
122.756850    2.7000000e-16 
122.825820    2.7000000e-16 
122.894790    2.7000000e-16 
122.963760    2.7000000e-16 
123.032730    2.7000000e-16 
123.101700    2.7000000e-16 
123.170670    2.7000000e-16 
123.239640    2.7000000e-16 
123.308610    2.7000000e-16 
123.377580    2.7000000e-16 
123.446550    2.7000000e-16 
123.515520    2.7000000e-16 
123.584490    2.7000000e-16 
123.653460    2.7000000e-16 
123.722430    2.7000000e-16 
123.791400    2.7000000e-16 
123.860370    2.7000000e-16 
123.929340    2.7000000e-16 
123.998310    2.7000000e-16 
124.067280    2.7000000e-16 
124.136250    2.7000000e-16 
124.205220    2.7000000e-16 
124.274190    2.7000000e-16 
124.343160    2.7000000e-16 
124.412130    2.7000000e-16 
124.481100    2.7000000e-16 
124.550070    2.7000000e-16 
124.619040    2.7000000e-16 
124.688010    2.7000000e-16 
124.756980    2.7000000e-16 
124.825950    2.7000000e-16 
124.894920    2.7000000e-16 
124.963890    2.7000000e-16 
125.032860    2.7000000e-16 
125.101830    2.7000000e-16 
125.170800    2.7000000e-16 
125.239770    2.7000000e-16 
125.308740    2.7000000e-16 
125.377710    2.7000000e-16 
125.446680    2.7000000e-16 
125.515650    2.7000000e-16 
125.584620    2.7000000e-16 
125.653590    2.7000000e-16 
125.722560    2.7000000e-16 
125.791530    2.7000000e-16 
125.860500    2.7000000e-16 
125.929470    2.7000000e-16 
125.998440    2.7000000e-16 
126.067410    2.7000000e-16 
126.136380    2.7000000e-16 
126.205350    2.7000000e-16 
126.274320    2.7000000e-16 
126.343290    2.7000000e-16 
126.412260    2.7000000e-16 
126.481230    2.7000000e-16 
126.550200    2.7000000e-16 
126.619170    2.7000000e-16 
126.688140    2.7000000e-16 
126.757110    2.7000000e-16 
126.826080    2.7000000e-16 
126.895050    2.7000000e-16 
126.964020    2.7000000e-16 
127.032990    2.7000000e-16 
127.101960    2.7000000e-16 
127.170930    2.7000000e-16 
127.239900    2.7000000e-16 
127.308870    2.7000000e-16 
127.377840    2.7000000e-16 
127.446810    2.7000000e-16 
127.515780    2.7000000e-16 
127.584750    2.7000000e-16 
127.653720    2.7000000e-16 
127.722690    2.7000000e-16 
127.791660    2.7000000e-16 
127.860630    2.7000000e-16 
127.929600    2.7000000e-16 
127.998570    2.7000000e-16 
128.067540    2.7000000e-16 
128.136510    2.7000000e-16 
128.205480    2.7000000e-16 
128.274450    2.7000000e-16 
128.343420    2.7000000e-16 
128.412390    2.7000000e-16 
128.481360    2.7000000e-16 
128.550330    2.7000000e-16 
128.619300    2.7000000e-16 
128.688270    2.7000000e-16 
128.757240    2.7000000e-16 
128.826210    2.7000000e-16 
128.895180    2.7000000e-16 
128.964150    2.7000000e-16 
129.033120    2.7000000e-16 
129.102090    2.7000000e-16 
129.171060    2.7000000e-16 
129.240030    2.7000000e-16 
129.309000    2.7000000e-16 
129.377970    2.7000000e-16 
129.446940    2.7000000e-16 
129.515910    2.7000000e-16 
129.584880    2.7000000e-16 
129.653850    2.7000000e-16 
129.722820    2.7000000e-16 
129.791790    2.7000000e-16 
129.860760    2.7000000e-16 
129.929730    2.7000000e-16 
129.998700    2.7000000e-16 
130.067670    2.7000000e-16 
130.136640    2.7000000e-16 
130.205610    2.7000000e-16 
130.274580    2.7000000e-16 
130.343550    2.7000000e-16 
130.412520    2.7000000e-16 
130.481490    2.7000000e-16 
130.550460    2.7000000e-16 
130.619430    2.7000000e-16 
130.688400    2.7000000e-16 
130.757370    2.7000000e-16 
130.826340    2.7000000e-16 
130.895310    2.7000000e-16 
130.964280    2.7000000e-16 
131.033250    2.7000000e-16 
131.102220    2.7000000e-16 
131.171190    2.7000000e-16 
131.240160    2.7000000e-16 
131.309130    2.7000000e-16 
131.378100    2.7000000e-16 
131.447070    2.7000000e-16 
131.516040    2.7000000e-16 
131.585010    2.7000000e-16 
131.653980    2.7000000e-16 
131.722950    2.7000000e-16 
131.791920    2.7000000e-16 
131.860890    2.7000000e-16 
131.929860    2.7000000e-16 
131.998830    2.7000000e-16 
132.067800    2.7000000e-16 
132.136770    2.7000000e-16 
132.205740    2.7000000e-16 
132.274710    2.7000000e-16 
132.343680    2.7000000e-16 
132.412650    2.7000000e-16 
132.481620    2.7000000e-16 
132.550590    2.7000000e-16 
132.619560    2.7000000e-16 
132.688530    2.7000000e-16 
132.757500    2.7000000e-16 
132.826470    2.7000000e-16 
132.895440    2.7000000e-16 
132.964410    2.7000000e-16 
133.033380    2.7000000e-16 
133.102350    2.7000000e-16 
133.171320    2.7000000e-16 
133.240290    2.7000000e-16 
133.309260    2.7000000e-16 
133.378230    2.7000000e-16 
133.447200    2.7000000e-16 
133.516170    2.7000000e-16 
133.585140    2.7000000e-16 
133.654110    2.7000000e-16 
133.723080    2.7000000e-16 
133.792050    2.7000000e-16 
133.861020    2.7000000e-16 
133.929990    2.7000000e-16 
133.998960    2.7000000e-16 
134.067930    2.7000000e-16 
134.136900    2.7000000e-16 
134.205870    2.7000000e-16 
134.274840    2.7000000e-16 
134.343810    2.7000000e-16 
134.412780    2.7000000e-16 
134.481750    2.7000000e-16 
134.550720    2.7000000e-16 
134.619690    2.7000000e-16 
134.688660    2.7000000e-16 
134.757630    2.7000000e-16 
134.826600    2.7000000e-16 
134.895570    2.7000000e-16 
134.964540    2.7000000e-16 
135.033510    2.7000000e-16 
135.102480    2.7000000e-16 
135.171450    2.7000000e-16 
135.240420    2.7000000e-16 
135.309390    2.7000000e-16 
135.378360    2.7000000e-16 
135.447330    2.7000000e-16 
135.516300    2.7000000e-16 
135.585270    2.7000000e-16 
135.654240    2.7000000e-16 
135.723210    2.7000000e-16 
135.792180    2.7000000e-16 
135.861150    2.7000000e-16 
135.930120    2.7000000e-16 
135.999090    2.7000000e-16 
136.068060    2.7000000e-16 
136.137030    2.7000000e-16 
136.206000    2.7000000e-16 
136.274970    2.7000000e-16 
136.343940    2.7000000e-16 
136.412910    2.7000000e-16 
136.481880    2.7000000e-16 
136.550850    2.7000000e-16 
136.619820    2.7000000e-16 
136.688790    2.7000000e-16 
136.757760    2.7000000e-16 
136.826730    2.7000000e-16 
136.895700    2.7000000e-16 
136.964670    2.7000000e-16 
137.033640    2.7000000e-16 
137.102610    2.7000000e-16 
137.171580    2.7000000e-16 
137.240550    2.7000000e-16 
137.309520    2.7000000e-16 
137.378490    2.7000000e-16 
137.447460    2.7000000e-16 
137.516430    2.7000000e-16 
137.585400    2.7000000e-16 
137.654370    2.7000000e-16 
137.723340    2.7000000e-16 
137.792310    2.7000000e-16 
137.861280    2.7000000e-16 
137.930250    2.7000000e-16 
137.999220    2.7000000e-16 
138.068190    2.7000000e-16 
138.137160    2.7000000e-16 
138.206130    2.7000000e-16 
138.275100    2.7000000e-16 
138.344070    2.7000000e-16 
138.413040    2.7000000e-16 
138.482010    2.7000000e-16 
138.550980    2.7000000e-16 
138.619950    2.7000000e-16 
138.688920    2.7000000e-16 
138.757890    2.7000000e-16 
138.826860    2.7000000e-16 
138.895830    2.7000000e-16 
138.964800    2.7000000e-16 
139.033770    2.7000000e-16 
139.102740    2.7000000e-16 
139.171710    2.7000000e-16 
139.240680    2.7000000e-16 
139.309650    2.7000000e-16 
139.378620    2.7000000e-16 
139.447590    2.7000000e-16 
139.516560    2.7000000e-16 
139.585530    2.7000000e-16 
139.654500    2.7000000e-16 
139.723470    2.7000000e-16 
139.792440    2.7000000e-16 
139.861410    2.7000000e-16 
139.930380    2.7000000e-16 
139.999350    2.7000000e-16 
140.068320    2.7000000e-16 
140.137290    2.7000000e-16 
140.206260    2.7000000e-16 
140.275230    2.7000000e-16 
140.344200    2.7000000e-16 
140.413170    2.7000000e-16 
140.482140    2.7000000e-16 
140.551110    2.7000000e-16 
140.620080    2.7000000e-16 
140.689050    2.7000000e-16 
140.758020    2.7000000e-16 
140.826990    2.7000000e-16 
140.895960    2.7000000e-16 
140.964930    2.7000000e-16 
141.033900    2.7000000e-16 
141.102870    2.7000000e-16 
141.171840    2.7000000e-16 
141.240810    2.7000000e-16 
141.309780    2.7000000e-16 
141.378750    2.7000000e-16 
141.447720    2.7000000e-16 
141.516690    2.7000000e-16 
141.585660    2.7000000e-16 
141.654630    2.7000000e-16 
141.723600    2.7000000e-16 
141.792570    2.7000000e-16 
141.861540    2.7000000e-16 
141.930510    2.7000000e-16 
141.999480    2.7000000e-16 
142.068450    2.7000000e-16 
142.137420    2.7000000e-16 
142.206390    2.7000000e-16 
142.275360    2.7000000e-16 
142.344330    2.7000000e-16 
142.413300    2.7000000e-16 
142.482270    2.7000000e-16 
142.551240    2.7000000e-16 
142.620210    2.7000000e-16 
142.689180    2.7000000e-16 
142.758150    2.7000000e-16 
142.827120    2.7000000e-16 
142.896090    2.7000000e-16 
142.965060    2.7000000e-16 
143.034030    2.7000000e-16 
143.103000    2.7000000e-16 
143.171970    2.7000000e-16 
143.240940    2.7000000e-16 
143.309910    2.7000000e-16 
143.378880    2.7000000e-16 
143.447850    2.7000000e-16 
143.516820    2.7000000e-16 
143.585790    2.7000000e-16 
143.654760    2.7000000e-16 
143.723730    2.7000000e-16 
143.792700    2.7000000e-16 
143.861670    2.7000000e-16 
143.930640    2.7000000e-16 
143.999610    2.7000000e-16 
144.068580    2.7000000e-16 
144.137550    2.7000000e-16 
144.206520    2.7000000e-16 
144.275490    2.7000000e-16 
144.344460    2.7000000e-16 
144.413430    2.7000000e-16 
144.482400    2.7000000e-16 
144.551370    2.7000000e-16 
144.620340    2.7000000e-16 
144.689310    2.7000000e-16 
144.758280    2.7000000e-16 
144.827250    2.7000000e-16 
144.896220    2.7000000e-16 
144.965190    2.7000000e-16 
145.034160    2.7000000e-16 
145.103130    2.7000000e-16 
145.172100    2.7000000e-16 
145.241070    2.7000000e-16 
145.310040    2.7000000e-16 
145.379010    2.7000000e-16 
145.447980    2.7000000e-16 
145.516950    2.7000000e-16 
145.585920    2.7000000e-16 
145.654890    2.7000000e-16 
145.723860    2.7000000e-16 
145.792830    2.7000000e-16 
145.861800    2.7000000e-16 
145.930770    2.7000000e-16 
145.999740    2.7000000e-16 
146.068710    2.7000000e-16 
146.137680    2.7000000e-16 
146.206650    2.7000000e-16 
146.275620    2.7000000e-16 
146.344590    2.7000000e-16 
146.413560    2.7000000e-16 
146.482530    2.7000000e-16 
146.551500    2.7000000e-16 
146.620470    2.7000000e-16 
146.689440    2.7000000e-16 
146.758410    2.7000000e-16 
146.827380    2.7000000e-16 
146.896350    2.7000000e-16 
146.965320    2.7000000e-16 
147.034290    2.7000000e-16 
147.103260    2.7000000e-16 
147.172230    2.7000000e-16 
147.241200    2.7000000e-16 
147.310170    2.7000000e-16 
147.379140    2.7000000e-16 
147.448110    2.7000000e-16 
147.517080    2.7000000e-16 
147.586050    2.7000000e-16 
147.655020    2.7000000e-16 
147.723990    2.7000000e-16 
147.792960    2.7000000e-16 
147.861930    2.7000000e-16 
147.930900    2.7000000e-16 
147.999870    2.7000000e-16 
148.068840    2.7000000e-16 
148.137810    2.7000000e-16 
148.206780    2.7000000e-16 
148.275750    2.7000000e-16 
148.344720    2.7000000e-16 
148.413690    2.7000000e-16 
148.482660    2.7000000e-16 
148.551630    2.7000000e-16 
148.620600    2.7000000e-16 
148.689570    2.7000000e-16 
148.758540    2.7000000e-16 
148.827510    2.7000000e-16 
148.896480    2.7000000e-16 
148.965450    2.7000000e-16 
149.034420    2.7000000e-16 
149.103390    2.7000000e-16 
149.172360    2.7000000e-16 
149.241330    2.7000000e-16 
149.310300    2.7000000e-16 
149.379270    2.7000000e-16 
149.448240    2.7000000e-16 
149.517210    2.7000000e-16 
149.586180    2.7000000e-16 
149.655150    2.7000000e-16 
149.724120    2.7000000e-16 
149.793090    2.7000000e-16 
149.862060    2.7000000e-16 
149.931030    2.7000000e-16 
150.000000    2.7000000e-16 
