0.005000    1.4328812e-15 
0.025000    6.4080395e-16 
0.045000    4.7762706e-16 
0.065000    3.9740974e-16 
0.085000    3.4752473e-16 
0.105000    3.1268031e-16 
0.125000    2.8657624e-16 
0.145000    2.6607936e-16 
0.165000    2.4943260e-16 
0.185000    2.3556422e-16 
0.205000    2.2377844e-16 
0.225000    2.1360132e-16 
0.245000    2.0469731e-16 
0.265000    1.9682137e-16 
0.285000    1.8978975e-16 
0.305000    1.8346164e-16 
0.325000    1.7772704e-16 
0.345000    1.7249862e-16 
0.365000    1.6770606e-16 
0.385000    1.6329197e-16 
0.405000    1.5920902e-16 
0.425000    1.5541779e-16 
0.445000    1.5188510e-16 
0.465000    1.4858286e-16 
0.485000    1.4548704e-16 
0.505000    1.4257701e-16 
0.525000    1.3983488e-16 
0.545000    1.3724513e-16 
0.565000    1.3479412e-16 
0.585000    1.3246991e-16 
0.605000    1.3026193e-16 
0.625000    1.2816079e-16 
0.645000    1.2615815e-16 
0.665000    1.2424656e-16 
0.685000    1.2241930e-16 
0.705000    1.2067036e-16 
0.725000    1.1899431e-16 
0.745000    1.1738620e-16 
0.765000    1.1584158e-16 
0.785000    1.1435637e-16 
0.805000    1.1292686e-16 
0.825000    1.1154965e-16 
0.845000    1.1022163e-16 
0.865000    1.0893994e-16 
0.885000    1.0770194e-16 
0.905000    1.0650522e-16 
0.925000    1.0534752e-16 
0.945000    1.0422677e-16 
0.965000    1.0314104e-16 
0.985000    1.0208856e-16 
1.005000    1.0106765e-16 
1.025000    1.0007676e-16 
1.045000    9.9114464e-17 
1.065000    9.8179401e-17 
1.085000    9.7270313e-17 
1.105000    9.6386019e-17 
1.125000    9.5525412e-17 
1.145000    9.4687454e-17 
1.165000    9.3871167e-17 
1.185000    9.3075635e-17 
1.205000    9.2299991e-17 
1.225000    9.1543421e-17 
1.245000    9.0805155e-17 
1.265000    9.0084468e-17 
1.285000    8.9380672e-17 
1.305000    9.1753119e-17 
1.325000    9.1321191e-17 
1.345000    9.0904308e-17 
1.365000    9.0501914e-17 
1.385000    9.0113486e-17 
1.405000    8.9738525e-17 
1.425000    8.9376556e-17 
1.445000    8.9027128e-17 
1.465000    8.8689812e-17 
1.485000    8.8364199e-17 
1.505000    8.8049898e-17 
1.525000    8.7746538e-17 
1.545000    8.7453762e-17 
1.565000    8.7171233e-17 
1.585000    8.6898625e-17 
1.605000    8.6635629e-17 
1.625000    8.6381947e-17 
1.645000    8.6137297e-17 
1.665000    8.5901405e-17 
1.685000    8.5674012e-17 
1.705000    8.5454866e-17 
1.725000    8.5243730e-17 
1.745000    8.5040371e-17 
1.765000    8.4844570e-17 
1.785000    8.4656114e-17 
1.805000    8.4514799e-17 
1.825000    8.4500429e-17 
1.845000    8.4492815e-17 
1.865000    8.4491775e-17 
1.885000    8.4497135e-17 
1.905000    8.4508727e-17 
1.925000    8.4526387e-17 
1.945000    8.4549960e-17 
1.965000    8.4579294e-17 
1.985000    8.4614245e-17 
2.005000    8.4654672e-17 
2.025000    8.4700438e-17 
2.045000    8.4751414e-17 
2.065000    8.4807474e-17 
2.085000    8.4868493e-17 
2.105000    8.5017689e-17 
2.125000    8.5421613e-17 
2.145000    8.5830155e-17 
2.165000    8.6243208e-17 
2.185000    8.6660669e-17 
2.205000    8.7082437e-17 
2.225000    8.7508416e-17 
2.245000    8.7938511e-17 
2.265000    8.8372631e-17 
2.285000    8.8810688e-17 
2.305000    8.9252597e-17 
2.325000    8.9698274e-17 
2.345000    9.0147639e-17 
2.365000    9.0600614e-17 
2.385000    9.1057122e-17 
2.405000    9.1517092e-17 
2.425000    9.1980449e-17 
2.445000    9.2447127e-17 
2.465000    9.2917056e-17 
2.485000    9.3390172e-17 
2.505000    9.3866410e-17 
2.525000    9.4345709e-17 
2.545000    9.4828008e-17 
2.565000    9.5313250e-17 
2.585000    9.5801376e-17 
2.605000    9.6292331e-17 
2.625000    9.6786062e-17 
2.645000    9.7282515e-17 
2.665000    9.7781640e-17 
2.685000    9.8283387e-17 
2.705000    9.8754374e-17 
2.725000    9.9127886e-17 
2.745000    9.9503879e-17 
2.765000    9.9882306e-17 
2.785000    1.0026312e-16 
2.805000    1.0064629e-16 
2.825000    1.0103176e-16 
2.845000    1.0141950e-16 
2.865000    1.0180947e-16 
2.885000    1.0220162e-16 
2.905000    1.0259593e-16 
2.925000    1.0299235e-16 
2.945000    1.0339084e-16 
2.965000    1.0379138e-16 
2.985000    1.0419392e-16 
3.005000    1.0459844e-16 
3.025000    1.0500490e-16 
3.045000    1.0541328e-16 
3.065000    1.0582353e-16 
3.085000    1.0623562e-16 
3.105000    1.0664954e-16 
3.125000    1.0706525e-16 
3.145000    1.0748271e-16 
3.165000    1.0790191e-16 
3.185000    1.0832282e-16 
3.205000    1.0874540e-16 
3.225000    1.0916964e-16 
3.245000    1.0959551e-16 
3.265000    1.1002297e-16 
3.285000    1.1045202e-16 
3.305000    1.1088262e-16 
3.325000    1.1131475e-16 
3.345000    1.1174839e-16 
3.365000    1.1218351e-16 
3.385000    1.1262010e-16 
3.405000    1.1307479e-16 
3.425000    1.1358091e-16 
3.445000    1.1408843e-16 
3.465000    1.1459732e-16 
3.485000    1.1510758e-16 
3.505000    1.1561918e-16 
3.525000    1.1613209e-16 
3.545000    1.1664632e-16 
3.565000    1.1716182e-16 
3.585000    1.1767859e-16 
3.605000    1.1819662e-16 
3.625000    1.1871587e-16 
3.645000    1.1923634e-16 
3.665000    1.1975801e-16 
3.685000    1.2028086e-16 
3.705000    1.2080487e-16 
3.725000    1.2133004e-16 
3.745000    1.2185634e-16 
3.765000    1.2238376e-16 
3.785000    1.2291229e-16 
3.805000    1.2344190e-16 
3.825000    1.2397260e-16 
3.845000    1.2450435e-16 
3.865000    1.2503715e-16 
3.885000    1.2557099e-16 
3.905000    1.2610585e-16 
3.925000    1.2664172e-16 
3.945000    1.2717859e-16 
3.965000    1.2771644e-16 
3.985000    1.2825526e-16 
4.005000    1.2888670e-16 
4.025000    1.2979409e-16 
4.045000    1.3070242e-16 
4.065000    1.3161167e-16 
4.085000    1.3252183e-16 
4.105000    1.3343290e-16 
4.125000    1.3434485e-16 
4.145000    1.3525769e-16 
4.165000    1.3617139e-16 
4.185000    1.3708595e-16 
4.205000    1.3800136e-16 
4.225000    1.3891761e-16 
4.245000    1.3983469e-16 
4.265000    1.4075258e-16 
4.285000    1.4167129e-16 
4.305000    1.4259079e-16 
4.325000    1.4351109e-16 
4.345000    1.4443216e-16 
4.365000    1.4535401e-16 
4.385000    1.4627663e-16 
4.405000    1.4719999e-16 
4.425000    1.4812411e-16 
4.445000    1.4904896e-16 
4.465000    1.4997454e-16 
4.485000    1.5090084e-16 
4.505000    1.5182786e-16 
4.525000    1.5275558e-16 
4.545000    1.5368400e-16 
4.565000    1.5461311e-16 
4.585000    1.5554291e-16 
4.605000    1.5647337e-16 
4.625000    1.5740451e-16 
4.645000    1.5833631e-16 
4.665000    1.5926876e-16 
4.685000    1.6020185e-16 
4.705000    1.6113559e-16 
4.725000    1.6206996e-16 
4.745000    1.6300496e-16 
4.765000    1.6394057e-16 
4.785000    1.6487680e-16 
4.805000    1.6581364e-16 
4.825000    1.6675108e-16 
4.845000    1.6768911e-16 
4.865000    1.6862773e-16 
4.885000    1.6956693e-16 
4.905000    1.7050671e-16 
4.925000    1.7144706e-16 
4.945000    1.7238797e-16 
4.965000    1.7332944e-16 
4.985000    1.7427147e-16 
5.005000    1.7521404e-16 
5.025000    1.7615716e-16 
5.045000    1.7710081e-16 
5.065000    1.7804500e-16 
5.085000    1.7898971e-16 
5.105000    1.7993494e-16 
5.125000    1.8088069e-16 
5.145000    1.8182695e-16 
5.165000    1.8277371e-16 
5.185000    1.8372098e-16 
5.205000    1.8460684e-16 
5.225000    1.8530748e-16 
5.245000    1.8600860e-16 
5.265000    1.8671021e-16 
5.285000    1.8741229e-16 
5.305000    1.8811485e-16 
5.325000    1.8881788e-16 
5.345000    1.8952137e-16 
5.365000    1.9022532e-16 
5.385000    1.9092973e-16 
5.405000    1.9163459e-16 
5.425000    1.9233989e-16 
5.445000    1.9304564e-16 
5.465000    1.9375183e-16 
5.485000    1.9445846e-16 
5.505000    1.9516551e-16 
5.525000    1.9587300e-16 
5.545000    1.9658090e-16 
5.565000    1.9728923e-16 
5.585000    1.9799797e-16 
5.605000    1.9870713e-16 
5.625000    1.9941669e-16 
5.645000    2.0012666e-16 
5.665000    2.0083703e-16 
5.685000    2.0154780e-16 
5.705000    2.0225896e-16 
5.725000    2.0297052e-16 
5.745000    2.0368246e-16 
5.765000    2.0439478e-16 
5.785000    2.0510749e-16 
5.805000    2.0582057e-16 
5.825000    2.0653403e-16 
5.845000    2.0724786e-16 
5.865000    2.0796206e-16 
5.885000    2.0867662e-16 
5.905000    2.0939155e-16 
5.925000    2.1010683e-16 
5.945000    2.1082247e-16 
5.965000    2.1153846e-16 
5.985000    2.1225480e-16 
6.005000    2.1297149e-16 
6.025000    2.1368853e-16 
6.045000    2.1440590e-16 
6.065000    2.1512361e-16 
6.085000    2.1584166e-16 
6.105000    2.1656004e-16 
6.125000    2.1727875e-16 
6.145000    2.1799779e-16 
6.165000    2.1871715e-16 
6.185000    2.1943683e-16 
6.205000    2.2015684e-16 
6.225000    2.2087716e-16 
6.245000    2.2159779e-16 
6.265000    2.2231874e-16 
6.285000    2.2304000e-16 
6.305000    2.2376156e-16 
6.325000    2.2448343e-16 
6.345000    2.2520560e-16 
6.365000    2.2592807e-16 
6.385000    2.2665083e-16 
6.405000    2.2737390e-16 
6.425000    2.2809725e-16 
6.445000    2.2882090e-16 
6.465000    2.2954483e-16 
6.485000    2.3026905e-16 
6.505000    2.3099355e-16 
6.525000    2.3171834e-16 
6.545000    2.3244340e-16 
6.565000    2.3316875e-16 
6.585000    2.3389436e-16 
6.605000    2.3462025e-16 
6.625000    2.3534642e-16 
6.645000    2.3607285e-16 
6.665000    2.3679954e-16 
6.685000    2.3752651e-16 
6.705000    2.3825373e-16 
6.725000    2.3898122e-16 
6.745000    2.3970897e-16 
6.765000    2.4043697e-16 
6.785000    2.4116523e-16 
6.805000    2.4189374e-16 
6.825000    2.4262250e-16 
6.845000    2.4335152e-16 
6.865000    2.4408078e-16 
6.885000    2.4481029e-16 
6.905000    2.4554004e-16 
6.925000    2.4627003e-16 
6.945000    2.4700027e-16 
6.965000    2.4773075e-16 
6.985000    2.4846146e-16 
7.005000    2.4919241e-16 
7.025000    2.4992359e-16 
7.045000    2.5065500e-16 
7.065000    2.5138665e-16 
7.085000    2.5211852e-16 
7.105000    2.5285062e-16 
7.125000    2.5358295e-16 
7.145000    2.5431550e-16 
7.165000    2.5504828e-16 
7.185000    2.5578127e-16 
7.205000    2.5651449e-16 
7.225000    2.5724792e-16 
7.245000    2.5798157e-16 
7.265000    2.5871544e-16 
7.285000    2.5944952e-16 
7.305000    2.6018381e-16 
7.325000    2.6091831e-16 
7.345000    2.6165302e-16 
7.365000    2.6238794e-16 
7.385000    2.6312307e-16 
7.405000    2.6385840e-16 
7.425000    2.6459393e-16 
7.445000    2.6532967e-16 
7.465000    2.6606561e-16 
7.485000    2.6680174e-16 
7.505000    2.6753808e-16 
7.525000    2.6827461e-16 
7.545000    2.6901134e-16 
7.565000    2.6974826e-16 
7.585000    2.7048538e-16 
7.605000    2.7122269e-16 
7.625000    2.7196018e-16 
7.645000    2.7269787e-16 
7.665000    2.7343575e-16 
7.685000    2.7417381e-16 
7.705000    2.7491206e-16 
7.725000    2.7565049e-16 
7.745000    2.7638911e-16 
7.765000    2.7712791e-16 
7.785000    2.7786688e-16 
7.805000    2.7860604e-16 
7.825000    2.7934538e-16 
7.845000    2.8008490e-16 
7.865000    2.8082459e-16 
7.885000    2.8156445e-16 
7.905000    2.8230449e-16 
7.925000    2.8304471e-16 
7.945000    2.8378509e-16 
7.965000    2.8452565e-16 
7.985000    2.8526637e-16 
8.005000    2.8601084e-16 
8.025000    2.8676619e-16 
8.045000    2.8752170e-16 
8.065000    2.8827738e-16 
8.085000    2.8903323e-16 
8.105000    2.8978924e-16 
8.125000    2.9054541e-16 
8.145000    2.9130174e-16 
8.165000    2.9205823e-16 
8.185000    2.9281489e-16 
8.205000    2.9357170e-16 
8.225000    2.9432867e-16 
8.245000    2.9508579e-16 
8.265000    2.9584307e-16 
8.285000    2.9660051e-16 
8.305000    2.9735810e-16 
8.325000    2.9811584e-16 
8.345000    2.9887373e-16 
8.365000    2.9963178e-16 
8.385000    3.0038998e-16 
8.405000    3.0114832e-16 
8.425000    3.0190682e-16 
8.445000    3.0266546e-16 
8.465000    3.0342424e-16 
8.485000    3.0418318e-16 
8.505000    3.0494226e-16 
8.525000    3.0570148e-16 
8.545000    3.0646085e-16 
8.565000    3.0722035e-16 
8.585000    3.0798000e-16 
8.605000    3.0873979e-16 
8.625000    3.0949972e-16 
8.645000    3.1025979e-16 
8.665000    3.1102000e-16 
8.685000    3.1178035e-16 
8.705000    3.1254083e-16 
8.725000    3.1330145e-16 
8.745000    3.1406220e-16 
8.765000    3.1482309e-16 
8.785000    3.1558411e-16 
8.805000    3.1634527e-16 
8.825000    3.1710655e-16 
8.845000    3.1786797e-16 
8.865000    3.1862952e-16 
8.885000    3.1939120e-16 
8.905000    3.2015301e-16 
8.925000    3.2091494e-16 
8.945000    3.2167701e-16 
8.965000    3.2243920e-16 
8.985000    3.2320151e-16 
9.005000    3.2396396e-16 
9.025000    3.2472652e-16 
9.045000    3.2548922e-16 
9.065000    3.2625203e-16 
9.085000    3.2701497e-16 
9.105000    3.2777803e-16 
9.125000    3.2854121e-16 
9.145000    3.2930451e-16 
9.165000    3.3006794e-16 
9.185000    3.3083148e-16 
9.205000    3.3159514e-16 
9.225000    3.3235892e-16 
9.245000    3.3312282e-16 
9.265000    3.3388683e-16 
9.285000    3.3465096e-16 
9.305000    3.3541521e-16 
9.325000    3.3617957e-16 
9.345000    3.3694405e-16 
9.365000    3.3770864e-16 
9.385000    3.3847334e-16 
9.405000    3.3923815e-16 
9.425000    3.4000308e-16 
9.445000    3.4076812e-16 
9.465000    3.4153327e-16 
9.485000    3.4229853e-16 
9.505000    3.4306390e-16 
9.525000    3.4382938e-16 
9.545000    3.4459497e-16 
9.565000    3.4536066e-16 
9.585000    3.4612647e-16 
9.605000    3.4689238e-16 
9.625000    3.4765839e-16 
9.645000    3.4842452e-16 
9.665000    3.4919074e-16 
9.685000    3.4995707e-16 
9.705000    3.5072351e-16 
9.725000    3.5149005e-16 
9.745000    3.5225669e-16 
9.765000    3.5302344e-16 
9.785000    3.5379028e-16 
9.805000    3.5455723e-16 
9.825000    3.5532428e-16 
9.845000    3.5609143e-16 
9.865000    3.5685868e-16 
9.885000    3.5762603e-16 
9.905000    3.5839348e-16 
9.925000    3.5916103e-16 
9.945000    3.5992867e-16 
9.965000    3.6069642e-16 
9.985000    3.6146425e-16 
10.005000    3.6223219e-16 
10.025000    3.6300022e-16 
10.045000    3.6376835e-16 
10.065000    3.6453657e-16 
10.085000    3.6530489e-16 
10.105000    3.6607330e-16 
10.125000    3.6684180e-16 
10.145000    3.6761040e-16 
10.165000    3.6837909e-16 
10.185000    3.6914788e-16 
10.205000    3.6991675e-16 
10.225000    3.7068572e-16 
10.245000    3.7145477e-16 
10.265000    3.7222392e-16 
10.285000    3.7299316e-16 
10.305000    3.7376248e-16 
10.325000    3.7453190e-16 
10.345000    3.7530141e-16 
10.365000    3.7607100e-16 
10.385000    3.7684068e-16 
10.405000    3.7761045e-16 
10.425000    3.7838030e-16 
10.445000    3.7915025e-16 
10.465000    3.7992027e-16 
10.485000    3.8069039e-16 
10.505000    3.8146059e-16 
10.525000    3.8223087e-16 
10.545000    3.8300124e-16 
10.565000    3.8377170e-16 
10.585000    3.8454223e-16 
10.605000    3.8531285e-16 
10.625000    3.8608356e-16 
10.645000    3.8685434e-16 
10.665000    3.8762521e-16 
10.685000    3.8839616e-16 
10.705000    3.8916719e-16 
10.725000    3.8993831e-16 
10.745000    3.9070950e-16 
10.765000    3.9148077e-16 
10.785000    3.9225213e-16 
10.805000    3.9302356e-16 
10.825000    3.9379507e-16 
10.845000    3.9456666e-16 
10.865000    3.9533833e-16 
10.885000    3.9611008e-16 
10.905000    3.9688191e-16 
10.925000    3.9765381e-16 
10.945000    3.9842579e-16 
10.965000    3.9919785e-16 
10.985000    3.9996998e-16 
11.005000    4.0074219e-16 
11.025000    4.0151447e-16 
11.045000    4.0228683e-16 
11.065000    4.0305927e-16 
11.085000    4.0383178e-16 
11.105000    4.0460436e-16 
11.125000    4.0537702e-16 
11.145000    4.0614975e-16 
11.165000    4.0692256e-16 
11.185000    4.0769543e-16 
11.205000    4.0846839e-16 
11.225000    4.0924141e-16 
11.245000    4.1001450e-16 
11.265000    4.1078767e-16 
11.285000    4.1156091e-16 
11.305000    4.1233422e-16 
11.325000    4.1310760e-16 
11.345000    4.1388105e-16 
11.365000    4.1465457e-16 
11.385000    4.1542816e-16 
11.405000    4.1620182e-16 
11.425000    4.1697554e-16 
11.445000    4.1774934e-16 
11.465000    4.1852321e-16 
11.485000    4.1929714e-16 
11.505000    4.2007114e-16 
11.525000    4.2084522e-16 
11.545000    4.2161935e-16 
11.565000    4.2239356e-16 
11.585000    4.2316783e-16 
11.605000    4.2394217e-16 
11.625000    4.2471657e-16 
11.645000    4.2549104e-16 
11.665000    4.2626558e-16 
11.685000    4.2704018e-16 
11.705000    4.2781485e-16 
11.725000    4.2858958e-16 
11.745000    4.2936437e-16 
11.765000    4.3013923e-16 
11.785000    4.3091416e-16 
11.805000    4.3168915e-16 
11.825000    4.3246420e-16 
11.845000    4.3323931e-16 
11.865000    4.3401449e-16 
11.885000    4.3478973e-16 
11.905000    4.3556503e-16 
11.925000    4.3634040e-16 
11.945000    4.3711582e-16 
11.965000    4.3789131e-16 
11.985000    4.3866686e-16 
12.005000    4.3944247e-16 
12.025000    4.4021814e-16 
12.045000    4.4099388e-16 
12.065000    4.4176967e-16 
12.085000    4.4254552e-16 
12.105000    4.4332144e-16 
12.125000    4.4409741e-16 
12.145000    4.4487344e-16 
12.165000    4.4564953e-16 
12.185000    4.4642568e-16 
12.205000    4.4720189e-16 
12.225000    4.4797816e-16 
12.245000    4.4875448e-16 
12.265000    4.4953086e-16 
12.285000    4.5030730e-16 
12.305000    4.5108380e-16 
12.325000    4.5186036e-16 
12.345000    4.5263697e-16 
12.365000    4.5341364e-16 
12.385000    4.5419037e-16 
12.405000    4.5496715e-16 
12.425000    4.5574399e-16 
12.445000    4.5652088e-16 
12.465000    4.5729783e-16 
12.485000    4.5807483e-16 
12.505000    4.5885189e-16 
12.525000    4.5962901e-16 
12.545000    4.6040618e-16 
12.565000    4.6118340e-16 
12.585000    4.6196068e-16 
12.605000    4.6273801e-16 
12.625000    4.6351540e-16 
12.645000    4.6429284e-16 
12.665000    4.6507034e-16 
12.685000    4.6584788e-16 
12.705000    4.6662548e-16 
12.725000    4.6740314e-16 
12.745000    4.6818084e-16 
12.765000    4.6895860e-16 
12.785000    4.6973641e-16 
12.805000    4.7051427e-16 
12.825000    4.7129219e-16 
12.845000    4.7207015e-16 
12.865000    4.7284817e-16 
12.885000    4.7362624e-16 
12.905000    4.7440436e-16 
12.925000    4.7518253e-16 
12.945000    4.7596075e-16 
12.965000    4.7673902e-16 
12.985000    4.7751734e-16 
13.005000    4.7815480e-16 
13.025000    4.7836959e-16 
13.045000    4.7858442e-16 
13.065000    4.7879930e-16 
13.085000    4.7901424e-16 
13.105000    4.7922922e-16 
13.125000    4.7944425e-16 
13.145000    4.7965933e-16 
13.165000    4.7987446e-16 
13.185000    4.8008963e-16 
13.205000    4.8030486e-16 
13.225000    4.8052013e-16 
13.245000    4.8073545e-16 
13.265000    4.8095082e-16 
13.285000    4.8116624e-16 
13.305000    4.8138170e-16 
13.325000    4.8159721e-16 
13.345000    4.8181277e-16 
13.365000    4.8202837e-16 
13.385000    4.8224402e-16 
13.405000    4.8245972e-16 
13.425000    4.8267546e-16 
13.445000    4.8289125e-16 
13.465000    4.8310708e-16 
13.485000    4.8332296e-16 
13.505000    4.8353889e-16 
13.525000    4.8375486e-16 
13.545000    4.8397088e-16 
13.565000    4.8418694e-16 
13.585000    4.8440304e-16 
13.605000    4.8461919e-16 
13.625000    4.8483539e-16 
13.645000    4.8505163e-16 
13.665000    4.8526791e-16 
13.685000    4.8548424e-16 
13.705000    4.8570061e-16 
13.725000    4.8591703e-16 
13.745000    4.8613349e-16 
13.765000    4.8634999e-16 
13.785000    4.8656654e-16 
13.805000    4.8678312e-16 
13.825000    4.8699976e-16 
13.845000    4.8721643e-16 
13.865000    4.8743315e-16 
13.885000    4.8764991e-16 
13.905000    4.8786671e-16 
13.925000    4.8808355e-16 
13.945000    4.8830044e-16 
13.965000    4.8851737e-16 
13.985000    4.8873434e-16 
14.005000    4.8895135e-16 
14.025000    4.8916840e-16 
14.045000    4.8938549e-16 
14.065000    4.8960263e-16 
14.085000    4.8981980e-16 
14.105000    4.9003702e-16 
14.125000    4.9025428e-16 
14.145000    4.9047158e-16 
14.165000    4.9068892e-16 
14.185000    4.9090629e-16 
14.205000    4.9112371e-16 
14.225000    4.9134117e-16 
14.245000    4.9155867e-16 
14.265000    4.9177621e-16 
14.285000    4.9199379e-16 
14.305000    4.9221140e-16 
14.325000    4.9242906e-16 
14.345000    4.9264676e-16 
14.365000    4.9286449e-16 
14.385000    4.9308226e-16 
14.405000    4.9330008e-16 
14.425000    4.9351793e-16 
14.445000    4.9373582e-16 
14.465000    4.9395374e-16 
14.485000    4.9417171e-16 
14.505000    4.9438971e-16 
14.525000    4.9460775e-16 
14.545000    4.9482583e-16 
14.565000    4.9504395e-16 
14.585000    4.9526211e-16 
14.605000    4.9548030e-16 
14.625000    4.9569853e-16 
14.645000    4.9591679e-16 
14.665000    4.9613510e-16 
14.685000    4.9635344e-16 
14.705000    4.9657182e-16 
14.725000    4.9679023e-16 
14.745000    4.9700868e-16 
14.765000    4.9722717e-16 
14.785000    4.9744569e-16 
14.805000    4.9766425e-16 
14.825000    4.9788285e-16 
14.845000    4.9810148e-16 
14.865000    4.9832014e-16 
14.885000    4.9853885e-16 
14.905000    4.9875759e-16 
14.925000    4.9897636e-16 
14.945000    4.9919517e-16 
14.965000    4.9941401e-16 
14.985000    4.9963289e-16 
15.005000    4.9985181e-16 
15.025000    5.0007076e-16 
15.045000    5.0028974e-16 
15.065000    5.0050876e-16 
15.085000    5.0072781e-16 
15.105000    5.0094690e-16 
15.125000    5.0116602e-16 
15.145000    5.0138518e-16 
15.165000    5.0160437e-16 
15.185000    5.0182359e-16 
15.205000    5.0204285e-16 
15.225000    5.0226214e-16 
15.245000    5.0248147e-16 
15.265000    5.0270082e-16 
15.285000    5.0292022e-16 
15.305000    5.0313964e-16 
15.325000    5.0335910e-16 
15.345000    5.0357859e-16 
15.365000    5.0379812e-16 
15.385000    5.0401767e-16 
15.405000    5.0423726e-16 
15.425000    5.0445689e-16 
15.445000    5.0467654e-16 
15.465000    5.0489623e-16 
15.485000    5.0511595e-16 
15.505000    5.0533570e-16 
15.525000    5.0555549e-16 
15.545000    5.0577530e-16 
15.565000    5.0599515e-16 
15.585000    5.0621503e-16 
15.605000    5.0643494e-16 
15.625000    5.0665489e-16 
15.645000    5.0687486e-16 
15.665000    5.0709487e-16 
15.685000    5.0731490e-16 
15.705000    5.0753497e-16 
15.725000    5.0775507e-16 
15.745000    5.0797520e-16 
15.765000    5.0819536e-16 
15.785000    5.0841556e-16 
15.805000    5.0863578e-16 
15.825000    5.0885603e-16 
15.845000    5.0907632e-16 
15.865000    5.0929663e-16 
15.885000    5.0951698e-16 
15.905000    5.0973735e-16 
15.925000    5.0995776e-16 
15.945000    5.1017819e-16 
15.965000    5.1039866e-16 
15.985000    5.1061915e-16 
16.005000    5.1083968e-16 
16.025000    5.1106023e-16 
16.045000    5.1128082e-16 
16.065000    5.1150143e-16 
16.085000    5.1172207e-16 
16.105000    5.1194275e-16 
16.125000    5.1216345e-16 
16.145000    5.1238418e-16 
16.165000    5.1260494e-16 
16.185000    5.1282573e-16 
16.205000    5.1304655e-16 
16.225000    5.1326739e-16 
16.245000    5.1348827e-16 
16.265000    5.1370917e-16 
16.285000    5.1393010e-16 
16.305000    5.1415106e-16 
16.325000    5.1437205e-16 
16.345000    5.1459307e-16 
16.365000    5.1481411e-16 
16.385000    5.1503519e-16 
16.405000    5.1525629e-16 
16.425000    5.1547742e-16 
16.445000    5.1569857e-16 
16.465000    5.1591976e-16 
16.485000    5.1614097e-16 
16.505000    5.1636221e-16 
16.525000    5.1658348e-16 
16.545000    5.1680477e-16 
16.565000    5.1702609e-16 
16.585000    5.1724744e-16 
16.605000    5.1746882e-16 
16.625000    5.1769022e-16 
16.645000    5.1791165e-16 
16.665000    5.1813311e-16 
16.685000    5.1835459e-16 
16.705000    5.1857610e-16 
16.725000    5.1879764e-16 
16.745000    5.1901920e-16 
16.765000    5.1924079e-16 
16.785000    5.1946241e-16 
16.805000    5.1968405e-16 
16.825000    5.1990572e-16 
16.845000    5.2012742e-16 
16.865000    5.2034914e-16 
16.885000    5.2057089e-16 
16.905000    5.2079266e-16 
16.925000    5.2101446e-16 
16.945000    5.2123629e-16 
16.965000    5.2145814e-16 
16.985000    5.2168001e-16 
17.005000    5.2190191e-16 
17.025000    5.2212384e-16 
17.045000    5.2234580e-16 
17.065000    5.2256777e-16 
17.085000    5.2278978e-16 
17.105000    5.2301181e-16 
17.125000    5.2323386e-16 
17.145000    5.2345594e-16 
17.165000    5.2367804e-16 
17.185000    5.2390017e-16 
17.205000    5.2412233e-16 
17.225000    5.2434450e-16 
17.245000    5.2456671e-16 
17.265000    5.2478894e-16 
17.285000    5.2501119e-16 
17.305000    5.2523346e-16 
17.325000    5.2545577e-16 
17.345000    5.2567809e-16 
17.365000    5.2590044e-16 
17.385000    5.2612281e-16 
17.405000    5.2634521e-16 
17.425000    5.2656763e-16 
17.445000    5.2679008e-16 
17.465000    5.2701255e-16 
17.485000    5.2723504e-16 
17.505000    5.2745756e-16 
17.525000    5.2768010e-16 
17.545000    5.2790267e-16 
17.565000    5.2812526e-16 
17.585000    5.2834787e-16 
17.605000    5.2857050e-16 
17.625000    5.2879316e-16 
17.645000    5.2901585e-16 
17.665000    5.2923855e-16 
17.685000    5.2946128e-16 
17.705000    5.2968403e-16 
17.725000    5.2990681e-16 
17.745000    5.3012960e-16 
17.765000    5.3035242e-16 
17.785000    5.3057527e-16 
17.805000    5.3079813e-16 
17.825000    5.3102102e-16 
17.845000    5.3124394e-16 
17.865000    5.3146687e-16 
17.885000    5.3168983e-16 
17.905000    5.3191281e-16 
17.925000    5.3213581e-16 
17.945000    5.3235883e-16 
17.965000    5.3258188e-16 
17.985000    5.3280495e-16 
18.005000    5.3302804e-16 
18.025000    5.3325115e-16 
18.045000    5.3347428e-16 
18.065000    5.3369744e-16 
18.085000    5.3392062e-16 
18.105000    5.3414382e-16 
18.125000    5.3436704e-16 
18.145000    5.3459029e-16 
18.165000    5.3481355e-16 
18.185000    5.3503684e-16 
18.205000    5.3526015e-16 
18.225000    5.3548348e-16 
18.245000    5.3570683e-16 
18.265000    5.3593020e-16 
18.285000    5.3615360e-16 
18.305000    5.3637701e-16 
18.325000    5.3660045e-16 
18.345000    5.3682391e-16 
18.365000    5.3704739e-16 
18.385000    5.3727089e-16 
18.405000    5.3749441e-16 
18.425000    5.3771795e-16 
18.445000    5.3794152e-16 
18.465000    5.3816510e-16 
18.485000    5.3838870e-16 
18.505000    5.3861233e-16 
18.525000    5.3883598e-16 
18.545000    5.3905964e-16 
18.565000    5.3928333e-16 
18.585000    5.3950704e-16 
18.605000    5.3973076e-16 
18.625000    5.3995451e-16 
18.645000    5.4017828e-16 
18.665000    5.4040207e-16 
18.685000    5.4062588e-16 
18.705000    5.4084971e-16 
18.725000    5.4107356e-16 
18.745000    5.4129743e-16 
18.765000    5.4152132e-16 
18.785000    5.4174523e-16 
18.805000    5.4196915e-16 
18.825000    5.4219310e-16 
18.845000    5.4241707e-16 
18.865000    5.4264106e-16 
18.885000    5.4286507e-16 
18.905000    5.4308910e-16 
18.925000    5.4331314e-16 
18.945000    5.4353721e-16 
18.965000    5.4376130e-16 
18.985000    5.4398540e-16 
19.005000    5.4420953e-16 
19.025000    5.4443367e-16 
19.045000    5.4465783e-16 
19.065000    5.4488202e-16 
19.085000    5.4510622e-16 
19.105000    5.4533044e-16 
19.125000    5.4555468e-16 
19.145000    5.4577894e-16 
19.165000    5.4600322e-16 
19.185000    5.4622751e-16 
19.205000    5.4645183e-16 
19.225000    5.4667616e-16 
19.245000    5.4690052e-16 
19.265000    5.4712489e-16 
19.285000    5.4734928e-16 
19.305000    5.4757369e-16 
19.325000    5.4779812e-16 
19.345000    5.4802256e-16 
19.365000    5.4824703e-16 
19.385000    5.4847151e-16 
19.405000    5.4869601e-16 
19.425000    5.4892053e-16 
19.445000    5.4914507e-16 
19.465000    5.4936963e-16 
19.485000    5.4959420e-16 
19.505000    5.4981879e-16 
19.525000    5.5004340e-16 
19.545000    5.5026803e-16 
19.565000    5.5049268e-16 
19.585000    5.5071734e-16 
19.605000    5.5094203e-16 
19.625000    5.5116673e-16 
19.645000    5.5139145e-16 
19.665000    5.5161618e-16 
19.685000    5.5184094e-16 
19.705000    5.5206571e-16 
19.725000    5.5229050e-16 
19.745000    5.5251530e-16 
19.765000    5.5274013e-16 
19.785000    5.5296497e-16 
19.805000    5.5318983e-16 
19.825000    5.5341471e-16 
19.845000    5.5363960e-16 
19.865000    5.5386451e-16 
19.885000    5.5408944e-16 
19.905000    5.5431439e-16 
19.925000    5.5453935e-16 
19.945000    5.5476433e-16 
19.965000    5.5498933e-16 
19.985000    5.5521434e-16 
20.005000    5.5543937e-16 
20.025000    5.5566442e-16 
20.045000    5.5588949e-16 
20.065000    5.5611457e-16 
20.085000    5.5633967e-16 
20.105000    5.5656478e-16 
20.125000    5.5678992e-16 
20.145000    5.5701507e-16 
20.165000    5.5724023e-16 
20.185000    5.5746542e-16 
20.205000    5.5769061e-16 
20.225000    5.5791583e-16 
20.245000    5.5814106e-16 
20.265000    5.5836631e-16 
20.285000    5.5859158e-16 
20.305000    5.5881686e-16 
20.325000    5.5904216e-16 
20.345000    5.5926747e-16 
20.365000    5.5949280e-16 
20.385000    5.5971815e-16 
20.405000    5.5994351e-16 
20.425000    5.6016889e-16 
20.445000    5.6039429e-16 
20.465000    5.6061970e-16 
20.485000    5.6084513e-16 
20.505000    5.6107057e-16 
20.525000    5.6129603e-16 
20.545000    5.6152151e-16 
20.565000    5.6174700e-16 
20.585000    5.6197250e-16 
20.605000    5.6219803e-16 
20.625000    5.6242357e-16 
20.645000    5.6264912e-16 
20.665000    5.6287469e-16 
20.685000    5.6310028e-16 
20.705000    5.6332588e-16 
20.725000    5.6355150e-16 
20.745000    5.6377713e-16 
20.765000    5.6400278e-16 
20.785000    5.6422844e-16 
20.805000    5.6445412e-16 
20.825000    5.6467981e-16 
20.845000    5.6490552e-16 
20.865000    5.6513125e-16 
20.885000    5.6535699e-16 
20.905000    5.6558274e-16 
20.925000    5.6580852e-16 
20.945000    5.6603430e-16 
20.965000    5.6626010e-16 
20.985000    5.6648592e-16 
21.005000    5.6671175e-16 
21.025000    5.6693760e-16 
21.045000    5.6716346e-16 
21.065000    5.6738933e-16 
21.085000    5.6761523e-16 
21.105000    5.6784113e-16 
21.125000    5.6806705e-16 
21.145000    5.6829299e-16 
21.165000    5.6851894e-16 
21.185000    5.6874491e-16 
21.205000    5.6897089e-16 
21.225000    5.6919688e-16 
21.245000    5.6942289e-16 
21.265000    5.6964891e-16 
21.285000    5.6987495e-16 
21.305000    5.7010101e-16 
21.325000    5.7032707e-16 
21.345000    5.7055315e-16 
21.365000    5.7077925e-16 
21.385000    5.7100536e-16 
21.405000    5.7123149e-16 
21.425000    5.7145763e-16 
21.445000    5.7168378e-16 
21.465000    5.7190995e-16 
21.485000    5.7213613e-16 
21.505000    5.7236233e-16 
21.525000    5.7258854e-16 
21.545000    5.7281477e-16 
21.565000    5.7304100e-16 
21.585000    5.7326726e-16 
21.605000    5.7349352e-16 
21.625000    5.7371981e-16 
21.645000    5.7394610e-16 
21.665000    5.7417241e-16 
21.685000    5.7439873e-16 
21.705000    5.7462507e-16 
21.725000    5.7485142e-16 
21.745000    5.7507779e-16 
21.765000    5.7530416e-16 
21.785000    5.7553056e-16 
21.805000    5.7575696e-16 
21.825000    5.7598338e-16 
21.845000    5.7620982e-16 
21.865000    5.7643626e-16 
21.885000    5.7666272e-16 
21.905000    5.7688920e-16 
21.925000    5.7711568e-16 
21.945000    5.7734219e-16 
21.965000    5.7756870e-16 
21.985000    5.7779523e-16 
22.005000    5.7802177e-16 
22.025000    5.7824832e-16 
22.045000    5.7847489e-16 
22.065000    5.7870147e-16 
22.085000    5.7892807e-16 
22.105000    5.7915468e-16 
22.125000    5.7938130e-16 
22.145000    5.7960793e-16 
22.165000    5.7983458e-16 
22.185000    5.8006124e-16 
22.205000    5.8028791e-16 
22.225000    5.8051460e-16 
22.245000    5.8074130e-16 
22.265000    5.8096801e-16 
22.285000    5.8119474e-16 
22.305000    5.8142148e-16 
22.325000    5.8164823e-16 
22.345000    5.8187500e-16 
22.365000    5.8210177e-16 
22.385000    5.8232857e-16 
22.405000    5.8255537e-16 
22.425000    5.8278218e-16 
22.445000    5.8300901e-16 
22.465000    5.8323586e-16 
22.485000    5.8346271e-16 
22.505000    5.8368958e-16 
22.525000    5.8391646e-16 
22.545000    5.8414335e-16 
22.565000    5.8437025e-16 
22.585000    5.8459717e-16 
22.605000    5.8482410e-16 
22.625000    5.8505104e-16 
22.645000    5.8527800e-16 
22.665000    5.8550497e-16 
22.685000    5.8573195e-16 
22.705000    5.8595894e-16 
22.725000    5.8618594e-16 
22.745000    5.8641296e-16 
22.765000    5.8663999e-16 
22.785000    5.8686703e-16 
22.805000    5.8709409e-16 
22.825000    5.8732115e-16 
22.845000    5.8754823e-16 
22.865000    5.8777532e-16 
22.885000    5.8800242e-16 
22.905000    5.8822954e-16 
22.925000    5.8845667e-16 
22.945000    5.8868380e-16 
22.965000    5.8891096e-16 
22.985000    5.8913812e-16 
23.005000    5.8936529e-16 
23.025000    5.8959248e-16 
23.045000    5.8981968e-16 
23.065000    5.9004689e-16 
23.085000    5.9027411e-16 
23.105000    5.9050135e-16 
23.125000    5.9072859e-16 
23.145000    5.9095585e-16 
23.165000    5.9118312e-16 
23.185000    5.9141041e-16 
23.205000    5.9163770e-16 
23.225000    5.9186500e-16 
23.245000    5.9209232e-16 
23.265000    5.9231965e-16 
23.285000    5.9254699e-16 
23.305000    5.9277434e-16 
23.325000    5.9300171e-16 
23.345000    5.9322908e-16 
23.365000    5.9345647e-16 
23.385000    5.9368387e-16 
23.405000    5.9391128e-16 
23.425000    5.9413870e-16 
23.445000    5.9436613e-16 
23.465000    5.9459357e-16 
23.485000    5.9482103e-16 
23.505000    5.9504850e-16 
23.525000    5.9527598e-16 
23.545000    5.9550346e-16 
23.565000    5.9573097e-16 
23.585000    5.9595848e-16 
23.605000    5.9618600e-16 
23.625000    5.9641354e-16 
23.645000    5.9664108e-16 
23.665000    5.9686864e-16 
23.685000    5.9709621e-16 
23.705000    5.9732379e-16 
23.725000    5.9755138e-16 
23.745000    5.9777898e-16 
23.765000    5.9800659e-16 
23.785000    5.9823421e-16 
23.805000    5.9846185e-16 
23.825000    5.9868949e-16 
23.845000    5.9891715e-16 
23.865000    5.9914482e-16 
23.885000    5.9937250e-16 
23.905000    5.9960019e-16 
23.925000    5.9982789e-16 
23.945000    6.0005560e-16 
23.965000    6.0028332e-16 
23.985000    6.0051105e-16 
24.005000    6.0068470e-16 
24.025000    6.0069610e-16 
24.045000    6.0070750e-16 
24.065000    6.0071891e-16 
24.085000    6.0073033e-16 
24.105000    6.0074176e-16 
24.125000    6.0075321e-16 
24.145000    6.0076466e-16 
24.165000    6.0077613e-16 
24.185000    6.0078760e-16 
24.205000    6.0079909e-16 
24.225000    6.0081059e-16 
24.245000    6.0082210e-16 
24.265000    6.0083361e-16 
24.285000    6.0084514e-16 
24.305000    6.0085668e-16 
24.325000    6.0086823e-16 
24.345000    6.0087979e-16 
24.365000    6.0089136e-16 
24.385000    6.0090294e-16 
24.405000    6.0091453e-16 
24.425000    6.0092613e-16 
24.445000    6.0093775e-16 
24.465000    6.0094937e-16 
24.485000    6.0096100e-16 
24.505000    6.0097264e-16 
24.525000    6.0098430e-16 
24.545000    6.0099596e-16 
24.565000    6.0100763e-16 
24.585000    6.0101931e-16 
24.605000    6.0103101e-16 
24.625000    6.0104271e-16 
24.645000    6.0105443e-16 
24.665000    6.0106615e-16 
24.685000    6.0107788e-16 
24.705000    6.0108963e-16 
24.725000    6.0110138e-16 
24.745000    6.0111314e-16 
24.765000    6.0112492e-16 
24.785000    6.0113670e-16 
24.805000    6.0114849e-16 
24.825000    6.0116030e-16 
24.845000    6.0117211e-16 
24.865000    6.0118394e-16 
24.885000    6.0119577e-16 
24.905000    6.0120761e-16 
24.925000    6.0121946e-16 
24.945000    6.0123133e-16 
24.965000    6.0124320e-16 
24.985000    6.0125508e-16 
25.005000    6.0126697e-16 
25.025000    6.0127888e-16 
25.045000    6.0129079e-16 
25.065000    6.0130271e-16 
25.085000    6.0131464e-16 
25.105000    6.0132658e-16 
25.125000    6.0133853e-16 
25.145000    6.0135049e-16 
25.165000    6.0136246e-16 
25.185000    6.0137444e-16 
25.205000    6.0138643e-16 
25.225000    6.0139842e-16 
25.245000    6.0141043e-16 
25.265000    6.0142245e-16 
25.285000    6.0143447e-16 
25.305000    6.0144651e-16 
25.325000    6.0145855e-16 
25.345000    6.0147061e-16 
25.365000    6.0148267e-16 
25.385000    6.0149475e-16 
25.405000    6.0150683e-16 
25.425000    6.0151892e-16 
25.445000    6.0153102e-16 
25.465000    6.0154313e-16 
25.485000    6.0155525e-16 
25.505000    6.0156738e-16 
25.525000    6.0157952e-16 
25.545000    6.0159167e-16 
25.565000    6.0160383e-16 
25.585000    6.0161599e-16 
25.605000    6.0162817e-16 
25.625000    6.0164035e-16 
25.645000    6.0165255e-16 
25.665000    6.0166475e-16 
25.685000    6.0167696e-16 
25.705000    6.0168918e-16 
25.725000    6.0170141e-16 
25.745000    6.0171365e-16 
25.765000    6.0172590e-16 
25.785000    6.0173816e-16 
25.805000    6.0175042e-16 
25.825000    6.0176270e-16 
25.845000    6.0177498e-16 
25.865000    6.0178728e-16 
25.885000    6.0179958e-16 
25.905000    6.0181189e-16 
25.925000    6.0182421e-16 
25.945000    6.0183654e-16 
25.965000    6.0184887e-16 
25.985000    6.0186122e-16 
26.005000    6.0187358e-16 
26.025000    6.0188594e-16 
26.045000    6.0189831e-16 
26.065000    6.0191070e-16 
26.085000    6.0192309e-16 
26.105000    6.0193548e-16 
26.125000    6.0194789e-16 
26.145000    6.0196031e-16 
26.165000    6.0197273e-16 
26.185000    6.0198517e-16 
26.205000    6.0199761e-16 
26.225000    6.0201006e-16 
26.245000    6.0202252e-16 
26.265000    6.0203499e-16 
26.285000    6.0204747e-16 
26.305000    6.0205995e-16 
26.325000    6.0207245e-16 
26.345000    6.0208495e-16 
26.365000    6.0209746e-16 
26.385000    6.0210998e-16 
26.405000    6.0212251e-16 
26.425000    6.0213505e-16 
26.445000    6.0214759e-16 
26.465000    6.0216015e-16 
26.485000    6.0217271e-16 
26.505000    6.0218528e-16 
26.525000    6.0219786e-16 
26.545000    6.0221045e-16 
26.565000    6.0222304e-16 
26.585000    6.0223565e-16 
26.605000    6.0224826e-16 
26.625000    6.0226088e-16 
26.645000    6.0227351e-16 
26.665000    6.0228615e-16 
26.685000    6.0229879e-16 
26.705000    6.0231145e-16 
26.725000    6.0232411e-16 
26.745000    6.0233678e-16 
26.765000    6.0234946e-16 
26.785000    6.0236214e-16 
26.805000    6.0237484e-16 
26.825000    6.0238754e-16 
26.845000    6.0240025e-16 
26.865000    6.0241297e-16 
26.885000    6.0242570e-16 
26.905000    6.0243844e-16 
26.925000    6.0245118e-16 
26.945000    6.0246393e-16 
26.965000    6.0247669e-16 
26.985000    6.0248946e-16 
27.005000    6.0250224e-16 
27.025000    6.0251502e-16 
27.045000    6.0252781e-16 
27.065000    6.0254061e-16 
27.085000    6.0255342e-16 
27.105000    6.0256624e-16 
27.125000    6.0257906e-16 
27.145000    6.0259189e-16 
27.165000    6.0260473e-16 
27.185000    6.0261758e-16 
27.205000    6.0263044e-16 
27.225000    6.0264330e-16 
27.245000    6.0265617e-16 
27.265000    6.0266905e-16 
27.285000    6.0268194e-16 
27.305000    6.0269483e-16 
27.325000    6.0270774e-16 
27.345000    6.0272065e-16 
27.365000    6.0273357e-16 
27.385000    6.0274649e-16 
27.405000    6.0275943e-16 
27.425000    6.0277237e-16 
27.445000    6.0278532e-16 
27.465000    6.0279827e-16 
27.485000    6.0281124e-16 
27.505000    6.0282421e-16 
27.525000    6.0283719e-16 
27.545000    6.0285018e-16 
27.565000    6.0286317e-16 
27.585000    6.0287618e-16 
27.605000    6.0288919e-16 
27.625000    6.0290220e-16 
27.645000    6.0291523e-16 
27.665000    6.0292826e-16 
27.685000    6.0294130e-16 
27.705000    6.0295435e-16 
27.725000    6.0296741e-16 
27.745000    6.0298047e-16 
27.765000    6.0299354e-16 
27.785000    6.0300662e-16 
27.805000    6.0301971e-16 
27.825000    6.0303280e-16 
27.845000    6.0304590e-16 
27.865000    6.0305901e-16 
27.885000    6.0307212e-16 
27.905000    6.0308525e-16 
27.925000    6.0309838e-16 
27.945000    6.0311151e-16 
27.965000    6.0312466e-16 
27.985000    6.0313781e-16 
28.005000    6.0315097e-16 
28.025000    6.0316414e-16 
28.045000    6.0317731e-16 
28.065000    6.0319049e-16 
28.085000    6.0320368e-16 
28.105000    6.0321688e-16 
28.125000    6.0323008e-16 
28.145000    6.0324329e-16 
28.165000    6.0325651e-16 
28.185000    6.0326974e-16 
28.205000    6.0328297e-16 
28.225000    6.0329621e-16 
28.245000    6.0330945e-16 
28.265000    6.0332271e-16 
28.285000    6.0333597e-16 
28.305000    6.0334924e-16 
28.325000    6.0336251e-16 
28.345000    6.0337580e-16 
28.365000    6.0338909e-16 
28.385000    6.0340238e-16 
28.405000    6.0341569e-16 
28.425000    6.0342900e-16 
28.445000    6.0344231e-16 
28.465000    6.0345564e-16 
28.485000    6.0346897e-16 
28.505000    6.0348231e-16 
28.525000    6.0349566e-16 
28.545000    6.0350901e-16 
28.565000    6.0352237e-16 
28.585000    6.0353574e-16 
28.605000    6.0354911e-16 
28.625000    6.0356249e-16 
28.645000    6.0357588e-16 
28.665000    6.0358927e-16 
28.685000    6.0360267e-16 
28.705000    6.0361608e-16 
28.725000    6.0362950e-16 
28.745000    6.0364292e-16 
28.765000    6.0365635e-16 
28.785000    6.0366979e-16 
28.805000    6.0368323e-16 
28.825000    6.0369668e-16 
28.845000    6.0371013e-16 
28.865000    6.0372360e-16 
28.885000    6.0373707e-16 
28.905000    6.0375054e-16 
28.925000    6.0376403e-16 
28.945000    6.0377752e-16 
28.965000    6.0379102e-16 
28.985000    6.0380452e-16 
29.005000    6.0381803e-16 
29.025000    6.0383155e-16 
29.045000    6.0384507e-16 
29.065000    6.0385860e-16 
29.085000    6.0387214e-16 
29.105000    6.0388568e-16 
29.125000    6.0389923e-16 
29.145000    6.0391279e-16 
29.165000    6.0392635e-16 
29.185000    6.0393993e-16 
29.205000    6.0395350e-16 
29.225000    6.0396709e-16 
29.245000    6.0398068e-16 
29.265000    6.0399427e-16 
29.285000    6.0400788e-16 
29.305000    6.0402149e-16 
29.325000    6.0403510e-16 
29.345000    6.0404873e-16 
29.365000    6.0406236e-16 
29.385000    6.0407599e-16 
29.405000    6.0408963e-16 
29.425000    6.0410328e-16 
29.445000    6.0411694e-16 
29.465000    6.0413060e-16 
29.485000    6.0414427e-16 
29.505000    6.0415794e-16 
29.525000    6.0417162e-16 
29.545000    6.0418531e-16 
29.565000    6.0419901e-16 
29.585000    6.0421271e-16 
29.605000    6.0422641e-16 
29.625000    6.0424013e-16 
29.645000    6.0425385e-16 
29.665000    6.0426757e-16 
29.685000    6.0428130e-16 
29.705000    6.0429504e-16 
29.725000    6.0430879e-16 
29.745000    6.0432254e-16 
29.765000    6.0433630e-16 
29.785000    6.0435006e-16 
29.805000    6.0436383e-16 
29.825000    6.0437761e-16 
29.845000    6.0439139e-16 
29.865000    6.0440518e-16 
29.885000    6.0441897e-16 
29.905000    6.0443278e-16 
29.925000    6.0444658e-16 
29.945000    6.0446040e-16 
29.965000    6.0447422e-16 
29.985000    6.0448804e-16 
30.005000    6.0450188e-16 
30.025000    6.0451571e-16 
30.045000    6.0452956e-16 
30.065000    6.0454341e-16 
30.085000    6.0455727e-16 
30.105000    6.0457113e-16 
30.125000    6.0458500e-16 
30.145000    6.0459887e-16 
30.165000    6.0461275e-16 
30.185000    6.0462664e-16 
30.205000    6.0464054e-16 
30.225000    6.0465444e-16 
30.245000    6.0466834e-16 
30.265000    6.0468225e-16 
30.285000    6.0469617e-16 
30.305000    6.0471009e-16 
30.325000    6.0472402e-16 
30.345000    6.0473796e-16 
30.365000    6.0475190e-16 
30.385000    6.0476585e-16 
30.405000    6.0477980e-16 
30.425000    6.0479376e-16 
30.445000    6.0480773e-16 
30.465000    6.0482170e-16 
30.485000    6.0483568e-16 
30.505000    6.0484966e-16 
30.525000    6.0486365e-16 
30.545000    6.0487764e-16 
30.565000    6.0489165e-16 
30.585000    6.0490565e-16 
30.605000    6.0491967e-16 
30.625000    6.0493368e-16 
30.645000    6.0494771e-16 
30.665000    6.0496174e-16 
30.685000    6.0497578e-16 
30.705000    6.0498982e-16 
30.725000    6.0500387e-16 
30.745000    6.0501792e-16 
30.765000    6.0503198e-16 
30.785000    6.0504604e-16 
30.805000    6.0506012e-16 
30.825000    6.0507419e-16 
30.845000    6.0508827e-16 
30.865000    6.0510236e-16 
30.885000    6.0511646e-16 
30.905000    6.0513056e-16 
30.925000    6.0514466e-16 
30.945000    6.0515877e-16 
30.965000    6.0517289e-16 
30.985000    6.0518701e-16 
31.005000    6.0520114e-16 
31.025000    6.0521528e-16 
31.045000    6.0522942e-16 
31.065000    6.0524356e-16 
31.085000    6.0525771e-16 
31.105000    6.0527187e-16 
31.125000    6.0528603e-16 
31.145000    6.0530020e-16 
31.165000    6.0531437e-16 
31.185000    6.0532855e-16 
31.205000    6.0534274e-16 
31.225000    6.0535693e-16 
31.245000    6.0537112e-16 
31.265000    6.0538532e-16 
31.285000    6.0539953e-16 
31.305000    6.0541374e-16 
31.325000    6.0542796e-16 
31.345000    6.0544219e-16 
31.365000    6.0545641e-16 
31.385000    6.0547065e-16 
31.405000    6.0548489e-16 
31.425000    6.0549914e-16 
31.445000    6.0551339e-16 
31.465000    6.0552764e-16 
31.485000    6.0554191e-16 
31.505000    6.0555617e-16 
31.525000    6.0557045e-16 
31.545000    6.0558473e-16 
31.565000    6.0559901e-16 
31.585000    6.0561330e-16 
31.605000    6.0562759e-16 
31.625000    6.0564189e-16 
31.645000    6.0565620e-16 
31.665000    6.0567051e-16 
31.685000    6.0568483e-16 
31.705000    6.0569915e-16 
31.725000    6.0571348e-16 
31.745000    6.0572781e-16 
31.765000    6.0574215e-16 
31.785000    6.0575649e-16 
31.805000    6.0577084e-16 
31.825000    6.0578519e-16 
31.845000    6.0579955e-16 
31.865000    6.0581392e-16 
31.885000    6.0582829e-16 
31.905000    6.0584266e-16 
31.925000    6.0585704e-16 
31.945000    6.0587143e-16 
31.965000    6.0588582e-16 
31.985000    6.0590021e-16 
32.005000    6.0591462e-16 
32.025000    6.0592902e-16 
32.045000    6.0594343e-16 
32.065000    6.0595785e-16 
32.085000    6.0597227e-16 
32.105000    6.0598670e-16 
32.125000    6.0600113e-16 
32.145000    6.0601557e-16 
32.165000    6.0603002e-16 
32.185000    6.0604446e-16 
32.205000    6.0605892e-16 
32.225000    6.0607338e-16 
32.245000    6.0608784e-16 
32.265000    6.0610231e-16 
32.285000    6.0611678e-16 
32.305000    6.0613126e-16 
32.325000    6.0614575e-16 
32.345000    6.0616024e-16 
32.365000    6.0617473e-16 
32.385000    6.0618923e-16 
32.405000    6.0620374e-16 
32.425000    6.0621825e-16 
32.445000    6.0623276e-16 
32.465000    6.0624728e-16 
32.485000    6.0626181e-16 
32.505000    6.0627634e-16 
32.525000    6.0629087e-16 
32.545000    6.0630541e-16 
32.565000    6.0631996e-16 
32.585000    6.0633451e-16 
32.605000    6.0634906e-16 
32.625000    6.0636362e-16 
32.645000    6.0637819e-16 
32.665000    6.0639276e-16 
32.685000    6.0640733e-16 
32.705000    6.0642192e-16 
32.725000    6.0643650e-16 
32.745000    6.0645109e-16 
32.765000    6.0646569e-16 
32.785000    6.0648029e-16 
32.805000    6.0649489e-16 
32.825000    6.0650950e-16 
32.845000    6.0652412e-16 
32.865000    6.0653874e-16 
32.885000    6.0655336e-16 
32.905000    6.0656799e-16 
32.925000    6.0658262e-16 
32.945000    6.0659726e-16 
32.965000    6.0661191e-16 
32.985000    6.0662656e-16 
33.005000    6.0664121e-16 
33.025000    6.0665587e-16 
33.045000    6.0667053e-16 
33.065000    6.0668520e-16 
33.085000    6.0669988e-16 
33.105000    6.0671456e-16 
33.125000    6.0672924e-16 
33.145000    6.0674393e-16 
33.165000    6.0675862e-16 
33.185000    6.0677332e-16 
33.205000    6.0678802e-16 
33.225000    6.0680273e-16 
33.245000    6.0681744e-16 
33.265000    6.0683215e-16 
33.285000    6.0684688e-16 
33.305000    6.0686160e-16 
33.325000    6.0687633e-16 
33.345000    6.0689107e-16 
33.365000    6.0690581e-16 
33.385000    6.0692055e-16 
33.405000    6.0693530e-16 
33.425000    6.0695006e-16 
33.445000    6.0696482e-16 
33.465000    6.0697958e-16 
33.485000    6.0699435e-16 
33.505000    6.0700912e-16 
33.525000    6.0702390e-16 
33.545000    6.0703868e-16 
33.565000    6.0705347e-16 
33.585000    6.0706826e-16 
33.605000    6.0708306e-16 
33.625000    6.0709786e-16 
33.645000    6.0711267e-16 
33.665000    6.0712748e-16 
33.685000    6.0714229e-16 
33.705000    6.0715711e-16 
33.725000    6.0717194e-16 
33.745000    6.0718677e-16 
33.765000    6.0720160e-16 
33.785000    6.0721644e-16 
33.805000    6.0723128e-16 
33.825000    6.0724613e-16 
33.845000    6.0726098e-16 
33.865000    6.0727584e-16 
33.885000    6.0729070e-16 
33.905000    6.0730556e-16 
33.925000    6.0732043e-16 
33.945000    6.0733531e-16 
33.965000    6.0735019e-16 
33.985000    6.0736507e-16 
34.005000    6.0737996e-16 
34.025000    6.0739485e-16 
34.045000    6.0740975e-16 
34.065000    6.0742465e-16 
34.085000    6.0743956e-16 
34.105000    6.0745447e-16 
34.125000    6.0746938e-16 
34.145000    6.0748430e-16 
34.165000    6.0749923e-16 
34.185000    6.0751416e-16 
34.205000    6.0752909e-16 
34.225000    6.0754403e-16 
34.245000    6.0755897e-16 
34.265000    6.0757391e-16 
34.285000    6.0758886e-16 
34.305000    6.0760382e-16 
34.325000    6.0761878e-16 
34.345000    6.0763374e-16 
34.365000    6.0764871e-16 
34.385000    6.0766368e-16 
34.405000    6.0767866e-16 
34.425000    6.0769364e-16 
34.445000    6.0770863e-16 
34.465000    6.0772362e-16 
34.485000    6.0773861e-16 
34.505000    6.0775361e-16 
34.525000    6.0776862e-16 
34.545000    6.0778362e-16 
34.565000    6.0779864e-16 
34.585000    6.0781365e-16 
34.605000    6.0782867e-16 
34.625000    6.0784370e-16 
34.645000    6.0785873e-16 
34.665000    6.0787376e-16 
34.685000    6.0788880e-16 
34.705000    6.0790384e-16 
34.725000    6.0791889e-16 
34.745000    6.0793394e-16 
34.765000    6.0794899e-16 
34.785000    6.0796405e-16 
34.805000    6.0797911e-16 
34.825000    6.0799418e-16 
34.845000    6.0800925e-16 
34.865000    6.0802433e-16 
34.885000    6.0803941e-16 
34.905000    6.0805450e-16 
34.925000    6.0806958e-16 
34.945000    6.0808468e-16 
34.965000    6.0809978e-16 
34.985000    6.0811488e-16 
35.005000    6.0812998e-16 
35.025000    6.0814509e-16 
35.045000    6.0816021e-16 
35.065000    6.0817533e-16 
35.085000    6.0819045e-16 
35.105000    6.0820557e-16 
35.125000    6.0822070e-16 
35.145000    6.0823584e-16 
35.165000    6.0825098e-16 
35.185000    6.0826612e-16 
35.205000    6.0828127e-16 
35.225000    6.0829642e-16 
35.245000    6.0831158e-16 
35.265000    6.0832674e-16 
35.285000    6.0834190e-16 
35.305000    6.0835707e-16 
35.325000    6.0837224e-16 
35.345000    6.0838742e-16 
35.365000    6.0840260e-16 
35.385000    6.0841778e-16 
35.405000    6.0843297e-16 
35.425000    6.0844816e-16 
35.445000    6.0846336e-16 
35.465000    6.0847856e-16 
35.485000    6.0849376e-16 
35.505000    6.0850897e-16 
35.525000    6.0852419e-16 
35.545000    6.0853940e-16 
35.565000    6.0855462e-16 
35.585000    6.0856985e-16 
35.605000    6.0858508e-16 
35.625000    6.0860031e-16 
35.645000    6.0861555e-16 
35.665000    6.0863079e-16 
35.685000    6.0864603e-16 
35.705000    6.0866128e-16 
35.725000    6.0867654e-16 
35.745000    6.0869179e-16 
35.765000    6.0870705e-16 
35.785000    6.0872232e-16 
35.805000    6.0873759e-16 
35.825000    6.0875286e-16 
35.845000    6.0876814e-16 
35.865000    6.0878342e-16 
35.885000    6.0879870e-16 
35.905000    6.0881399e-16 
35.925000    6.0882928e-16 
35.945000    6.0884458e-16 
35.965000    6.0885988e-16 
35.985000    6.0887519e-16 
36.005000    6.0889049e-16 
36.025000    6.0890581e-16 
36.045000    6.0892112e-16 
36.065000    6.0893644e-16 
36.085000    6.0895177e-16 
36.105000    6.0896709e-16 
36.125000    6.0898243e-16 
36.145000    6.0899776e-16 
36.165000    6.0901310e-16 
36.185000    6.0902844e-16 
36.205000    6.0904379e-16 
36.225000    6.0905914e-16 
36.245000    6.0907450e-16 
36.265000    6.0908986e-16 
36.285000    6.0910522e-16 
36.305000    6.0912058e-16 
36.325000    6.0913595e-16 
36.345000    6.0915133e-16 
36.365000    6.0916671e-16 
36.385000    6.0918209e-16 
36.405000    6.0919747e-16 
36.425000    6.0921286e-16 
36.445000    6.0922826e-16 
36.465000    6.0924365e-16 
36.485000    6.0925905e-16 
36.505000    6.0927446e-16 
36.525000    6.0928987e-16 
36.545000    6.0930528e-16 
36.565000    6.0932069e-16 
36.585000    6.0933611e-16 
36.605000    6.0935154e-16 
36.625000    6.0936696e-16 
36.645000    6.0938239e-16 
36.665000    6.0939783e-16 
36.685000    6.0941327e-16 
36.705000    6.0942871e-16 
36.725000    6.0944415e-16 
36.745000    6.0945960e-16 
36.765000    6.0947506e-16 
36.785000    6.0949051e-16 
36.805000    6.0950597e-16 
36.825000    6.0952144e-16 
36.845000    6.0953690e-16 
36.865000    6.0955238e-16 
36.885000    6.0956785e-16 
36.905000    6.0958333e-16 
36.925000    6.0959881e-16 
36.945000    6.0961430e-16 
36.965000    6.0962979e-16 
36.985000    6.0964528e-16 
37.005000    6.0966078e-16 
37.025000    6.0967628e-16 
37.045000    6.0969179e-16 
37.065000    6.0970729e-16 
37.085000    6.0972281e-16 
37.105000    6.0973832e-16 
37.125000    6.0975384e-16 
37.145000    6.0976936e-16 
37.165000    6.0978489e-16 
37.185000    6.0980042e-16 
37.205000    6.0981595e-16 
37.225000    6.0983149e-16 
37.245000    6.0984703e-16 
37.265000    6.0986257e-16 
37.285000    6.0987812e-16 
37.305000    6.0989367e-16 
37.325000    6.0990923e-16 
37.345000    6.0992479e-16 
37.365000    6.0994035e-16 
37.385000    6.0995591e-16 
37.405000    6.0997148e-16 
37.425000    6.0998706e-16 
37.445000    6.1000263e-16 
37.465000    6.1001821e-16 
37.485000    6.1003380e-16 
37.505000    6.1004938e-16 
37.525000    6.1006497e-16 
37.545000    6.1008057e-16 
37.565000    6.1009617e-16 
37.585000    6.1011177e-16 
37.605000    6.1012737e-16 
37.625000    6.1014298e-16 
37.645000    6.1015859e-16 
37.665000    6.1017421e-16 
37.685000    6.1018982e-16 
37.705000    6.1020545e-16 
37.725000    6.1022107e-16 
37.745000    6.1023670e-16 
37.765000    6.1025233e-16 
37.785000    6.1026797e-16 
37.805000    6.1028361e-16 
37.825000    6.1029925e-16 
37.845000    6.1031490e-16 
37.865000    6.1033055e-16 
37.885000    6.1034620e-16 
37.905000    6.1036186e-16 
37.925000    6.1037752e-16 
37.945000    6.1039318e-16 
37.965000    6.1040885e-16 
37.985000    6.1042452e-16 
38.005000    6.1044019e-16 
38.025000    6.1045587e-16 
38.045000    6.1047155e-16 
38.065000    6.1048724e-16 
38.085000    6.1050292e-16 
38.105000    6.1051861e-16 
38.125000    6.1053431e-16 
38.145000    6.1055001e-16 
38.165000    6.1056571e-16 
38.185000    6.1058141e-16 
38.205000    6.1059712e-16 
38.225000    6.1061283e-16 
38.245000    6.1062854e-16 
38.265000    6.1064426e-16 
38.285000    6.1065998e-16 
38.305000    6.1067571e-16 
38.325000    6.1069144e-16 
38.345000    6.1070717e-16 
38.365000    6.1072290e-16 
38.385000    6.1073864e-16 
38.405000    6.1075438e-16 
38.425000    6.1077012e-16 
38.445000    6.1078587e-16 
38.465000    6.1080162e-16 
38.485000    6.1081738e-16 
38.505000    6.1083314e-16 
38.525000    6.1084890e-16 
38.545000    6.1086466e-16 
38.565000    6.1088043e-16 
38.585000    6.1089620e-16 
38.605000    6.1091197e-16 
38.625000    6.1092775e-16 
38.645000    6.1094353e-16 
38.665000    6.1095932e-16 
38.685000    6.1097510e-16 
38.705000    6.1099090e-16 
38.725000    6.1100669e-16 
38.745000    6.1102249e-16 
38.765000    6.1103829e-16 
38.785000    6.1105409e-16 
38.805000    6.1106990e-16 
38.825000    6.1108571e-16 
38.845000    6.1110152e-16 
38.865000    6.1111734e-16 
38.885000    6.1113316e-16 
38.905000    6.1114898e-16 
38.925000    6.1116481e-16 
38.945000    6.1118064e-16 
38.965000    6.1119647e-16 
38.985000    6.1121231e-16 
39.005000    6.1122814e-16 
39.025000    6.1124399e-16 
39.045000    6.1125983e-16 
39.065000    6.1127568e-16 
39.085000    6.1129153e-16 
39.105000    6.1130739e-16 
39.125000    6.1132325e-16 
39.145000    6.1133911e-16 
39.165000    6.1135497e-16 
39.185000    6.1137084e-16 
39.205000    6.1138671e-16 
39.225000    6.1140259e-16 
39.245000    6.1141846e-16 
39.265000    6.1143434e-16 
39.285000    6.1145023e-16 
39.305000    6.1146611e-16 
39.325000    6.1148200e-16 
39.345000    6.1149790e-16 
39.365000    6.1151379e-16 
39.385000    6.1152969e-16 
39.405000    6.1154559e-16 
39.425000    6.1156150e-16 
39.445000    6.1157741e-16 
39.465000    6.1159332e-16 
39.485000    6.1160923e-16 
39.505000    6.1162515e-16 
39.525000    6.1164107e-16 
39.545000    6.1165700e-16 
39.565000    6.1167292e-16 
39.585000    6.1168886e-16 
39.605000    6.1170479e-16 
39.625000    6.1172073e-16 
39.645000    6.1173666e-16 
39.665000    6.1175261e-16 
39.685000    6.1176855e-16 
39.705000    6.1178450e-16 
39.725000    6.1180045e-16 
39.745000    6.1181641e-16 
39.765000    6.1183237e-16 
39.785000    6.1184833e-16 
39.805000    6.1186429e-16 
39.825000    6.1188026e-16 
39.845000    6.1189623e-16 
39.865000    6.1191220e-16 
39.885000    6.1192818e-16 
39.905000    6.1194416e-16 
39.925000    6.1196014e-16 
39.945000    6.1197612e-16 
39.965000    6.1199211e-16 
39.985000    6.1200810e-16 
40.005000    6.1202410e-16 
