0.002000    1.1408000e-11 
0.010000    2.2880000e-12 
0.018000    1.2746667e-12 
0.026000    8.8492308e-13 
0.034000    6.7858824e-13 
0.042000    5.5085714e-13 
0.050000    4.6400000e-13 
0.058000    4.0110345e-13 
0.066000    3.5345455e-13 
0.074000    3.1610811e-13 
0.082000    2.8604878e-13 
0.090000    2.6133333e-13 
0.098000    2.4065306e-13 
0.106000    2.2309434e-13 
0.114000    2.0800000e-13 
0.122000    1.9488525e-13 
0.130000    1.8338462e-13 
0.138000    1.7321739e-13 
0.146000    1.6416438e-13 
0.154000    1.5605195e-13 
0.162000    1.4874074e-13 
0.170000    1.4211765e-13 
0.178000    1.3608989e-13 
0.186000    1.3058065e-13 
0.194000    1.2552577e-13 
0.202000    1.2087129e-13 
0.210000    1.1657143e-13 
0.218000    1.1258716e-13 
0.226000    1.0888496e-13 
0.234000    1.0543590e-13 
0.242000    1.0221488e-13 
0.250000    9.9200000e-14 
0.258000    9.6372093e-14 
0.266000    9.3714286e-14 
0.274000    9.1211679e-14 
0.282000    8.8851064e-14 
0.290000    8.6620690e-14 
0.298000    8.4510067e-14 
0.306000    8.2509804e-14 
0.314000    8.0611465e-14 
0.322000    7.8807453e-14 
0.330000    7.7090909e-14 
0.338000    7.5455621e-14 
0.346000    7.3895954e-14 
0.354000    7.2406780e-14 
0.362000    7.0983425e-14 
0.370000    6.9621622e-14 
0.378000    6.8317460e-14 
0.386000    6.7067358e-14 
0.394000    6.5868020e-14 
0.402000    6.4716418e-14 
0.410000    6.3609756e-14 
0.418000    6.2545455e-14 
0.426000    6.1521127e-14 
0.434000    6.0534562e-14 
0.442000    5.9583710e-14 
0.450000    5.8666667e-14 
0.458000    5.7781659e-14 
0.466000    5.6927039e-14 
0.474000    5.6101266e-14 
0.482000    5.5302905e-14 
0.490000    5.4530612e-14 
0.498000    5.3783133e-14 
0.506000    5.3059289e-14 
0.514000    5.2357977e-14 
0.522000    5.1678161e-14 
0.530000    5.1018868e-14 
0.538000    5.0379182e-14 
0.546000    4.9758242e-14 
0.554000    4.9155235e-14 
0.562000    4.8569395e-14 
0.570000    4.8000000e-14 
0.578000    4.7446367e-14 
0.586000    4.6907850e-14 
0.594000    4.6383838e-14 
0.602000    4.5873754e-14 
0.610000    4.5377049e-14 
0.618000    4.4893204e-14 
0.626000    4.4421725e-14 
0.634000    4.3962145e-14 
0.642000    4.3514019e-14 
0.650000    4.3076923e-14 
0.658000    4.2650456e-14 
0.666000    4.2234234e-14 
0.674000    4.1827893e-14 
0.682000    4.1431085e-14 
0.690000    4.1043478e-14 
0.698000    4.0664756e-14 
0.706000    4.0294618e-14 
0.714000    3.9932773e-14 
0.722000    3.9578947e-14 
0.730000    3.9232877e-14 
0.738000    3.8894309e-14 
0.746000    3.8563003e-14 
0.754000    3.8238727e-14 
0.762000    3.7921260e-14 
0.770000    3.7610390e-14 
0.778000    3.7305913e-14 
0.786000    3.7007634e-14 
0.794000    3.6715365e-14 
0.802000    3.6428928e-14 
0.810000    3.6148148e-14 
0.818000    3.5872861e-14 
0.826000    3.5602906e-14 
0.834000    3.5338129e-14 
0.842000    3.5078385e-14 
0.850000    3.4823529e-14 
0.858000    3.4573427e-14 
0.866000    3.4327945e-14 
0.874000    3.4086957e-14 
0.882000    3.3850340e-14 
0.890000    3.3617978e-14 
0.898000    3.3389755e-14 
0.906000    3.3165563e-14 
0.914000    3.2945295e-14 
0.922000    3.2728850e-14 
0.930000    3.2516129e-14 
0.938000    3.2307036e-14 
0.946000    3.2101480e-14 
0.954000    3.1899371e-14 
0.962000    3.1700624e-14 
0.970000    3.1505155e-14 
0.978000    3.1312883e-14 
0.986000    3.1123732e-14 
0.994000    3.0937626e-14 
1.002000    3.0754491e-14 
1.010000    3.0574257e-14 
1.018000    3.0396857e-14 
1.026000    3.0222222e-14 
1.034000    3.0050290e-14 
1.042000    2.9880998e-14 
1.050000    2.9714286e-14 
1.058000    2.9550095e-14 
1.066000    2.9388368e-14 
1.074000    2.9229050e-14 
1.082000    2.9072089e-14 
1.090000    2.8917431e-14 
1.098000    2.8765027e-14 
1.106000    2.8614828e-14 
1.114000    2.8466786e-14 
1.122000    2.8320856e-14 
1.130000    2.8176991e-14 
1.138000    2.8035149e-14 
1.146000    2.7895288e-14 
1.154000    2.7757366e-14 
1.162000    2.7621343e-14 
1.170000    2.7487179e-14 
1.178000    2.7354839e-14 
1.186000    2.7224283e-14 
1.194000    2.7095477e-14 
1.202000    2.6968386e-14 
1.210000    2.6842975e-14 
1.218000    2.6719212e-14 
1.226000    2.6597064e-14 
1.234000    2.6476499e-14 
1.242000    2.6357488e-14 
1.250000    2.6240000e-14 
1.258000    2.6124006e-14 
1.266000    2.6009479e-14 
1.274000    2.5896389e-14 
1.282000    2.5784711e-14 
1.290000    2.5674419e-14 
1.298000    2.5565485e-14 
1.306000    2.5457887e-14 
1.314000    2.5351598e-14 
1.322000    2.5246596e-14 
1.330000    2.5142857e-14 
1.338000    2.5040359e-14 
1.346000    2.4939079e-14 
1.354000    2.4838996e-14 
1.362000    2.4740088e-14 
1.370000    2.4642336e-14 
1.378000    2.4545718e-14 
1.386000    2.4450216e-14 
1.394000    2.4355811e-14 
1.402000    2.4262482e-14 
1.410000    2.4170213e-14 
1.418000    2.4078984e-14 
1.426000    2.3988780e-14 
1.434000    2.3899582e-14 
1.442000    2.3811373e-14 
1.450000    2.3724138e-14 
1.458000    2.3637860e-14 
1.466000    2.3552524e-14 
1.474000    2.3468114e-14 
1.482000    2.3384615e-14 
1.490000    2.3302013e-14 
1.498000    2.3220294e-14 
1.506000    2.3139442e-14 
1.514000    2.3059445e-14 
1.522000    2.2980289e-14 
1.530000    2.2901961e-14 
1.538000    2.2824447e-14 
1.546000    2.2747736e-14 
1.554000    2.2671815e-14 
1.562000    2.2596671e-14 
1.570000    2.2522293e-14 
1.578000    2.2448669e-14 
1.586000    2.2375788e-14 
1.594000    2.2303639e-14 
1.602000    2.2232210e-14 
1.610000    2.2161491e-14 
1.618000    2.2091471e-14 
1.626000    2.2022140e-14 
1.634000    2.1953488e-14 
1.642000    2.1885505e-14 
1.650000    2.1818182e-14 
1.658000    2.1751508e-14 
1.666000    2.1685474e-14 
1.674000    2.1620072e-14 
1.682000    2.1555291e-14 
1.690000    2.1491124e-14 
1.698000    2.1427562e-14 
1.706000    2.1364596e-14 
1.714000    2.1302217e-14 
1.722000    2.1240418e-14 
1.730000    2.1179191e-14 
1.738000    2.1118527e-14 
1.746000    2.1058419e-14 
1.754000    2.0998860e-14 
1.762000    2.0939841e-14 
1.770000    2.0881356e-14 
1.778000    2.0823397e-14 
1.786000    2.0765957e-14 
1.794000    2.0709030e-14 
1.802000    2.0652608e-14 
1.810000    2.0596685e-14 
1.818000    2.0541254e-14 
1.826000    2.0486309e-14 
1.834000    2.0431843e-14 
1.842000    2.0377850e-14 
1.850000    2.0324324e-14 
1.858000    2.0271259e-14 
1.866000    2.0218650e-14 
1.874000    2.0166489e-14 
1.882000    2.0114772e-14 
1.890000    2.0063492e-14 
1.898000    2.0012645e-14 
1.906000    1.9962225e-14 
1.914000    1.9912226e-14 
1.922000    1.9862643e-14 
1.930000    1.9813472e-14 
1.938000    1.9764706e-14 
1.946000    1.9716341e-14 
1.954000    1.9668373e-14 
1.962000    1.9620795e-14 
1.970000    1.9573604e-14 
1.978000    1.9526795e-14 
1.986000    1.9480363e-14 
1.994000    1.9434303e-14 
2.002000    1.9388611e-14 
2.010000    1.9343284e-14 
2.018000    1.9298315e-14 
2.026000    1.9253702e-14 
2.034000    1.9209440e-14 
2.042000    1.9165524e-14 
2.050000    1.9121951e-14 
2.058000    1.9078717e-14 
2.066000    1.9035818e-14 
2.074000    1.8993250e-14 
2.082000    1.8951009e-14 
2.090000    1.8909091e-14 
2.098000    1.8867493e-14 
2.106000    1.8826211e-14 
2.114000    1.8785241e-14 
2.122000    1.8744581e-14 
2.130000    1.8704225e-14 
2.138000    1.8664172e-14 
2.146000    1.8624418e-14 
2.154000    1.8584958e-14 
2.162000    1.8545791e-14 
2.170000    1.8506912e-14 
2.178000    1.8468320e-14 
2.186000    1.8430009e-14 
2.194000    1.8391978e-14 
2.202000    1.8354223e-14 
2.210000    1.8316742e-14 
2.218000    1.8279531e-14 
2.226000    1.8242588e-14 
2.234000    1.8205909e-14 
2.242000    1.8169492e-14 
2.250000    1.8133333e-14 
2.258000    1.8097431e-14 
2.266000    1.8061783e-14 
2.274000    1.8026385e-14 
2.282000    1.7991236e-14 
2.290000    1.7956332e-14 
2.298000    1.7921671e-14 
2.306000    1.7887251e-14 
2.314000    1.7853068e-14 
2.322000    1.7819121e-14 
2.330000    1.7785408e-14 
2.338000    1.7751925e-14 
2.346000    1.7718670e-14 
2.354000    1.7685641e-14 
2.362000    1.7652837e-14 
2.370000    1.7620253e-14 
2.378000    1.7587889e-14 
2.386000    1.7555742e-14 
2.394000    1.7523810e-14 
2.402000    1.7492090e-14 
2.410000    1.7460581e-14 
2.418000    1.7429280e-14 
2.426000    1.7398186e-14 
2.434000    1.7367297e-14 
2.442000    1.7336609e-14 
2.450000    1.7306122e-14 
2.458000    1.7275834e-14 
2.466000    1.7245742e-14 
2.474000    1.7215845e-14 
2.482000    1.7186140e-14 
2.490000    1.7156627e-14 
2.498000    1.7127302e-14 
2.506000    1.7098164e-14 
2.514000    1.7069212e-14 
2.522000    1.7040444e-14 
2.530000    1.7011858e-14 
2.538000    1.6983452e-14 
2.546000    1.6955224e-14 
2.554000    1.6927173e-14 
2.562000    1.6899297e-14 
2.570000    1.6871595e-14 
2.578000    1.6844065e-14 
2.586000    1.6816705e-14 
2.594000    1.6789514e-14 
2.602000    1.6762490e-14 
2.610000    1.6735632e-14 
2.618000    1.6708938e-14 
2.626000    1.6682407e-14 
2.634000    1.6656036e-14 
2.642000    1.6629826e-14 
2.650000    1.6603774e-14 
2.658000    1.6577878e-14 
2.666000    1.6552138e-14 
2.674000    1.6526552e-14 
2.682000    1.6501119e-14 
2.690000    1.6475836e-14 
2.698000    1.6450704e-14 
2.706000    1.6425721e-14 
2.714000    1.6400884e-14 
2.722000    1.6376194e-14 
2.730000    1.6351648e-14 
2.738000    1.6327246e-14 
2.746000    1.6302986e-14 
2.754000    1.6278867e-14 
2.762000    1.6254888e-14 
2.770000    1.6231047e-14 
2.778000    1.6207343e-14 
2.786000    1.6183776e-14 
2.794000    1.6160344e-14 
2.802000    1.6137045e-14 
2.810000    1.6113879e-14 
2.818000    1.6090845e-14 
2.826000    1.6067941e-14 
2.834000    1.6045166e-14 
2.842000    1.6022519e-14 
2.850000    1.6000000e-14 
2.858000    1.5977607e-14 
2.866000    1.5955338e-14 
2.874000    1.5933194e-14 
2.882000    1.5911173e-14 
2.890000    1.5889273e-14 
2.898000    1.5867495e-14 
2.906000    1.5845836e-14 
2.914000    1.5824296e-14 
2.922000    1.5802875e-14 
2.930000    1.5781570e-14 
2.938000    1.5760381e-14 
2.946000    1.5739308e-14 
2.954000    1.5718348e-14 
2.962000    1.5697502e-14 
2.970000    1.5676768e-14 
2.978000    1.5656145e-14 
2.986000    1.5635633e-14 
2.994000    1.5615230e-14 
3.002000    1.5594937e-14 
3.010000    1.5574751e-14 
3.018000    1.5554672e-14 
3.026000    1.5534699e-14 
3.034000    1.5514832e-14 
3.042000    1.5495069e-14 
3.050000    1.5475410e-14 
3.058000    1.5455853e-14 
3.066000    1.5436399e-14 
3.074000    1.5417046e-14 
3.082000    1.5397794e-14 
3.090000    1.5378641e-14 
3.098000    1.5359587e-14 
3.106000    1.5340631e-14 
3.114000    1.5321773e-14 
3.122000    1.5303011e-14 
3.130000    1.5284345e-14 
3.138000    1.5265774e-14 
3.146000    1.5247298e-14 
3.154000    1.5228916e-14 
3.162000    1.5210626e-14 
3.170000    1.5192429e-14 
3.178000    1.5174323e-14 
3.186000    1.5156309e-14 
3.194000    1.5138384e-14 
3.202000    1.5120550e-14 
3.210000    1.5102804e-14 
3.218000    1.5085146e-14 
3.226000    1.5067576e-14 
3.234000    1.5050093e-14 
3.242000    1.5032696e-14 
3.250000    1.5015385e-14 
3.258000    1.4998158e-14 
3.266000    1.4981017e-14 
3.274000    1.4963958e-14 
3.282000    1.4946984e-14 
3.290000    1.4930091e-14 
3.298000    1.4913281e-14 
3.306000    1.4896552e-14 
3.314000    1.4879903e-14 
3.322000    1.4863335e-14 
3.330000    1.4846847e-14 
3.338000    1.4830437e-14 
3.346000    1.4814106e-14 
3.354000    1.4797853e-14 
3.362000    1.4781678e-14 
3.370000    1.4765579e-14 
3.378000    1.4749556e-14 
3.386000    1.4733609e-14 
3.394000    1.4717737e-14 
3.402000    1.4701940e-14 
3.410000    1.4686217e-14 
3.418000    1.4670568e-14 
3.426000    1.4654991e-14 
3.434000    1.4639487e-14 
3.442000    1.4624056e-14 
3.450000    1.4608696e-14 
3.458000    1.4593407e-14 
3.466000    1.4578188e-14 
3.474000    1.4563040e-14 
3.482000    1.4547961e-14 
3.490000    1.4532951e-14 
3.498000    1.4518010e-14 
3.506000    1.4503137e-14 
3.514000    1.4488332e-14 
3.522000    1.4473595e-14 
3.530000    1.4458924e-14 
3.538000    1.4444319e-14 
3.546000    1.4429780e-14 
3.554000    1.4415307e-14 
3.562000    1.4400898e-14 
3.570000    1.4386555e-14 
3.578000    1.4372275e-14 
3.586000    1.4358059e-14 
3.594000    1.4343907e-14 
3.602000    1.4329817e-14 
3.610000    1.4315789e-14 
3.618000    1.4301824e-14 
3.626000    1.4287921e-14 
3.634000    1.4274078e-14 
3.642000    1.4260297e-14 
3.650000    1.4246575e-14 
3.658000    1.4232914e-14 
3.666000    1.4219313e-14 
3.674000    1.4205770e-14 
3.682000    1.4192287e-14 
3.690000    1.4178862e-14 
3.698000    1.4165495e-14 
3.706000    1.4152186e-14 
3.714000    1.4138934e-14 
3.722000    1.4125739e-14 
3.730000    1.4112601e-14 
3.738000    1.4099518e-14 
3.746000    1.4086492e-14 
3.754000    1.4073522e-14 
3.762000    1.4060606e-14 
3.770000    1.4047745e-14 
3.778000    1.4034939e-14 
3.786000    1.4022187e-14 
3.794000    1.4009489e-14 
3.802000    1.3996844e-14 
3.810000    1.3984252e-14 
3.818000    1.3971713e-14 
3.826000    1.3959226e-14 
3.834000    1.3946792e-14 
3.842000    1.3934409e-14 
3.850000    1.3922078e-14 
3.858000    1.3909798e-14 
3.866000    1.3897569e-14 
3.874000    1.3885390e-14 
3.882000    1.3873261e-14 
3.890000    1.3861183e-14 
3.898000    1.3849153e-14 
3.906000    1.3837174e-14 
3.914000    1.3825243e-14 
3.922000    1.3813361e-14 
3.930000    1.3801527e-14 
3.938000    1.3789741e-14 
3.946000    1.3778003e-14 
3.954000    1.3766313e-14 
3.962000    1.3754669e-14 
3.970000    1.3743073e-14 
3.978000    1.3731523e-14 
3.986000    1.3720020e-14 
3.994000    1.3708563e-14 
4.002000    1.3697151e-14 
4.010000    1.3685786e-14 
4.018000    1.3674465e-14 
4.026000    1.3663189e-14 
4.034000    1.3651958e-14 
4.042000    1.3640772e-14 
4.050000    1.3629630e-14 
4.058000    1.3618531e-14 
4.066000    1.3607477e-14 
4.074000    1.3596465e-14 
4.082000    1.3585497e-14 
4.090000    1.3574572e-14 
4.098000    1.3563690e-14 
4.106000    1.3552849e-14 
4.114000    1.3542052e-14 
4.122000    1.3531295e-14 
4.130000    1.3520581e-14 
4.138000    1.3509908e-14 
4.146000    1.3499276e-14 
4.154000    1.3488686e-14 
4.162000    1.3478136e-14 
4.170000    1.3467626e-14 
4.178000    1.3457157e-14 
4.186000    1.3446727e-14 
4.194000    1.3436338e-14 
4.202000    1.3425988e-14 
4.210000    1.3415677e-14 
4.218000    1.3405405e-14 
4.226000    1.3395173e-14 
4.234000    1.3384979e-14 
4.242000    1.3374823e-14 
4.250000    1.3364706e-14 
4.258000    1.3354627e-14 
4.266000    1.3344585e-14 
4.274000    1.3334581e-14 
4.282000    1.3324615e-14 
4.290000    1.3314685e-14 
4.298000    1.3304793e-14 
4.306000    1.3294937e-14 
4.314000    1.3285118e-14 
4.322000    1.3275335e-14 
4.330000    1.3265589e-14 
4.338000    1.3255878e-14 
4.346000    1.3246203e-14 
4.354000    1.3236564e-14 
4.362000    1.3226960e-14 
4.370000    1.3217391e-14 
4.378000    1.3207857e-14 
4.386000    1.3198358e-14 
4.394000    1.3188894e-14 
4.402000    1.3179464e-14 
4.410000    1.3170068e-14 
4.418000    1.3160706e-14 
4.426000    1.3151378e-14 
4.434000    1.3142084e-14 
4.442000    1.3132823e-14 
4.450000    1.3123596e-14 
4.458000    1.3114401e-14 
4.466000    1.3105240e-14 
4.474000    1.3096111e-14 
4.482000    1.3087015e-14 
4.490000    1.3077951e-14 
4.498000    1.3068920e-14 
4.506000    1.3059920e-14 
4.514000    1.3050953e-14 
4.522000    1.3042017e-14 
4.530000    1.3033113e-14 
4.538000    1.3024240e-14 
4.546000    1.3015398e-14 
4.554000    1.3006588e-14 
4.562000    1.2997808e-14 
4.570000    1.2989059e-14 
4.578000    1.2980341e-14 
4.586000    1.2971653e-14 
4.594000    1.2962995e-14 
4.602000    1.2954368e-14 
4.610000    1.2945770e-14 
4.618000    1.2937202e-14 
4.626000    1.2928664e-14 
4.634000    1.2920155e-14 
4.642000    1.2911676e-14 
4.650000    1.2903226e-14 
4.658000    1.2894805e-14 
4.666000    1.2886412e-14 
4.674000    1.2878049e-14 
4.682000    1.2869714e-14 
4.690000    1.2861407e-14 
4.698000    1.2853129e-14 
4.706000    1.2844879e-14 
4.714000    1.2836657e-14 
4.722000    1.2828463e-14 
4.730000    1.2820296e-14 
4.738000    1.2812157e-14 
4.746000    1.2804046e-14 
4.754000    1.2795961e-14 
4.762000    1.2787904e-14 
4.770000    1.2779874e-14 
4.778000    1.2771871e-14 
4.786000    1.2763895e-14 
4.794000    1.2755945e-14 
4.802000    1.2748022e-14 
4.810000    1.2740125e-14 
4.818000    1.2732254e-14 
4.826000    1.2724409e-14 
4.834000    1.2716591e-14 
4.842000    1.2708798e-14 
4.850000    1.2701031e-14 
4.858000    1.2693289e-14 
4.866000    1.2685573e-14 
4.874000    1.2677883e-14 
4.882000    1.2670217e-14 
4.890000    1.2662577e-14 
4.898000    1.2654961e-14 
4.906000    1.2647371e-14 
4.914000    1.2639805e-14 
4.922000    1.2632263e-14 
4.930000    1.2624746e-14 
4.938000    1.2617254e-14 
4.946000    1.2609786e-14 
4.954000    1.2602342e-14 
4.962000    1.2594921e-14 
4.970000    1.2587525e-14 
4.978000    1.2580153e-14 
4.986000    1.2572804e-14 
4.994000    1.2565479e-14 
5.002000    1.2558177e-14 
5.010000    1.2550898e-14 
5.018000    1.2543643e-14 
5.026000    1.2536411e-14 
5.034000    1.2529201e-14 
5.042000    1.2522015e-14 
5.050000    1.2514851e-14 
5.058000    1.2507711e-14 
5.066000    1.2500592e-14 
5.074000    1.2493496e-14 
5.082000    1.2486423e-14 
5.090000    1.2479371e-14 
5.098000    1.2472342e-14 
5.106000    1.2465335e-14 
5.114000    1.2458350e-14 
5.122000    1.2451386e-14 
5.130000    1.2444444e-14 
5.138000    1.2437524e-14 
5.146000    1.2430626e-14 
5.154000    1.2423749e-14 
5.162000    1.2416893e-14 
5.170000    1.2410058e-14 
5.178000    1.2403244e-14 
5.186000    1.2396452e-14 
5.194000    1.2389680e-14 
5.202000    1.2382930e-14 
5.210000    1.2376200e-14 
5.218000    1.2369490e-14 
5.226000    1.2362801e-14 
5.234000    1.2356133e-14 
5.242000    1.2349485e-14 
5.250000    1.2342857e-14 
5.258000    1.2336250e-14 
5.266000    1.2329662e-14 
5.274000    1.2323094e-14 
5.282000    1.2316547e-14 
5.290000    1.2310019e-14 
5.298000    1.2303511e-14 
5.306000    1.2297022e-14 
5.314000    1.2290553e-14 
5.322000    1.2284104e-14 
5.330000    1.2277674e-14 
5.338000    1.2271263e-14 
5.346000    1.2264871e-14 
5.354000    1.2258498e-14 
5.362000    1.2252145e-14 
5.370000    1.2245810e-14 
5.378000    1.2239494e-14 
5.386000    1.2233197e-14 
5.394000    1.2226919e-14 
5.402000    1.2220659e-14 
5.410000    1.2214418e-14 
5.418000    1.2208195e-14 
5.426000    1.2201990e-14 
5.434000    1.2195804e-14 
5.442000    1.2189636e-14 
5.450000    1.2183486e-14 
5.458000    1.2177354e-14 
5.466000    1.2171240e-14 
5.474000    1.2165144e-14 
5.482000    1.2159066e-14 
5.490000    1.2153005e-14 
5.498000    1.2146963e-14 
5.506000    1.2140937e-14 
5.514000    1.2134929e-14 
5.522000    1.2128939e-14 
5.530000    1.2122966e-14 
5.538000    1.2117010e-14 
5.546000    1.2111071e-14 
5.554000    1.2105149e-14 
5.562000    1.2099245e-14 
5.570000    1.2093357e-14 
5.578000    1.2087487e-14 
5.586000    1.2081633e-14 
5.594000    1.2075795e-14 
5.602000    1.2069975e-14 
5.610000    1.2064171e-14 
5.618000    1.2058384e-14 
5.626000    1.2052613e-14 
5.634000    1.2046858e-14 
5.642000    1.2041120e-14 
5.650000    1.2035398e-14 
5.658000    1.2029692e-14 
5.666000    1.2024003e-14 
5.674000    1.2018329e-14 
5.682000    1.2012672e-14 
5.690000    1.2007030e-14 
5.698000    1.2001404e-14 
5.706000    1.1995794e-14 
5.714000    1.1990200e-14 
5.722000    1.1984621e-14 
5.730000    1.1979058e-14 
5.738000    1.1973510e-14 
5.746000    1.1967978e-14 
5.754000    1.1962461e-14 
5.762000    1.1956959e-14 
5.770000    1.1951473e-14 
5.778000    1.1946002e-14 
5.786000    1.1940546e-14 
5.794000    1.1935105e-14 
5.802000    1.1929679e-14 
5.810000    1.1924269e-14 
5.818000    1.1918872e-14 
5.826000    1.1913491e-14 
5.834000    1.1908125e-14 
5.842000    1.1902773e-14 
5.850000    1.1897436e-14 
5.858000    1.1892113e-14 
5.866000    1.1886805e-14 
5.874000    1.1881512e-14 
5.882000    1.1876233e-14 
5.890000    1.1870968e-14 
5.898000    1.1865717e-14 
5.906000    1.1860481e-14 
5.914000    1.1855259e-14 
5.922000    1.1850051e-14 
5.930000    1.1844857e-14 
5.938000    1.1839677e-14 
5.946000    1.1834511e-14 
5.954000    1.1829358e-14 
5.962000    1.1824220e-14 
5.970000    1.1819095e-14 
5.978000    1.1813985e-14 
5.986000    1.1808887e-14 
5.994000    1.1803804e-14 
6.002000    1.1798734e-14 
6.010000    1.1793677e-14 
6.018000    1.1788634e-14 
6.026000    1.1783604e-14 
6.034000    1.1778588e-14 
6.042000    1.1773585e-14 
6.050000    1.1768595e-14 
6.058000    1.1763618e-14 
6.066000    1.1758655e-14 
6.074000    1.1753704e-14 
6.082000    1.1748767e-14 
6.090000    1.1743842e-14 
6.098000    1.1738931e-14 
6.106000    1.1734032e-14 
6.114000    1.1729146e-14 
6.122000    1.1724273e-14 
6.130000    1.1719413e-14 
6.138000    1.1714565e-14 
6.146000    1.1709730e-14 
6.154000    1.1704907e-14 
6.162000    1.1700097e-14 
6.170000    1.1695300e-14 
6.178000    1.1690515e-14 
6.186000    1.1685742e-14 
6.194000    1.1680982e-14 
6.202000    1.1676233e-14 
6.210000    1.1671498e-14 
6.218000    1.1666774e-14 
6.226000    1.1662062e-14 
6.234000    1.1657363e-14 
6.242000    1.1652675e-14 
6.250000    1.1648000e-14 
6.258000    1.1643337e-14 
6.266000    1.1638685e-14 
6.274000    1.1634045e-14 
6.282000    1.1629417e-14 
6.290000    1.1624801e-14 
6.298000    1.1620197e-14 
6.306000    1.1615604e-14 
6.314000    1.1611023e-14 
6.322000    1.1606454e-14 
6.330000    1.1601896e-14 
6.338000    1.1597349e-14 
6.346000    1.1592814e-14 
6.354000    1.1588291e-14 
6.362000    1.1583779e-14 
6.370000    1.1579278e-14 
6.378000    1.1574788e-14 
6.386000    1.1570310e-14 
6.394000    1.1565843e-14 
6.402000    1.1561387e-14 
6.410000    1.1556942e-14 
6.418000    1.1552509e-14 
6.426000    1.1548086e-14 
6.434000    1.1543674e-14 
6.442000    1.1539274e-14 
6.450000    1.1534884e-14 
6.458000    1.1530505e-14 
6.466000    1.1526137e-14 
6.474000    1.1521779e-14 
6.482000    1.1517433e-14 
6.490000    1.1513097e-14 
6.498000    1.1508772e-14 
6.506000    1.1504457e-14 
6.514000    1.1500154e-14 
6.522000    1.1495860e-14 
6.530000    1.1491577e-14 
6.538000    1.1487305e-14 
6.546000    1.1483043e-14 
6.554000    1.1478792e-14 
6.562000    1.1474550e-14 
6.570000    1.1470320e-14 
6.578000    1.1466099e-14 
6.586000    1.1461889e-14 
6.594000    1.1457689e-14 
6.602000    1.1453499e-14 
6.610000    1.1449319e-14 
6.618000    1.1445150e-14 
6.626000    1.1440990e-14 
6.634000    1.1436841e-14 
6.642000    1.1432701e-14 
6.650000    1.1428571e-14 
6.658000    1.1424452e-14 
6.666000    1.1420342e-14 
6.674000    1.1416242e-14 
6.682000    1.1412152e-14 
6.690000    1.1408072e-14 
6.698000    1.1404001e-14 
6.706000    1.1399940e-14 
6.714000    1.1395889e-14 
6.722000    1.1391848e-14 
6.730000    1.1387816e-14 
6.738000    1.1383793e-14 
6.746000    1.1379781e-14 
6.754000    1.1375777e-14 
6.762000    1.1371783e-14 
6.770000    1.1367799e-14 
6.778000    1.1363824e-14 
6.786000    1.1359859e-14 
6.794000    1.1355902e-14 
6.802000    1.1351955e-14 
6.810000    1.1348018e-14 
6.818000    1.1344089e-14 
6.826000    1.1340170e-14 
6.834000    1.1336260e-14 
6.842000    1.1332359e-14 
6.850000    1.1328467e-14 
6.858000    1.1324584e-14 
6.866000    1.1320711e-14 
6.874000    1.1316846e-14 
6.882000    1.1312990e-14 
6.890000    1.1309144e-14 
6.898000    1.1305306e-14 
6.906000    1.1301477e-14 
6.914000    1.1297657e-14 
6.922000    1.1293846e-14 
6.930000    1.1290043e-14 
6.938000    1.1286250e-14 
6.946000    1.1282465e-14 
6.954000    1.1278689e-14 
6.962000    1.1274921e-14 
6.970000    1.1271162e-14 
6.978000    1.1267412e-14 
6.986000    1.1263670e-14 
6.994000    1.1259937e-14 
7.002000    1.1256213e-14 
7.010000    1.1252496e-14 
7.018000    1.1248789e-14 
7.026000    1.1245090e-14 
7.034000    1.1241399e-14 
7.042000    1.1237717e-14 
7.050000    1.1234043e-14 
7.058000    1.1230377e-14 
7.066000    1.1226720e-14 
7.074000    1.1223070e-14 
7.082000    1.1219430e-14 
7.090000    1.1215797e-14 
7.098000    1.1212172e-14 
7.106000    1.1208556e-14 
7.114000    1.1204948e-14 
7.122000    1.1201348e-14 
7.130000    1.1197756e-14 
7.138000    1.1194172e-14 
7.146000    1.1190596e-14 
7.154000    1.1187028e-14 
7.162000    1.1183468e-14 
7.170000    1.1179916e-14 
7.178000    1.1176372e-14 
7.186000    1.1172836e-14 
7.194000    1.1169308e-14 
7.202000    1.1165787e-14 
7.210000    1.1162275e-14 
7.218000    1.1158770e-14 
7.226000    1.1155273e-14 
7.234000    1.1151783e-14 
7.242000    1.1148302e-14 
7.250000    1.1144828e-14 
7.258000    1.1141361e-14 
7.266000    1.1137903e-14 
7.274000    1.1134451e-14 
7.282000    1.1131008e-14 
7.290000    1.1127572e-14 
7.298000    1.1124144e-14 
7.306000    1.1120723e-14 
7.314000    1.1117309e-14 
7.322000    1.1113903e-14 
7.330000    1.1110505e-14 
7.338000    1.1107114e-14 
7.346000    1.1103730e-14 
7.354000    1.1100354e-14 
7.362000    1.1096985e-14 
7.370000    1.1093623e-14 
7.378000    1.1090268e-14 
7.386000    1.1086921e-14 
7.394000    1.1083581e-14 
7.402000    1.1080249e-14 
7.410000    1.1076923e-14 
7.418000    1.1073605e-14 
7.426000    1.1070294e-14 
7.434000    1.1066990e-14 
7.442000    1.1063693e-14 
7.450000    1.1060403e-14 
7.458000    1.1057120e-14 
7.466000    1.1053844e-14 
7.474000    1.1050575e-14 
7.482000    1.1047314e-14 
7.490000    1.1044059e-14 
7.498000    1.1040811e-14 
7.506000    1.1037570e-14 
7.514000    1.1034336e-14 
7.522000    1.1031109e-14 
7.530000    1.1027888e-14 
7.538000    1.1024675e-14 
7.546000    1.1021468e-14 
7.554000    1.1018268e-14 
7.562000    1.1015075e-14 
7.570000    1.1011889e-14 
7.578000    1.1008709e-14 
7.586000    1.1005537e-14 
7.594000    1.1002370e-14 
7.602000    1.0999211e-14 
7.610000    1.0996058e-14 
7.618000    1.0992912e-14 
7.626000    1.0989772e-14 
7.634000    1.0986639e-14 
7.642000    1.0983512e-14 
7.650000    1.0980392e-14 
7.658000    1.0977279e-14 
7.666000    1.0974172e-14 
7.674000    1.0971071e-14 
7.682000    1.0967977e-14 
7.690000    1.0964889e-14 
7.698000    1.0961808e-14 
7.706000    1.0958733e-14 
7.714000    1.0955665e-14 
7.722000    1.0952603e-14 
7.730000    1.0949547e-14 
7.738000    1.0946498e-14 
7.746000    1.0943455e-14 
7.754000    1.0940418e-14 
7.762000    1.0937387e-14 
7.770000    1.0934363e-14 
7.778000    1.0931345e-14 
7.786000    1.0928333e-14 
7.794000    1.0925327e-14 
7.802000    1.0922328e-14 
7.810000    1.0919334e-14 
7.818000    1.0916347e-14 
7.826000    1.0913366e-14 
7.834000    1.0910391e-14 
7.842000    1.0907422e-14 
7.850000    1.0904459e-14 
7.858000    1.0901502e-14 
7.866000    1.0898551e-14 
7.874000    1.0895606e-14 
7.882000    1.0892667e-14 
7.890000    1.0889734e-14 
7.898000    1.0886807e-14 
7.906000    1.0883886e-14 
7.914000    1.0880970e-14 
7.922000    1.0878061e-14 
7.930000    1.0875158e-14 
7.938000    1.0872260e-14 
7.946000    1.0869368e-14 
7.954000    1.0866482e-14 
7.962000    1.0863602e-14 
7.970000    1.0860728e-14 
7.978000    1.0857859e-14 
7.986000    1.0854996e-14 
7.994000    1.0852139e-14 
8.002000    1.0849288e-14 
8.010000    1.0846442e-14 
8.018000    1.0843602e-14 
8.026000    1.0840768e-14 
8.034000    1.0837939e-14 
8.042000    1.0835116e-14 
8.050000    1.0832298e-14 
8.058000    1.0829486e-14 
8.066000    1.0826680e-14 
8.074000    1.0823879e-14 
8.082000    1.0821084e-14 
8.090000    1.0818294e-14 
8.098000    1.0815510e-14 
8.106000    1.0812731e-14 
8.114000    1.0809958e-14 
8.122000    1.0807190e-14 
8.130000    1.0804428e-14 
8.138000    1.0801671e-14 
8.146000    1.0798920e-14 
8.154000    1.0796174e-14 
8.162000    1.0793433e-14 
8.170000    1.0790698e-14 
8.178000    1.0787968e-14 
8.186000    1.0785243e-14 
8.194000    1.0782524e-14 
8.202000    1.0779810e-14 
8.210000    1.0777101e-14 
8.218000    1.0774398e-14 
8.226000    1.0771699e-14 
8.234000    1.0769007e-14 
8.242000    1.0766319e-14 
8.250000    1.0763636e-14 
8.258000    1.0760959e-14 
8.266000    1.0758287e-14 
8.274000    1.0755620e-14 
8.282000    1.0752958e-14 
8.290000    1.0750302e-14 
8.298000    1.0747650e-14 
8.306000    1.0745004e-14 
8.314000    1.0742362e-14 
8.322000    1.0739726e-14 
8.330000    1.0737095e-14 
8.338000    1.0734469e-14 
8.346000    1.0731848e-14 
8.354000    1.0729232e-14 
8.362000    1.0726620e-14 
8.370000    1.0724014e-14 
8.378000    1.0721413e-14 
8.386000    1.0718817e-14 
8.394000    1.0716226e-14 
8.402000    1.0713640e-14 
8.410000    1.0711058e-14 
8.418000    1.0708482e-14 
8.426000    1.0705910e-14 
8.434000    1.0703344e-14 
8.442000    1.0700782e-14 
8.450000    1.0698225e-14 
8.458000    1.0695673e-14 
8.466000    1.0693125e-14 
8.474000    1.0690583e-14 
8.482000    1.0688045e-14 
8.490000    1.0685512e-14 
8.498000    1.0682984e-14 
8.506000    1.0680461e-14 
8.514000    1.0677942e-14 
8.522000    1.0675428e-14 
8.530000    1.0672919e-14 
8.538000    1.0670415e-14 
8.546000    1.0667915e-14 
8.554000    1.0665420e-14 
8.562000    1.0662929e-14 
8.570000    1.0660443e-14 
8.578000    1.0657962e-14 
8.586000    1.0655486e-14 
8.594000    1.0653014e-14 
8.602000    1.0650546e-14 
8.610000    1.0648084e-14 
8.618000    1.0645625e-14 
8.626000    1.0643172e-14 
8.634000    1.0640723e-14 
8.642000    1.0638278e-14 
8.650000    1.0635838e-14 
8.658000    1.0633403e-14 
8.666000    1.0630972e-14 
8.674000    1.0628545e-14 
8.682000    1.0626123e-14 
8.690000    1.0623705e-14 
8.698000    1.0621292e-14 
8.706000    1.0618884e-14 
8.714000    1.0616479e-14 
8.722000    1.0614079e-14 
8.730000    1.0611684e-14 
8.738000    1.0609293e-14 
8.746000    1.0606906e-14 
8.754000    1.0604524e-14 
8.762000    1.0602146e-14 
8.770000    1.0599772e-14 
8.778000    1.0597403e-14 
8.786000    1.0595038e-14 
8.794000    1.0592677e-14 
8.802000    1.0590320e-14 
8.810000    1.0587968e-14 
8.818000    1.0585620e-14 
8.826000    1.0583277e-14 
8.834000    1.0580937e-14 
8.842000    1.0578602e-14 
8.850000    1.0576271e-14 
8.858000    1.0573944e-14 
8.866000    1.0571622e-14 
8.874000    1.0569304e-14 
8.882000    1.0566989e-14 
8.890000    1.0564679e-14 
8.898000    1.0562374e-14 
8.906000    1.0560072e-14 
8.914000    1.0557774e-14 
8.922000    1.0555481e-14 
8.930000    1.0553191e-14 
8.938000    1.0550906e-14 
8.946000    1.0548625e-14 
8.954000    1.0546348e-14 
8.962000    1.0544075e-14 
8.970000    1.0541806e-14 
8.978000    1.0539541e-14 
8.986000    1.0537280e-14 
8.994000    1.0535023e-14 
9.002000    1.0532770e-14 
9.010000    1.0530522e-14 
9.018000    1.0528277e-14 
9.026000    1.0526036e-14 
9.034000    1.0523799e-14 
9.042000    1.0521566e-14 
9.050000    1.0519337e-14 
9.058000    1.0517112e-14 
9.066000    1.0514891e-14 
9.074000    1.0512674e-14 
9.082000    1.0510460e-14 
9.090000    1.0508251e-14 
9.098000    1.0506045e-14 
9.106000    1.0503844e-14 
9.114000    1.0501646e-14 
9.122000    1.0499452e-14 
9.130000    1.0497262e-14 
9.138000    1.0495076e-14 
9.146000    1.0492893e-14 
9.154000    1.0490714e-14 
9.162000    1.0488540e-14 
9.170000    1.0486369e-14 
9.178000    1.0484201e-14 
9.186000    1.0482038e-14 
9.194000    1.0479878e-14 
9.202000    1.0477722e-14 
9.210000    1.0475570e-14 
9.218000    1.0473422e-14 
9.226000    1.0471277e-14 
9.234000    1.0469136e-14 
9.242000    1.0466998e-14 
9.250000    1.0464865e-14 
9.258000    1.0462735e-14 
9.266000    1.0460609e-14 
9.274000    1.0458486e-14 
9.282000    1.0456367e-14 
9.290000    1.0454252e-14 
9.298000    1.0452140e-14 
9.306000    1.0450032e-14 
9.314000    1.0447928e-14 
9.322000    1.0445827e-14 
9.330000    1.0443730e-14 
9.338000    1.0441636e-14 
9.346000    1.0439546e-14 
9.354000    1.0437460e-14 
9.362000    1.0435377e-14 
9.370000    1.0433298e-14 
9.378000    1.0431222e-14 
9.386000    1.0429150e-14 
9.394000    1.0427081e-14 
9.402000    1.0425016e-14 
9.410000    1.0422954e-14 
9.418000    1.0420896e-14 
9.426000    1.0418842e-14 
9.434000    1.0416790e-14 
9.442000    1.0414743e-14 
9.450000    1.0412698e-14 
9.458000    1.0410658e-14 
9.466000    1.0408620e-14 
9.474000    1.0406586e-14 
9.482000    1.0404556e-14 
9.490000    1.0402529e-14 
9.498000    1.0400505e-14 
9.506000    1.0398485e-14 
9.514000    1.0396468e-14 
9.522000    1.0394455e-14 
9.530000    1.0392445e-14 
9.538000    1.0390438e-14 
9.546000    1.0388435e-14 
9.554000    1.0386435e-14 
9.562000    1.0384438e-14 
9.570000    1.0382445e-14 
9.578000    1.0380455e-14 
9.586000    1.0378469e-14 
9.594000    1.0376485e-14 
9.602000    1.0374505e-14 
9.610000    1.0372529e-14 
9.618000    1.0370555e-14 
9.626000    1.0368585e-14 
9.634000    1.0366618e-14 
9.642000    1.0364655e-14 
9.650000    1.0362694e-14 
9.658000    1.0360737e-14 
9.666000    1.0358783e-14 
9.674000    1.0356833e-14 
9.682000    1.0354885e-14 
9.690000    1.0352941e-14 
9.698000    1.0351000e-14 
9.706000    1.0349062e-14 
9.714000    1.0347128e-14 
9.722000    1.0345196e-14 
9.730000    1.0343268e-14 
9.738000    1.0341343e-14 
9.746000    1.0339421e-14 
9.754000    1.0337503e-14 
9.762000    1.0335587e-14 
9.770000    1.0333675e-14 
9.778000    1.0331765e-14 
9.786000    1.0329859e-14 
9.794000    1.0327956e-14 
9.802000    1.0326056e-14 
9.810000    1.0324159e-14 
9.818000    1.0322265e-14 
9.826000    1.0320375e-14 
9.834000    1.0318487e-14 
9.842000    1.0316602e-14 
9.850000    1.0314721e-14 
9.858000    1.0312842e-14 
9.866000    1.0310967e-14 
9.874000    1.0309095e-14 
9.882000    1.0307225e-14 
9.890000    1.0305359e-14 
9.898000    1.0303496e-14 
9.906000    1.0301635e-14 
9.914000    1.0299778e-14 
9.922000    1.0297924e-14 
9.930000    1.0296073e-14 
9.938000    1.0294224e-14 
9.946000    1.0292379e-14 
9.954000    1.0290536e-14 
9.962000    1.0288697e-14 
9.970000    1.0286861e-14 
9.978000    1.0285027e-14 
9.986000    1.0283196e-14 
9.994000    1.0281369e-14 
10.002000    1.0279544e-14 
10.010000    1.0277722e-14 
10.018000    1.0275903e-14 
10.026000    1.0274087e-14 
10.034000    1.0272274e-14 
10.042000    1.0270464e-14 
10.050000    1.0268657e-14 
10.058000    1.0266852e-14 
10.066000    1.0265051e-14 
10.074000    1.0263252e-14 
10.082000    1.0261456e-14 
10.090000    1.0259663e-14 
10.098000    1.0257873e-14 
10.106000    1.0256085e-14 
10.114000    1.0254301e-14 
10.122000    1.0252519e-14 
10.130000    1.0250740e-14 
10.138000    1.0248964e-14 
10.146000    1.0247191e-14 
10.154000    1.0245421e-14 
10.162000    1.0243653e-14 
10.170000    1.0241888e-14 
10.178000    1.0240126e-14 
10.186000    1.0238366e-14 
10.194000    1.0236610e-14 
10.202000    1.0234856e-14 
10.210000    1.0233105e-14 
10.218000    1.0231356e-14 
10.226000    1.0229611e-14 
10.234000    1.0227868e-14 
10.242000    1.0226128e-14 
10.250000    1.0224390e-14 
10.258000    1.0222655e-14 
10.266000    1.0220923e-14 
10.274000    1.0219194e-14 
10.282000    1.0217467e-14 
10.290000    1.0215743e-14 
10.298000    1.0214022e-14 
10.306000    1.0212304e-14 
10.314000    1.0210588e-14 
10.322000    1.0208874e-14 
10.330000    1.0207164e-14 
10.338000    1.0205456e-14 
10.346000    1.0203750e-14 
10.354000    1.0202048e-14 
10.362000    1.0200347e-14 
10.370000    1.0198650e-14 
10.378000    1.0196955e-14 
10.386000    1.0195263e-14 
10.394000    1.0193573e-14 
10.402000    1.0191886e-14 
10.410000    1.0190202e-14 
10.418000    1.0188520e-14 
10.426000    1.0186841e-14 
10.434000    1.0185164e-14 
10.442000    1.0183490e-14 
10.450000    1.0181818e-14 
10.458000    1.0180149e-14 
10.466000    1.0178483e-14 
10.474000    1.0176819e-14 
10.482000    1.0175157e-14 
10.490000    1.0173499e-14 
10.498000    1.0171842e-14 
10.506000    1.0170188e-14 
10.514000    1.0168537e-14 
10.522000    1.0166888e-14 
10.530000    1.0165242e-14 
10.538000    1.0163598e-14 
10.546000    1.0161957e-14 
10.554000    1.0160318e-14 
10.562000    1.0158682e-14 
10.570000    1.0157048e-14 
10.578000    1.0155417e-14 
10.586000    1.0153788e-14 
10.594000    1.0152162e-14 
10.602000    1.0150538e-14 
10.610000    1.0148916e-14 
10.618000    1.0147297e-14 
10.626000    1.0145680e-14 
10.634000    1.0144066e-14 
10.642000    1.0142454e-14 
10.650000    1.0140845e-14 
10.658000    1.0139238e-14 
10.666000    1.0137634e-14 
10.674000    1.0136031e-14 
10.682000    1.0134432e-14 
10.690000    1.0132834e-14 
10.698000    1.0131239e-14 
10.706000    1.0129647e-14 
10.714000    1.0128057e-14 
10.722000    1.0126469e-14 
10.730000    1.0124884e-14 
10.738000    1.0123300e-14 
10.746000    1.0121720e-14 
10.754000    1.0120141e-14 
10.762000    1.0118565e-14 
10.770000    1.0116992e-14 
10.778000    1.0115420e-14 
10.786000    1.0113851e-14 
10.794000    1.0112285e-14 
10.802000    1.0110720e-14 
10.810000    1.0109158e-14 
10.818000    1.0107598e-14 
10.826000    1.0106041e-14 
10.834000    1.0104486e-14 
10.842000    1.0102933e-14 
10.850000    1.0101382e-14 
10.858000    1.0099834e-14 
10.866000    1.0098288e-14 
10.874000    1.0096745e-14 
10.882000    1.0095203e-14 
10.890000    1.0093664e-14 
10.898000    1.0092127e-14 
10.906000    1.0090592e-14 
10.914000    1.0089060e-14 
10.922000    1.0087530e-14 
10.930000    1.0086002e-14 
10.938000    1.0084476e-14 
10.946000    1.0082953e-14 
10.954000    1.0081431e-14 
10.962000    1.0079912e-14 
10.970000    1.0078396e-14 
10.978000    1.0076881e-14 
10.986000    1.0075369e-14 
10.994000    1.0073858e-14 
11.002000    1.0072350e-14 
11.010000    1.0070845e-14 
11.018000    1.0069341e-14 
11.026000    1.0067840e-14 
11.034000    1.0066340e-14 
11.042000    1.0064843e-14 
11.050000    1.0063348e-14 
11.058000    1.0061856e-14 
11.066000    1.0060365e-14 
11.074000    1.0058877e-14 
11.082000    1.0057390e-14 
11.090000    1.0055906e-14 
11.098000    1.0054424e-14 
11.106000    1.0052944e-14 
11.114000    1.0051467e-14 
11.122000    1.0049991e-14 
11.130000    1.0048518e-14 
11.138000    1.0047046e-14 
11.146000    1.0045577e-14 
11.154000    1.0044110e-14 
11.162000    1.0042645e-14 
11.170000    1.0041182e-14 
11.178000    1.0039721e-14 
11.186000    1.0038262e-14 
11.194000    1.0036805e-14 
11.202000    1.0035351e-14 
11.210000    1.0033898e-14 
11.218000    1.0032448e-14 
11.226000    1.0030999e-14 
11.234000    1.0029553e-14 
11.242000    1.0028109e-14 
11.250000    1.0026667e-14 
11.258000    1.0025227e-14 
11.266000    1.0023788e-14 
11.274000    1.0022352e-14 
11.282000    1.0020918e-14 
11.290000    1.0019486e-14 
11.298000    1.0018056e-14 
11.306000    1.0016628e-14 
11.314000    1.0015202e-14 
11.322000    1.0013778e-14 
11.330000    1.0012357e-14 
11.338000    1.0010937e-14 
11.346000    1.0009519e-14 
11.354000    1.0008103e-14 
11.362000    1.0006689e-14 
11.370000    1.0005277e-14 
11.378000    1.0003867e-14 
11.386000    1.0002459e-14 
11.394000    1.0001053e-14 
11.402000    9.9996492e-15 
11.410000    9.9982472e-15 
11.418000    9.9968471e-15 
11.426000    9.9954490e-15 
11.434000    9.9940528e-15 
11.442000    9.9926586e-15 
11.450000    9.9912664e-15 
11.458000    9.9898761e-15 
11.466000    9.9884877e-15 
11.474000    9.9871013e-15 
11.482000    9.9857168e-15 
11.490000    9.9843342e-15 
11.498000    9.9829536e-15 
11.506000    9.9815748e-15 
11.514000    9.9801980e-15 
11.522000    9.9788231e-15 
11.530000    9.9774501e-15 
11.538000    9.9760790e-15 
11.546000    9.9747099e-15 
11.554000    9.9733426e-15 
11.562000    9.9719772e-15 
11.570000    9.9706137e-15 
11.578000    9.9692520e-15 
11.586000    9.9678923e-15 
11.594000    9.9665344e-15 
11.602000    9.9651784e-15 
11.610000    9.9638243e-15 
11.618000    9.9624720e-15 
11.626000    9.9611216e-15 
11.634000    9.9597731e-15 
11.642000    9.9584264e-15 
11.650000    9.9570815e-15 
11.658000    9.9557385e-15 
11.666000    9.9543974e-15 
11.674000    9.9530581e-15 
11.682000    9.9517206e-15 
11.690000    9.9503849e-15 
11.698000    9.9490511e-15 
11.706000    9.9477191e-15 
11.714000    9.9463889e-15 
11.722000    9.9450606e-15 
11.730000    9.9437340e-15 
11.738000    9.9424093e-15 
11.746000    9.9410863e-15 
11.754000    9.9397652e-15 
11.762000    9.9384458e-15 
11.770000    9.9371283e-15 
11.778000    9.9358125e-15 
11.786000    9.9344986e-15 
11.794000    9.9331864e-15 
11.802000    9.9318760e-15 
11.810000    9.9305673e-15 
11.818000    9.9292605e-15 
11.826000    9.9279554e-15 
11.834000    9.9266520e-15 
11.842000    9.9253504e-15 
11.850000    9.9240506e-15 
11.858000    9.9227526e-15 
11.866000    9.9214563e-15 
11.874000    9.9201617e-15 
11.882000    9.9188689e-15 
11.890000    9.9175778e-15 
11.898000    9.9162885e-15 
11.906000    9.9150008e-15 
11.914000    9.9137150e-15 
11.922000    9.9124308e-15 
11.930000    9.9111484e-15 
11.938000    9.9098676e-15 
11.946000    9.9085886e-15 
11.954000    9.9073114e-15 
11.962000    9.9060358e-15 
11.970000    9.9047619e-15 
11.978000    9.9034897e-15 
11.986000    9.9022193e-15 
11.994000    9.9009505e-15 
12.002000    9.8996834e-15 
12.010000    9.8984180e-15 
12.018000    9.8971543e-15 
12.026000    9.8958922e-15 
12.034000    9.8946319e-15 
12.042000    9.8933732e-15 
12.050000    9.8921162e-15 
12.058000    9.8908608e-15 
12.066000    9.8896072e-15 
12.074000    9.8883551e-15 
12.082000    9.8871048e-15 
12.090000    9.8858561e-15 
12.098000    9.8846090e-15 
12.106000    9.8833636e-15 
12.114000    9.8821199e-15 
12.122000    9.8808777e-15 
12.130000    9.8796373e-15 
12.138000    9.8783984e-15 
12.146000    9.8771612e-15 
12.154000    9.8759256e-15 
12.162000    9.8746917e-15 
12.170000    9.8734593e-15 
12.178000    9.8722286e-15 
12.186000    9.8709995e-15 
12.194000    9.8697720e-15 
12.202000    9.8685461e-15 
12.210000    9.8673219e-15 
12.218000    9.8660992e-15 
12.226000    9.8648781e-15 
12.234000    9.8636587e-15 
12.242000    9.8624408e-15 
12.250000    9.8612245e-15 
12.258000    9.8600098e-15 
12.266000    9.8587967e-15 
12.274000    9.8575851e-15 
12.282000    9.8563752e-15 
12.290000    9.8551668e-15 
12.298000    9.8539600e-15 
12.306000    9.8527548e-15 
12.314000    9.8515511e-15 
12.322000    9.8503490e-15 
12.330000    9.8491484e-15 
12.338000    9.8479494e-15 
12.346000    9.8467520e-15 
12.354000    9.8455561e-15 
12.362000    9.8443618e-15 
12.370000    9.8431690e-15 
12.378000    9.8419777e-15 
12.386000    9.8407880e-15 
12.394000    9.8395998e-15 
12.402000    9.8384132e-15 
12.410000    9.8372280e-15 
12.418000    9.8360445e-15 
12.426000    9.8348624e-15 
12.434000    9.8336818e-15 
12.442000    9.8325028e-15 
12.450000    9.8313253e-15 
12.458000    9.8301493e-15 
12.466000    9.8289748e-15 
12.474000    9.8278018e-15 
12.482000    9.8266303e-15 
12.490000    9.8254604e-15 
12.498000    9.8242919e-15 
12.506000    9.8231249e-15 
12.514000    9.8219594e-15 
12.522000    9.8207954e-15 
12.530000    9.8196329e-15 
12.538000    9.8184718e-15 
12.546000    9.8173123e-15 
12.554000    9.8161542e-15 
12.562000    9.8149976e-15 
12.570000    9.8138425e-15 
12.578000    9.8126888e-15 
12.586000    9.8115366e-15 
12.594000    9.8103859e-15 
12.602000    9.8092366e-15 
12.610000    9.8080888e-15 
12.618000    9.8069425e-15 
12.626000    9.8057976e-15 
12.634000    9.8046541e-15 
12.642000    9.8035121e-15 
12.650000    9.8023715e-15 
12.658000    9.8012324e-15 
12.666000    9.8000947e-15 
12.674000    9.7989585e-15 
12.682000    9.7978237e-15 
12.690000    9.7966903e-15 
12.698000    9.7955584e-15 
12.706000    9.7944278e-15 
12.714000    9.7932987e-15 
12.722000    9.7921710e-15 
12.730000    9.7910448e-15 
12.738000    9.7899199e-15 
12.746000    9.7887965e-15 
12.754000    9.7876745e-15 
12.762000    9.7865538e-15 
12.770000    9.7854346e-15 
12.778000    9.7843168e-15 
12.786000    9.7832004e-15 
12.794000    9.7820854e-15 
12.802000    9.7809717e-15 
12.810000    9.7798595e-15 
12.818000    9.7787486e-15 
12.826000    9.7776392e-15 
12.834000    9.7765311e-15 
12.842000    9.7754244e-15 
12.850000    9.7743191e-15 
12.858000    9.7732151e-15 
12.866000    9.7721125e-15 
12.874000    9.7710113e-15 
12.882000    9.7699115e-15 
12.890000    9.7688130e-15 
12.898000    9.7677159e-15 
12.906000    9.7666202e-15 
12.914000    9.7655258e-15 
12.922000    9.7644328e-15 
12.930000    9.7633411e-15 
12.938000    9.7622507e-15 
12.946000    9.7611617e-15 
12.954000    9.7600741e-15 
12.962000    9.7589878e-15 
12.970000    9.7579029e-15 
12.978000    9.7568192e-15 
12.986000    9.7557369e-15 
12.994000    9.7546560e-15 
13.002000    9.7535764e-15 
13.010000    9.7524981e-15 
13.018000    9.7514211e-15 
13.026000    9.7503455e-15 
13.034000    9.7492711e-15 
13.042000    9.7481981e-15 
13.050000    9.7471264e-15 
13.058000    9.7460561e-15 
13.066000    9.7449870e-15 
13.074000    9.7439192e-15 
13.082000    9.7428528e-15 
13.090000    9.7417876e-15 
13.098000    9.7407238e-15 
13.106000    9.7396612e-15 
13.114000    9.7386000e-15 
13.122000    9.7375400e-15 
13.130000    9.7364813e-15 
13.138000    9.7354240e-15 
13.146000    9.7343679e-15 
13.154000    9.7333131e-15 
13.162000    9.7322595e-15 
13.170000    9.7312073e-15 
13.178000    9.7301563e-15 
13.186000    9.7291066e-15 
13.194000    9.7280582e-15 
13.202000    9.7270111e-15 
13.210000    9.7259652e-15 
13.218000    9.7249206e-15 
13.226000    9.7238772e-15 
13.234000    9.7228351e-15 
13.242000    9.7217943e-15 
13.250000    9.7207547e-15 
13.258000    9.7197164e-15 
13.266000    9.7186793e-15 
13.274000    9.7176435e-15 
13.282000    9.7166089e-15 
13.290000    9.7155756e-15 
13.298000    9.7145435e-15 
13.306000    9.7135127e-15 
13.314000    9.7124831e-15 
13.322000    9.7114547e-15 
13.330000    9.7104276e-15 
13.338000    9.7094017e-15 
13.346000    9.7083770e-15 
13.354000    9.7073536e-15 
13.362000    9.7063314e-15 
13.370000    9.7053104e-15 
13.378000    9.7042906e-15 
13.386000    9.7032721e-15 
13.394000    9.7022547e-15 
13.402000    9.7012386e-15 
13.410000    9.7002237e-15 
13.418000    9.6992100e-15 
13.426000    9.6981975e-15 
13.434000    9.6971862e-15 
13.442000    9.6961762e-15 
13.450000    9.6951673e-15 
13.458000    9.6941596e-15 
13.466000    9.6931531e-15 
13.474000    9.6921478e-15 
13.482000    9.6911437e-15 
13.490000    9.6901408e-15 
13.498000    9.6891391e-15 
13.506000    9.6881386e-15 
13.514000    9.6871393e-15 
13.522000    9.6861411e-15 
13.530000    9.6851441e-15 
13.538000    9.6841483e-15 
13.546000    9.6831537e-15 
13.554000    9.6821602e-15 
13.562000    9.6811680e-15 
13.570000    9.6801769e-15 
13.578000    9.6791869e-15 
13.586000    9.6781981e-15 
13.594000    9.6772105e-15 
13.602000    9.6762241e-15 
13.610000    9.6752388e-15 
13.618000    9.6742547e-15 
13.626000    9.6732717e-15 
13.634000    9.6722899e-15 
13.642000    9.6713092e-15 
13.650000    9.6703297e-15 
13.658000    9.6693513e-15 
13.666000    9.6683741e-15 
13.674000    9.6673980e-15 
13.682000    9.6664230e-15 
13.690000    9.6654492e-15 
13.698000    9.6644766e-15 
13.706000    9.6635050e-15 
13.714000    9.6625346e-15 
13.722000    9.6615654e-15 
13.730000    9.6605972e-15 
13.738000    9.6596302e-15 
13.746000    9.6586643e-15 
13.754000    9.6576996e-15 
13.762000    9.6567359e-15 
13.770000    9.6557734e-15 
13.778000    9.6548120e-15 
13.786000    9.6538517e-15 
13.794000    9.6528926e-15 
13.802000    9.6519345e-15 
13.810000    9.6509776e-15 
13.818000    9.6500217e-15 
13.826000    9.6490670e-15 
13.834000    9.6481133e-15 
13.842000    9.6471608e-15 
13.850000    9.6462094e-15 
13.858000    9.6452591e-15 
13.866000    9.6443098e-15 
13.874000    9.6433617e-15 
13.882000    9.6424146e-15 
13.890000    9.6414687e-15 
13.898000    9.6405238e-15 
13.906000    9.6395800e-15 
13.914000    9.6386373e-15 
13.922000    9.6376957e-15 
13.930000    9.6367552e-15 
13.938000    9.6358158e-15 
13.946000    9.6348774e-15 
13.954000    9.6339401e-15 
13.962000    9.6330039e-15 
13.970000    9.6320687e-15 
13.978000    9.6311346e-15 
13.986000    9.6302016e-15 
13.994000    9.6292697e-15 
14.002000    9.6283388e-15 
14.010000    9.6274090e-15 
14.018000    9.6264802e-15 
14.026000    9.6255525e-15 
14.034000    9.6246259e-15 
14.042000    9.6237003e-15 
14.050000    9.6227758e-15 
14.058000    9.6218523e-15 
14.066000    9.6209299e-15 
14.074000    9.6200085e-15 
14.082000    9.6190882e-15 
14.090000    9.6181689e-15 
14.098000    9.6172507e-15 
14.106000    9.6163335e-15 
14.114000    9.6154173e-15 
14.122000    9.6145022e-15 
14.130000    9.6135881e-15 
14.138000    9.6126751e-15 
14.146000    9.6117630e-15 
14.154000    9.6108521e-15 
14.162000    9.6099421e-15 
14.170000    9.6090332e-15 
14.178000    9.6081253e-15 
14.186000    9.6072184e-15 
14.194000    9.6063125e-15 
14.202000    9.6054077e-15 
14.210000    9.6045039e-15 
14.218000    9.6036011e-15 
14.226000    9.6026993e-15 
14.234000    9.6017985e-15 
14.242000    9.6008988e-15 
14.250000    9.6000000e-15 
14.258000    9.5991023e-15 
14.266000    9.5982055e-15 
14.274000    9.5973098e-15 
14.282000    9.5964151e-15 
14.290000    9.5955213e-15 
14.298000    9.5946286e-15 
14.306000    9.5937369e-15 
14.314000    9.5928462e-15 
14.322000    9.5919564e-15 
14.330000    9.5910677e-15 
14.338000    9.5901799e-15 
14.346000    9.5892932e-15 
14.354000    9.5884074e-15 
14.362000    9.5875226e-15 
14.370000    9.5866388e-15 
14.378000    9.5857560e-15 
14.386000    9.5848742e-15 
14.394000    9.5839933e-15 
14.402000    9.5831135e-15 
14.410000    9.5822346e-15 
14.418000    9.5813566e-15 
14.426000    9.5804797e-15 
14.434000    9.5796037e-15 
14.442000    9.5787287e-15 
14.450000    9.5778547e-15 
14.458000    9.5769816e-15 
14.466000    9.5761095e-15 
14.474000    9.5752384e-15 
14.482000    9.5743682e-15 
14.490000    9.5734990e-15 
14.498000    9.5726307e-15 
14.506000    9.5717634e-15 
14.514000    9.5708971e-15 
14.522000    9.5700317e-15 
14.530000    9.5691672e-15 
14.538000    9.5683038e-15 
14.546000    9.5674412e-15 
14.554000    9.5665796e-15 
14.562000    9.5657190e-15 
14.570000    9.5648593e-15 
14.578000    9.5640005e-15 
14.586000    9.5631427e-15 
14.594000    9.5622859e-15 
14.602000    9.5614299e-15 
14.610000    9.5605749e-15 
14.618000    9.5597209e-15 
14.626000    9.5588678e-15 
14.634000    9.5580156e-15 
14.642000    9.5571643e-15 
14.650000    9.5563140e-15 
14.658000    9.5554646e-15 
14.666000    9.5546161e-15 
14.674000    9.5537686e-15 
14.682000    9.5529219e-15 
14.690000    9.5520762e-15 
14.698000    9.5512315e-15 
14.706000    9.5503876e-15 
14.714000    9.5495447e-15 
14.722000    9.5487026e-15 
14.730000    9.5478615e-15 
14.738000    9.5470213e-15 
14.746000    9.5461820e-15 
14.754000    9.5453436e-15 
14.762000    9.5445062e-15 
14.770000    9.5436696e-15 
14.778000    9.5428339e-15 
14.786000    9.5419992e-15 
14.794000    9.5411653e-15 
14.802000    9.5403324e-15 
14.810000    9.5395003e-15 
14.818000    9.5386692e-15 
14.826000    9.5378389e-15 
14.834000    9.5370096e-15 
14.842000    9.5361811e-15 
14.850000    9.5353535e-15 
14.858000    9.5345269e-15 
14.866000    9.5337011e-15 
14.874000    9.5328762e-15 
14.882000    9.5320521e-15 
14.890000    9.5312290e-15 
14.898000    9.5304068e-15 
14.906000    9.5295854e-15 
14.914000    9.5287649e-15 
14.922000    9.5279453e-15 
14.930000    9.5271266e-15 
14.938000    9.5263087e-15 
14.946000    9.5254918e-15 
14.954000    9.5246757e-15 
14.962000    9.5238604e-15 
14.970000    9.5230461e-15 
14.978000    9.5222326e-15 
14.986000    9.5214200e-15 
14.994000    9.5206082e-15 
15.002000    9.5197974e-15 
15.010000    9.5189873e-15 
15.018000    9.5181782e-15 
15.026000    9.5173699e-15 
15.034000    9.5165625e-15 
15.042000    9.5157559e-15 
15.050000    9.5149502e-15 
15.058000    9.5141453e-15 
15.066000    9.5133413e-15 
15.074000    9.5125381e-15 
15.082000    9.5117358e-15 
15.090000    9.5109344e-15 
15.098000    9.5101338e-15 
15.106000    9.5093340e-15 
15.114000    9.5085351e-15 
15.122000    9.5077371e-15 
15.130000    9.5069399e-15 
15.138000    9.5061435e-15 
15.146000    9.5053479e-15 
15.154000    9.5045533e-15 
15.162000    9.5037594e-15 
15.170000    9.5029664e-15 
15.178000    9.5021742e-15 
15.186000    9.5013829e-15 
15.194000    9.5005923e-15 
15.202000    9.4998027e-15 
15.210000    9.4990138e-15 
15.218000    9.4982258e-15 
15.226000    9.4974386e-15 
15.234000    9.4966522e-15 
15.242000    9.4958667e-15 
15.250000    9.4950820e-15 
15.258000    9.4942981e-15 
15.266000    9.4935150e-15 
15.274000    9.4927327e-15 
15.282000    9.4919513e-15 
15.290000    9.4911707e-15 
15.298000    9.4903909e-15 
15.306000    9.4896119e-15 
15.314000    9.4888337e-15 
15.322000    9.4880564e-15 
15.330000    9.4872798e-15 
15.338000    9.4865041e-15 
15.346000    9.4857292e-15 
15.354000    9.4849551e-15 
15.362000    9.4841817e-15 
15.370000    9.4834092e-15 
15.378000    9.4826375e-15 
15.386000    9.4818666e-15 
15.394000    9.4810965e-15 
15.402000    9.4803272e-15 
15.410000    9.4795587e-15 
15.418000    9.4787910e-15 
15.426000    9.4780241e-15 
15.434000    9.4772580e-15 
15.442000    9.4764927e-15 
15.450000    9.4757282e-15 
15.458000    9.4749644e-15 
15.466000    9.4742015e-15 
15.474000    9.4734393e-15 
15.482000    9.4726779e-15 
15.490000    9.4719174e-15 
15.498000    9.4711576e-15 
15.506000    9.4703986e-15 
15.514000    9.4696403e-15 
15.522000    9.4688829e-15 
15.530000    9.4681262e-15 
15.538000    9.4673703e-15 
15.546000    9.4666152e-15 
15.554000    9.4658609e-15 
15.562000    9.4651073e-15 
15.570000    9.4643545e-15 
15.578000    9.4636025e-15 
15.586000    9.4628513e-15 
15.594000    9.4621008e-15 
15.602000    9.4613511e-15 
15.610000    9.4606022e-15 
15.618000    9.4598540e-15 
15.626000    9.4591066e-15 
15.634000    9.4583600e-15 
15.642000    9.4576141e-15 
15.650000    9.4568690e-15 
15.658000    9.4561247e-15 
15.666000    9.4553811e-15 
15.674000    9.4546383e-15 
15.682000    9.4538962e-15 
15.690000    9.4531549e-15 
15.698000    9.4524143e-15 
15.706000    9.4516745e-15 
15.714000    9.4509355e-15 
15.722000    9.4501972e-15 
15.730000    9.4494596e-15 
15.738000    9.4487228e-15 
15.746000    9.4479868e-15 
15.754000    9.4472515e-15 
15.762000    9.4465169e-15 
15.770000    9.4457831e-15 
15.778000    9.4450501e-15 
15.786000    9.4443177e-15 
15.794000    9.4435862e-15 
15.802000    9.4428553e-15 
15.810000    9.4421252e-15 
15.818000    9.4413959e-15 
15.826000    9.4406673e-15 
15.834000    9.4399394e-15 
15.842000    9.4392122e-15 
15.850000    9.4384858e-15 
15.858000    9.4377601e-15 
15.866000    9.4370352e-15 
15.874000    9.4363109e-15 
15.882000    9.4355875e-15 
15.890000    9.4348647e-15 
15.898000    9.4341427e-15 
15.906000    9.4334214e-15 
15.914000    9.4327008e-15 
15.922000    9.4319809e-15 
15.930000    9.4312618e-15 
15.938000    9.4305434e-15 
15.946000    9.4298257e-15 
15.954000    9.4291087e-15 
15.962000    9.4283924e-15 
15.970000    9.4276769e-15 
15.978000    9.4269621e-15 
15.986000    9.4262480e-15 
15.994000    9.4255346e-15 
16.002000    9.4248219e-15 
