0.190000    0.0000000e+00 
0.212405    8.7975000e-20 
0.234810    0.0000000e+00 
0.257215    0.0000000e+00 
0.279620    0.0000000e+00 
0.302025    0.0000000e+00 
0.324430    1.8384500e-17 
0.346835    6.5673750e-18 
0.369240    0.0000000e+00 
0.391645    0.0000000e+00 
0.414050    0.0000000e+00 
0.436455    0.0000000e+00 
0.458860    7.5195000e-17 
0.481265    0.0000000e+00 
0.503670    0.0000000e+00 
0.526075    0.0000000e+00 
0.548480    0.0000000e+00 
0.570885    1.7681375e-16 
0.593290    0.0000000e+00 
0.615695    0.0000000e+00 
0.638100    0.0000000e+00 
0.660505    0.0000000e+00 
0.682910    4.8015000e-17 
0.705315    3.8651250e-17 
0.727720    0.0000000e+00 
0.750125    0.0000000e+00 
0.772530    0.0000000e+00 
0.794935    4.9350000e-17 
0.817340    1.3300000e-17 
0.839745    0.0000000e+00 
0.862150    0.0000000e+00 
0.884555    0.0000000e+00 
0.906960    4.1760000e-17 
0.929365    1.9050000e-18 
0.951770    0.0000000e+00 
0.974175    0.0000000e+00 
0.996580    0.0000000e+00 
1.018985    0.0000000e+00 
1.041390    1.2269250e-17 
1.063795    0.0000000e+00 
1.086200    0.0000000e+00 
1.108605    0.0000000e+00 
1.131010    1.1362500e-18 
1.153415    3.7040625e-18 
1.175820    0.0000000e+00 
1.198225    0.0000000e+00 
1.220630    0.0000000e+00 
1.243035    4.0291875e-18 
1.265440    0.0000000e+00 
1.287845    0.0000000e+00 
1.310250    0.0000000e+00 
1.332655    0.0000000e+00 
1.355060    1.2325500e-18 
1.377465    0.0000000e+00 
1.399870    0.0000000e+00 
1.422275    0.0000000e+00 
1.444680    2.5740000e-19 
1.467085    8.0162500e-20 
1.489490    0.0000000e+00 
1.511895    0.0000000e+00 
1.534300    0.0000000e+00 
1.556705    1.2630250e-19 
1.579110    0.0000000e+00 
1.601515    0.0000000e+00 
1.623920    0.0000000e+00 
1.646325    4.8975000e-20 
1.668730    3.8100000e-21 
1.691135    0.0000000e+00 
1.713540    0.0000000e+00 
1.735945    0.0000000e+00 
1.758350    0.0000000e+00 
1.780755    0.0000000e+00 
1.803160    0.0000000e+00 
1.825565    0.0000000e+00 
1.847970    0.0000000e+00 
1.870375    0.0000000e+00 
1.892780    0.0000000e+00 
1.915185    0.0000000e+00 
1.937590    0.0000000e+00 
1.959995    0.0000000e+00 
1.982400    0.0000000e+00 
2.004805    0.0000000e+00 
2.027210    0.0000000e+00 
2.049615    0.0000000e+00 
2.072020    0.0000000e+00 
2.094425    0.0000000e+00 
2.116830    0.0000000e+00 
2.139235    0.0000000e+00 
2.161640    0.0000000e+00 
2.184045    0.0000000e+00 
2.206450    0.0000000e+00 
2.228855    0.0000000e+00 
2.251260    0.0000000e+00 
2.273665    0.0000000e+00 
2.296070    0.0000000e+00 
2.318475    0.0000000e+00 
2.340880    0.0000000e+00 
2.363285    0.0000000e+00 
2.385690    0.0000000e+00 
2.408095    0.0000000e+00 
2.430500    0.0000000e+00 
2.452905    0.0000000e+00 
2.475310    0.0000000e+00 
2.497715    0.0000000e+00 
2.520120    0.0000000e+00 
2.542525    0.0000000e+00 
2.564930    0.0000000e+00 
2.587335    0.0000000e+00 
2.609740    0.0000000e+00 
2.632145    0.0000000e+00 
2.654550    0.0000000e+00 
2.676955    0.0000000e+00 
2.699360    0.0000000e+00 
2.721765    0.0000000e+00 
2.744170    0.0000000e+00 
2.766575    0.0000000e+00 
2.788980    0.0000000e+00 
2.811385    0.0000000e+00 
2.833790    0.0000000e+00 
2.856195    0.0000000e+00 
2.878600    0.0000000e+00 
2.901005    0.0000000e+00 
2.923410    0.0000000e+00 
2.945815    0.0000000e+00 
2.968220    0.0000000e+00 
2.990625    0.0000000e+00 
3.013030    0.0000000e+00 
3.035435    0.0000000e+00 
3.057840    0.0000000e+00 
3.080245    0.0000000e+00 
3.102650    0.0000000e+00 
3.125055    0.0000000e+00 
3.147460    0.0000000e+00 
3.169865    0.0000000e+00 
3.192270    0.0000000e+00 
3.214675    0.0000000e+00 
3.237080    0.0000000e+00 
3.259485    0.0000000e+00 
3.281890    0.0000000e+00 
3.304295    0.0000000e+00 
3.326700    0.0000000e+00 
3.349105    0.0000000e+00 
3.371510    0.0000000e+00 
3.393915    0.0000000e+00 
3.416320    0.0000000e+00 
3.438725    0.0000000e+00 
3.461130    0.0000000e+00 
3.483535    0.0000000e+00 
3.505940    0.0000000e+00 
3.528345    0.0000000e+00 
3.550750    0.0000000e+00 
3.573155    0.0000000e+00 
3.595560    0.0000000e+00 
3.617965    0.0000000e+00 
3.640370    0.0000000e+00 
3.662775    0.0000000e+00 
3.685180    0.0000000e+00 
3.707585    0.0000000e+00 
3.729990    0.0000000e+00 
3.752395    0.0000000e+00 
3.774800    0.0000000e+00 
3.797205    0.0000000e+00 
3.819610    0.0000000e+00 
3.842015    0.0000000e+00 
3.864420    0.0000000e+00 
3.886825    0.0000000e+00 
3.909230    0.0000000e+00 
3.931635    0.0000000e+00 
3.954040    0.0000000e+00 
3.976445    0.0000000e+00 
3.998850    0.0000000e+00 
4.021255    8.9271000e-20 
4.043660    1.8337200e-19 
4.066065    2.7747300e-19 
4.088470    3.7157400e-19 
4.110875    4.6567500e-19 
4.133280    5.5977600e-19 
4.155685    6.5387700e-19 
4.178090    7.4797800e-19 
4.200495    8.4207900e-19 
4.222900    9.3618000e-19 
4.245305    1.0302810e-18 
4.267710    1.1243820e-18 
4.290115    1.2184830e-18 
4.312520    1.3125840e-18 
4.334925    1.4066850e-18 
4.357330    1.5007860e-18 
4.379735    1.5948870e-18 
4.402140    1.6889880e-18 
4.424545    1.7830890e-18 
4.446950    1.8771900e-18 
4.469355    1.9712910e-18 
4.491760    2.0653920e-18 
4.514165    2.1594930e-18 
4.536570    2.2535940e-18 
4.558975    2.3476950e-18 
4.581380    2.4417960e-18 
4.603785    2.5358970e-18 
4.626190    2.6299980e-18 
4.648595    2.7240990e-18 
4.671000    2.8182000e-18 
4.693405    2.9123010e-18 
4.715810    3.0064020e-18 
4.738215    3.1005030e-18 
4.760620    3.1946040e-18 
4.783025    3.2887050e-18 
4.805430    3.3828060e-18 
4.827835    3.4769070e-18 
4.850240    3.5710080e-18 
4.872645    3.6651090e-18 
4.895050    3.7592100e-18 
4.917455    3.8533110e-18 
4.939860    3.9474120e-18 
4.962265    4.0415130e-18 
4.984670    4.1356140e-18 
5.007075    4.2410350e-18 
5.029480    4.3709840e-18 
5.051885    4.5009330e-18 
5.074290    4.6308820e-18 
5.096695    4.7608310e-18 
5.119100    4.8907800e-18 
5.141505    5.0207290e-18 
5.163910    5.1506780e-18 
5.186315    5.2806270e-18 
5.208720    5.4105760e-18 
5.231125    5.5405250e-18 
5.253530    5.6704740e-18 
5.275935    5.8004230e-18 
5.298340    5.9303720e-18 
5.320745    6.0603210e-18 
5.343150    6.1902700e-18 
5.365555    6.3202190e-18 
5.387960    6.4501680e-18 
5.410365    6.5801170e-18 
5.432770    6.7100660e-18 
5.455175    6.8400150e-18 
5.477580    6.9699640e-18 
5.499985    7.0999130e-18 
5.522390    7.2298620e-18 
5.544795    7.3598110e-18 
5.567200    7.4897600e-18 
5.589605    7.6197090e-18 
5.612010    7.7496580e-18 
5.634415    7.8796070e-18 
5.656820    8.0095560e-18 
5.679225    8.1395050e-18 
5.701630    8.2694540e-18 
5.724035    8.3994030e-18 
5.746440    8.5293520e-18 
5.768845    8.6593010e-18 
5.791250    8.7892500e-18 
5.813655    8.9191990e-18 
5.836060    9.0491480e-18 
5.858465    9.1790970e-18 
5.880870    9.3090460e-18 
5.903275    9.4389950e-18 
5.925680    9.5689440e-18 
5.948085    9.6988930e-18 
5.970490    9.8288420e-18 
5.992895    9.9587910e-18 
6.015300    1.0116280e-17 
6.037705    1.0286558e-17 
6.060110    1.0456836e-17 
6.082515    1.0627114e-17 
6.104920    1.0797392e-17 
6.127325    1.0967670e-17 
6.149730    1.1137948e-17 
6.172135    1.1308226e-17 
6.194540    1.1478504e-17 
6.216945    1.1648782e-17 
6.239350    1.1819060e-17 
6.261755    1.1989338e-17 
6.284160    1.2159616e-17 
6.306565    1.2329894e-17 
6.328970    1.2500172e-17 
6.351375    1.2670450e-17 
6.373780    1.2840728e-17 
6.396185    1.3011006e-17 
6.418590    1.3181284e-17 
6.440995    1.3351562e-17 
6.463400    1.3521840e-17 
6.485805    1.3692118e-17 
6.508210    1.3862396e-17 
6.530615    1.4032674e-17 
6.553020    1.4202952e-17 
6.575425    1.4373230e-17 
6.597830    1.4543508e-17 
6.620235    1.4713786e-17 
6.642640    1.4884064e-17 
6.665045    1.5054342e-17 
6.687450    1.5224620e-17 
6.709855    1.5394898e-17 
6.732260    1.5565176e-17 
6.754665    1.5735454e-17 
6.777070    1.5905732e-17 
6.799475    1.6076010e-17 
6.821880    1.6246288e-17 
6.844285    1.6416566e-17 
6.866690    1.6586844e-17 
6.889095    1.6757122e-17 
6.911500    1.6927400e-17 
6.933905    1.7097678e-17 
6.956310    1.7267956e-17 
6.978715    1.7438234e-17 
7.001120    1.7606160e-17 
7.023525    1.7729387e-17 
7.045930    1.7852615e-17 
7.068335    1.7975842e-17 
7.090740    1.8099070e-17 
7.113145    1.8222297e-17 
7.135550    1.8345525e-17 
7.157955    1.8468753e-17 
7.180360    1.8591980e-17 
7.202765    1.8715207e-17 
7.225170    1.8838435e-17 
7.247575    1.8961662e-17 
7.269980    1.9084890e-17 
7.292385    1.9208117e-17 
7.314790    1.9331345e-17 
7.337195    1.9454573e-17 
7.359600    1.9577800e-17 
7.382005    1.9701027e-17 
7.404410    1.9824255e-17 
7.426815    1.9947482e-17 
7.449220    2.0070710e-17 
7.471625    2.0193937e-17 
7.494030    2.0317165e-17 
7.516435    2.0440392e-17 
7.538840    2.0563620e-17 
7.561245    2.0686847e-17 
7.583650    2.0810075e-17 
7.606055    2.0933302e-17 
7.628460    2.1056530e-17 
7.650865    2.1179757e-17 
7.673270    2.1302985e-17 
7.695675    2.1426212e-17 
7.718080    2.1549440e-17 
7.740485    2.1672667e-17 
7.762890    2.1795895e-17 
7.785295    2.1919123e-17 
7.807700    2.2042350e-17 
7.830105    2.2165577e-17 
7.852510    2.2288805e-17 
7.874915    2.2412032e-17 
7.897320    2.2535260e-17 
7.919725    2.2658487e-17 
7.942130    2.2781715e-17 
7.964535    2.2904942e-17 
7.986940    2.3028170e-17 
8.009345    2.3114952e-17 
8.031750    2.3150800e-17 
8.054155    2.3186648e-17 
8.076560    2.3222496e-17 
8.098965    2.3258344e-17 
8.121370    2.3294192e-17 
8.143775    2.3330040e-17 
8.166180    2.3365888e-17 
8.188585    2.3401736e-17 
8.210990    2.3437584e-17 
8.233395    2.3473432e-17 
8.255800    2.3509280e-17 
8.278205    2.3545128e-17 
8.300610    2.3580976e-17 
8.323015    2.3616824e-17 
8.345420    2.3652672e-17 
8.367825    2.3688520e-17 
8.390230    2.3724368e-17 
8.412635    2.3760216e-17 
8.435040    2.3796064e-17 
8.457445    2.3831912e-17 
8.479850    2.3867760e-17 
8.502255    2.3903608e-17 
8.524660    2.3939456e-17 
8.547065    2.3975304e-17 
8.569470    2.4011152e-17 
8.591875    2.4047000e-17 
8.614280    2.4082848e-17 
8.636685    2.4118696e-17 
8.659090    2.4154544e-17 
8.681495    2.4190392e-17 
8.703900    2.4226240e-17 
8.726305    2.4262088e-17 
8.748710    2.4297936e-17 
8.771115    2.4333784e-17 
8.793520    2.4369632e-17 
8.815925    2.4405480e-17 
8.838330    2.4441328e-17 
8.860735    2.4477176e-17 
8.883140    2.4513024e-17 
8.905545    2.4548872e-17 
8.927950    2.4584720e-17 
8.950355    2.4620568e-17 
8.972760    2.4656416e-17 
8.995165    2.4692264e-17 
9.017570    2.4677159e-17 
9.039975    2.4648033e-17 
9.062380    2.4618906e-17 
9.084785    2.4589780e-17 
9.107190    2.4560653e-17 
9.129595    2.4531527e-17 
9.152000    2.4502400e-17 
9.174405    2.4473274e-17 
9.196810    2.4444147e-17 
9.219215    2.4415021e-17 
9.241620    2.4385894e-17 
9.264025    2.4356768e-17 
9.286430    2.4327641e-17 
9.308835    2.4298515e-17 
9.331240    2.4269388e-17 
9.353645    2.4240261e-17 
9.376050    2.4211135e-17 
9.398455    2.4182008e-17 
9.420860    2.4152882e-17 
9.443265    2.4123756e-17 
9.465670    2.4094629e-17 
9.488075    2.4065503e-17 
9.510480    2.4036376e-17 
9.532885    2.4007250e-17 
9.555290    2.3978123e-17 
9.577695    2.3948997e-17 
9.600100    2.3919870e-17 
9.622505    2.3890744e-17 
9.644910    2.3861617e-17 
9.667315    2.3832491e-17 
9.689720    2.3803364e-17 
9.712125    2.3774238e-17 
9.734530    2.3745111e-17 
9.756935    2.3715985e-17 
9.779340    2.3686858e-17 
9.801745    2.3657732e-17 
9.824150    2.3628605e-17 
9.846555    2.3599479e-17 
9.868960    2.3570352e-17 
9.891365    2.3541226e-17 
9.913770    2.3512099e-17 
9.936175    2.3482973e-17 
9.958580    2.3453846e-17 
9.980985    2.3424720e-17 
10.003390    2.3383728e-17 
10.025795    2.3276184e-17 
10.048200    2.3168640e-17 
10.070605    2.3061096e-17 
10.093010    2.2953552e-17 
10.115415    2.2846008e-17 
10.137820    2.2738464e-17 
10.160225    2.2630920e-17 
10.182630    2.2523376e-17 
10.205035    2.2415832e-17 
10.227440    2.2308288e-17 
10.249845    2.2200744e-17 
10.272250    2.2093200e-17 
10.294655    2.1985656e-17 
10.317060    2.1878112e-17 
10.339465    2.1770568e-17 
10.361870    2.1663024e-17 
10.384275    2.1555480e-17 
10.406680    2.1447936e-17 
10.429085    2.1340392e-17 
10.451490    2.1232848e-17 
10.473895    2.1125304e-17 
10.496300    2.1017760e-17 
10.518705    2.0910216e-17 
10.541110    2.0802672e-17 
10.563515    2.0695128e-17 
10.585920    2.0587584e-17 
10.608325    2.0480040e-17 
10.630730    2.0372496e-17 
10.653135    2.0264952e-17 
10.675540    2.0157408e-17 
10.697945    2.0049864e-17 
10.720350    1.9942320e-17 
10.742755    1.9834776e-17 
10.765160    1.9727232e-17 
10.787565    1.9619688e-17 
10.809970    1.9512144e-17 
10.832375    1.9404600e-17 
10.854780    1.9297056e-17 
10.877185    1.9189512e-17 
10.899590    1.9081968e-17 
10.921995    1.8974424e-17 
10.944400    1.8866880e-17 
10.966805    1.8759336e-17 
10.989210    1.8651792e-17 
11.011615    1.8550056e-17 
11.034020    1.8453714e-17 
11.056425    1.8357373e-17 
11.078830    1.8261031e-17 
11.101235    1.8164690e-17 
11.123640    1.8068348e-17 
11.146045    1.7972007e-17 
11.168450    1.7875665e-17 
11.190855    1.7779324e-17 
11.213260    1.7682982e-17 
11.235665    1.7586641e-17 
11.258070    1.7490299e-17 
11.280475    1.7393957e-17 
11.302880    1.7297616e-17 
11.325285    1.7201275e-17 
11.347690    1.7104933e-17 
11.370095    1.7008592e-17 
11.392500    1.6912250e-17 
11.414905    1.6815909e-17 
11.437310    1.6719567e-17 
11.459715    1.6623226e-17 
11.482120    1.6526884e-17 
11.504525    1.6430543e-17 
11.526930    1.6334201e-17 
11.549335    1.6237860e-17 
11.571740    1.6141518e-17 
11.594145    1.6045177e-17 
11.616550    1.5948835e-17 
11.638955    1.5852494e-17 
11.661360    1.5756152e-17 
11.683765    1.5659811e-17 
11.706170    1.5563469e-17 
11.728575    1.5467128e-17 
11.750980    1.5370786e-17 
11.773385    1.5274445e-17 
11.795790    1.5178103e-17 
11.818195    1.5081762e-17 
11.840600    1.4985420e-17 
11.863005    1.4889079e-17 
11.885410    1.4792737e-17 
11.907815    1.4696395e-17 
11.930220    1.4600054e-17 
11.952625    1.4503713e-17 
11.975030    1.4407371e-17 
11.997435    1.4311030e-17 
12.019840    1.4218656e-17 
12.042245    1.4126796e-17 
12.064650    1.4034935e-17 
12.087055    1.3943075e-17 
12.109460    1.3851214e-17 
12.131865    1.3759354e-17 
12.154270    1.3667493e-17 
12.176675    1.3575633e-17 
12.199080    1.3483772e-17 
12.221485    1.3391912e-17 
12.243890    1.3300051e-17 
12.266295    1.3208191e-17 
12.288700    1.3116330e-17 
12.311105    1.3024470e-17 
12.333510    1.2932609e-17 
12.355915    1.2840749e-17 
12.378320    1.2748888e-17 
12.400725    1.2657028e-17 
12.423130    1.2565167e-17 
12.445535    1.2473307e-17 
12.467940    1.2381446e-17 
12.490345    1.2289586e-17 
12.512750    1.2197725e-17 
12.535155    1.2105865e-17 
12.557560    1.2014004e-17 
12.579965    1.1922144e-17 
12.602370    1.1830283e-17 
12.624775    1.1738423e-17 
12.647180    1.1646562e-17 
12.669585    1.1554702e-17 
12.691990    1.1462841e-17 
12.714395    1.1370981e-17 
12.736800    1.1279120e-17 
12.759205    1.1187260e-17 
12.781610    1.1095399e-17 
12.804015    1.1003539e-17 
12.826420    1.0911678e-17 
12.848825    1.0819818e-17 
12.871230    1.0727957e-17 
12.893635    1.0636097e-17 
12.916040    1.0544236e-17 
12.938445    1.0452376e-17 
12.960850    1.0360515e-17 
12.983255    1.0268655e-17 
13.005660    1.0182454e-17 
13.028065    1.0112999e-17 
13.050470    1.0043543e-17 
13.072875    9.9740875e-18 
13.095280    9.9046320e-18 
13.117685    9.8351765e-18 
13.140090    9.7657210e-18 
13.162495    9.6962655e-18 
13.184900    9.6268100e-18 
13.207305    9.5573545e-18 
13.229710    9.4878990e-18 
13.252115    9.4184435e-18 
13.274520    9.3489880e-18 
13.296925    9.2795325e-18 
13.319330    9.2100770e-18 
13.341735    9.1406215e-18 
13.364140    9.0711660e-18 
13.386545    9.0017105e-18 
13.408950    8.9322550e-18 
13.431355    8.8627995e-18 
13.453760    8.7933440e-18 
13.476165    8.7238885e-18 
13.498570    8.6544330e-18 
13.520975    8.5849775e-18 
13.543380    8.5155220e-18 
13.565785    8.4460665e-18 
13.588190    8.3766110e-18 
13.610595    8.3071555e-18 
13.633000    8.2377000e-18 
13.655405    8.1682445e-18 
13.677810    8.0987890e-18 
13.700215    8.0293335e-18 
13.722620    7.9598780e-18 
13.745025    7.8904225e-18 
13.767430    7.8209670e-18 
13.789835    7.7515115e-18 
13.812240    7.6820560e-18 
13.834645    7.6126005e-18 
13.857050    7.5431450e-18 
13.879455    7.4736895e-18 
13.901860    7.4042340e-18 
13.924265    7.3347785e-18 
13.946670    7.2653230e-18 
13.969075    7.1958675e-18 
13.991480    7.1264120e-18 
14.013885    7.0569565e-18 
14.036290    6.9875010e-18 
14.058695    6.9180455e-18 
14.081100    6.8485900e-18 
14.103505    6.7791345e-18 
14.125910    6.7096790e-18 
14.148315    6.6402235e-18 
14.170720    6.5707680e-18 
14.193125    6.5013125e-18 
14.215530    6.4318570e-18 
14.237935    6.3624015e-18 
14.260340    6.2929460e-18 
14.282745    6.2234905e-18 
14.305150    6.1540350e-18 
14.327555    6.0845795e-18 
14.349960    6.0151240e-18 
14.372365    5.9456685e-18 
14.394770    5.8762130e-18 
14.417175    5.8067575e-18 
14.439580    5.7373020e-18 
14.461985    5.6678465e-18 
14.484390    5.5983910e-18 
14.506795    5.5289355e-18 
14.529200    5.4594800e-18 
14.551605    5.3900245e-18 
14.574010    5.3205690e-18 
14.596415    5.2511135e-18 
14.618820    5.1816580e-18 
14.641225    5.1122025e-18 
14.663630    5.0427470e-18 
14.686035    4.9732915e-18 
14.708440    4.9038360e-18 
14.730845    4.8343805e-18 
14.753250    4.7649250e-18 
14.775655    4.6954695e-18 
14.798060    4.6260140e-18 
14.820465    4.5565585e-18 
14.842870    4.4871030e-18 
14.865275    4.4176475e-18 
14.887680    4.3481920e-18 
14.910085    4.2787365e-18 
14.932490    4.2092810e-18 
14.954895    4.1398255e-18 
14.977300    4.0703700e-18 
14.999705    4.0009145e-18 
15.022110    3.9867340e-18 
15.044515    3.9732910e-18 
15.066920    3.9598480e-18 
15.089325    3.9464050e-18 
15.111730    3.9329620e-18 
15.134135    3.9195190e-18 
15.156540    3.9060760e-18 
15.178945    3.8926330e-18 
15.201350    3.8791900e-18 
15.223755    3.8657470e-18 
15.246160    3.8523040e-18 
15.268565    3.8388610e-18 
15.290970    3.8254180e-18 
15.313375    3.8119750e-18 
15.335780    3.7985320e-18 
15.358185    3.7850890e-18 
15.380590    3.7716460e-18 
15.402995    3.7582030e-18 
15.425400    3.7447600e-18 
15.447805    3.7313170e-18 
15.470210    3.7178740e-18 
15.492615    3.7044310e-18 
15.515020    3.6909880e-18 
15.537425    3.6775450e-18 
15.559830    3.6641020e-18 
15.582235    3.6506590e-18 
15.604640    3.6372160e-18 
15.627045    3.6237730e-18 
15.649450    3.6103300e-18 
15.671855    3.5968870e-18 
15.694260    3.5834440e-18 
15.716665    3.5700010e-18 
15.739070    3.5565580e-18 
15.761475    3.5431150e-18 
15.783880    3.5296720e-18 
15.806285    3.5162290e-18 
15.828690    3.5027860e-18 
15.851095    3.4893430e-18 
15.873500    3.4759000e-18 
15.895905    3.4624570e-18 
15.918310    3.4490140e-18 
15.940715    3.4355710e-18 
15.963120    3.4221280e-18 
15.985525    3.4086850e-18 
16.007930    3.3952420e-18 
16.030335    3.3817990e-18 
16.052740    3.3683560e-18 
16.075145    3.3549130e-18 
16.097550    3.3414700e-18 
16.119955    3.3280270e-18 
16.142360    3.3145840e-18 
16.164765    3.3011410e-18 
16.187170    3.2876980e-18 
16.209575    3.2742550e-18 
16.231980    3.2608120e-18 
16.254385    3.2473690e-18 
16.276790    3.2339260e-18 
16.299195    3.2204830e-18 
16.321600    3.2070400e-18 
16.344005    3.1935970e-18 
16.366410    3.1801540e-18 
16.388815    3.1667110e-18 
16.411220    3.1532680e-18 
16.433625    3.1398250e-18 
16.456030    3.1263820e-18 
16.478435    3.1129390e-18 
16.500840    3.0994960e-18 
16.523245    3.0860530e-18 
16.545650    3.0726100e-18 
16.568055    3.0591670e-18 
16.590460    3.0457240e-18 
16.612865    3.0322810e-18 
16.635270    3.0188380e-18 
16.657675    3.0053950e-18 
16.680080    2.9919520e-18 
16.702485    2.9785090e-18 
16.724890    2.9650660e-18 
16.747295    2.9516230e-18 
16.769700    2.9381800e-18 
16.792105    2.9247370e-18 
16.814510    2.9112940e-18 
16.836915    2.8978510e-18 
16.859320    2.8844080e-18 
16.881725    2.8709650e-18 
16.904130    2.8575220e-18 
16.926535    2.8440790e-18 
16.948940    2.8306360e-18 
16.971345    2.8171930e-18 
16.993750    2.8037500e-18 
17.016155    2.7903070e-18 
17.038560    2.7768640e-18 
17.060965    2.7634210e-18 
17.083370    2.7499780e-18 
17.105775    2.7365350e-18 
17.128180    2.7230920e-18 
17.150585    2.7096490e-18 
17.172990    2.6962060e-18 
17.195395    2.6827630e-18 
17.217800    2.6693200e-18 
17.240205    2.6558770e-18 
17.262610    2.6424340e-18 
17.285015    2.6289910e-18 
17.307420    2.6155480e-18 
17.329825    2.6021050e-18 
17.352230    2.5886620e-18 
17.374635    2.5752190e-18 
17.397040    2.5617760e-18 
17.419445    2.5483330e-18 
17.441850    2.5348900e-18 
17.464255    2.5214470e-18 
17.486660    2.5080040e-18 
17.509065    2.4945610e-18 
17.531470    2.4811180e-18 
17.553875    2.4676750e-18 
17.576280    2.4542320e-18 
17.598685    2.4407890e-18 
17.621090    2.4273460e-18 
17.643495    2.4139030e-18 
17.665900    2.4004600e-18 
17.688305    2.3870170e-18 
17.710710    2.3735740e-18 
17.733115    2.3601310e-18 
17.755520    2.3466880e-18 
17.777925    2.3332450e-18 
17.800330    2.3198020e-18 
17.822735    2.3063590e-18 
17.845140    2.2929160e-18 
17.867545    2.2794730e-18 
17.889950    2.2660300e-18 
17.912355    2.2525870e-18 
17.934760    2.2391440e-18 
17.957165    2.2257010e-18 
17.979570    2.2122580e-18 
18.001975    2.1988150e-18 
18.024380    2.1853720e-18 
18.046785    2.1719290e-18 
18.069190    2.1584860e-18 
18.091595    2.1450430e-18 
18.114000    2.1316000e-18 
18.136405    2.1181570e-18 
18.158810    2.1047140e-18 
18.181215    2.0912710e-18 
18.203620    2.0778280e-18 
18.226025    2.0643850e-18 
18.248430    2.0509420e-18 
18.270835    2.0374990e-18 
18.293240    2.0240560e-18 
18.315645    2.0106130e-18 
18.338050    1.9971700e-18 
18.360455    1.9837270e-18 
18.382860    1.9702840e-18 
18.405265    1.9568410e-18 
18.427670    1.9433980e-18 
18.450075    1.9299550e-18 
18.472480    1.9165120e-18 
18.494885    1.9030690e-18 
18.517290    1.8896260e-18 
18.539695    1.8761830e-18 
18.562100    1.8627400e-18 
18.584505    1.8492970e-18 
18.606910    1.8358540e-18 
18.629315    1.8224110e-18 
18.651720    1.8089680e-18 
18.674125    1.7955250e-18 
18.696530    1.7820820e-18 
18.718935    1.7686390e-18 
18.741340    1.7551960e-18 
18.763745    1.7417530e-18 
18.786150    1.7283100e-18 
18.808555    1.7148670e-18 
18.830960    1.7014240e-18 
18.853365    1.6879810e-18 
18.875770    1.6745380e-18 
18.898175    1.6610950e-18 
18.920580    1.6476520e-18 
18.942985    1.6342090e-18 
18.965390    1.6207660e-18 
18.987795    1.6073230e-18 
19.010200    1.5938800e-18 
19.032605    1.5804370e-18 
19.055010    1.5669940e-18 
19.077415    1.5535510e-18 
19.099820    1.5401080e-18 
19.122225    1.5266650e-18 
19.144630    1.5132220e-18 
19.167035    1.4997790e-18 
19.189440    1.4863360e-18 
19.211845    1.4728930e-18 
19.234250    1.4594500e-18 
19.256655    1.4460070e-18 
19.279060    1.4325640e-18 
19.301465    1.4191210e-18 
19.323870    1.4056780e-18 
19.346275    1.3922350e-18 
19.368680    1.3787920e-18 
19.391085    1.3653490e-18 
19.413490    1.3519060e-18 
19.435895    1.3384630e-18 
19.458300    1.3250200e-18 
19.480705    1.3115770e-18 
19.503110    1.2981340e-18 
19.525515    1.2846910e-18 
19.547920    1.2712480e-18 
19.570325    1.2578050e-18 
19.592730    1.2443620e-18 
19.615135    1.2309190e-18 
19.637540    1.2174760e-18 
19.659945    1.2040330e-18 
19.682350    1.1905900e-18 
19.704755    1.1771470e-18 
19.727160    1.1637040e-18 
19.749565    1.1502610e-18 
19.771970    1.1368180e-18 
19.794375    1.1233750e-18 
19.816780    1.1099320e-18 
19.839185    1.0964890e-18 
19.861590    1.0830460e-18 
19.883995    1.0696030e-18 
19.906400    1.0561600e-18 
19.928805    1.0427170e-18 
19.951210    1.0292740e-18 
19.973615    1.0158310e-18 
19.996020    1.0023880e-18 
20.018425    9.9926300e-19 
20.040830    9.9836680e-19 
20.063235    9.9747060e-19 
20.085640    9.9657440e-19 
20.108045    9.9567820e-19 
20.130450    9.9478200e-19 
20.152855    9.9388580e-19 
20.175260    9.9298960e-19 
20.197665    9.9209340e-19 
20.220070    9.9119720e-19 
20.242475    9.9030100e-19 
20.264880    9.8940480e-19 
20.287285    9.8850860e-19 
20.309690    9.8761240e-19 
20.332095    9.8671620e-19 
20.354500    9.8582000e-19 
20.376905    9.8492380e-19 
20.399310    9.8402760e-19 
20.421715    9.8313140e-19 
20.444120    9.8223520e-19 
20.466525    9.8133900e-19 
20.488930    9.8044280e-19 
20.511335    9.7954660e-19 
20.533740    9.7865040e-19 
20.556145    9.7775420e-19 
20.578550    9.7685800e-19 
20.600955    9.7596180e-19 
20.623360    9.7506560e-19 
20.645765    9.7416940e-19 
20.668170    9.7327320e-19 
20.690575    9.7237700e-19 
20.712980    9.7148080e-19 
20.735385    9.7058460e-19 
20.757790    9.6968840e-19 
20.780195    9.6879220e-19 
20.802600    9.6789600e-19 
20.825005    9.6699980e-19 
20.847410    9.6610360e-19 
20.869815    9.6520740e-19 
20.892220    9.6431120e-19 
20.914625    9.6341500e-19 
20.937030    9.6251880e-19 
20.959435    9.6162260e-19 
20.981840    9.6072640e-19 
21.004245    9.5983020e-19 
21.026650    9.5893400e-19 
21.049055    9.5803780e-19 
21.071460    9.5714160e-19 
21.093865    9.5624540e-19 
21.116270    9.5534920e-19 
21.138675    9.5445300e-19 
21.161080    9.5355680e-19 
21.183485    9.5266060e-19 
21.205890    9.5176440e-19 
21.228295    9.5086820e-19 
21.250700    9.4997200e-19 
21.273105    9.4907580e-19 
21.295510    9.4817960e-19 
21.317915    9.4728340e-19 
21.340320    9.4638720e-19 
21.362725    9.4549100e-19 
21.385130    9.4459480e-19 
21.407535    9.4369860e-19 
21.429940    9.4280240e-19 
21.452345    9.4190620e-19 
21.474750    9.4101000e-19 
21.497155    9.4011380e-19 
21.519560    9.3921760e-19 
21.541965    9.3832140e-19 
21.564370    9.3742520e-19 
21.586775    9.3652900e-19 
21.609180    9.3563280e-19 
21.631585    9.3473660e-19 
21.653990    9.3384040e-19 
21.676395    9.3294420e-19 
21.698800    9.3204800e-19 
21.721205    9.3115180e-19 
21.743610    9.3025560e-19 
21.766015    9.2935940e-19 
21.788420    9.2846320e-19 
21.810825    9.2756700e-19 
21.833230    9.2667080e-19 
21.855635    9.2577460e-19 
21.878040    9.2487840e-19 
21.900445    9.2398220e-19 
21.922850    9.2308600e-19 
21.945255    9.2218980e-19 
21.967660    9.2129360e-19 
21.990065    9.2039740e-19 
22.012470    9.1950120e-19 
22.034875    9.1860500e-19 
22.057280    9.1770880e-19 
22.079685    9.1681260e-19 
22.102090    9.1591640e-19 
22.124495    9.1502020e-19 
22.146900    9.1412400e-19 
22.169305    9.1322780e-19 
22.191710    9.1233160e-19 
22.214115    9.1143540e-19 
22.236520    9.1053920e-19 
22.258925    9.0964300e-19 
22.281330    9.0874680e-19 
22.303735    9.0785060e-19 
22.326140    9.0695440e-19 
22.348545    9.0605820e-19 
22.370950    9.0516200e-19 
22.393355    9.0426580e-19 
22.415760    9.0336960e-19 
22.438165    9.0247340e-19 
22.460570    9.0157720e-19 
22.482975    9.0068100e-19 
22.505380    8.9978480e-19 
22.527785    8.9888860e-19 
22.550190    8.9799240e-19 
22.572595    8.9709620e-19 
22.595000    8.9620000e-19 
22.617405    8.9530380e-19 
22.639810    8.9440760e-19 
22.662215    8.9351140e-19 
22.684620    8.9261520e-19 
22.707025    8.9171900e-19 
22.729430    8.9082280e-19 
22.751835    8.8992660e-19 
22.774240    8.8903040e-19 
22.796645    8.8813420e-19 
22.819050    8.8723800e-19 
22.841455    8.8634180e-19 
22.863860    8.8544560e-19 
22.886265    8.8454940e-19 
22.908670    8.8365320e-19 
22.931075    8.8275700e-19 
22.953480    8.8186080e-19 
22.975885    8.8096460e-19 
22.998290    8.8006840e-19 
23.020695    8.7917220e-19 
23.043100    8.7827600e-19 
23.065505    8.7737980e-19 
23.087910    8.7648360e-19 
23.110315    8.7558740e-19 
23.132720    8.7469120e-19 
23.155125    8.7379500e-19 
23.177530    8.7289880e-19 
23.199935    8.7200260e-19 
23.222340    8.7110640e-19 
23.244745    8.7021020e-19 
23.267150    8.6931400e-19 
23.289555    8.6841780e-19 
23.311960    8.6752160e-19 
23.334365    8.6662540e-19 
23.356770    8.6572920e-19 
23.379175    8.6483300e-19 
23.401580    8.6393680e-19 
23.423985    8.6304060e-19 
23.446390    8.6214440e-19 
23.468795    8.6124820e-19 
23.491200    8.6035200e-19 
23.513605    8.5945580e-19 
23.536010    8.5855960e-19 
23.558415    8.5766340e-19 
23.580820    8.5676720e-19 
23.603225    8.5587100e-19 
23.625630    8.5497480e-19 
23.648035    8.5407860e-19 
23.670440    8.5318240e-19 
23.692845    8.5228620e-19 
23.715250    8.5139000e-19 
23.737655    8.5049380e-19 
23.760060    8.4959760e-19 
23.782465    8.4870140e-19 
23.804870    8.4780520e-19 
23.827275    8.4690900e-19 
23.849680    8.4601280e-19 
23.872085    8.4511660e-19 
23.894490    8.4422040e-19 
23.916895    8.4332420e-19 
23.939300    8.4242800e-19 
23.961705    8.4153180e-19 
23.984110    8.4063560e-19 
24.006515    8.3973940e-19 
24.028920    8.3884320e-19 
24.051325    8.3794700e-19 
24.073730    8.3705080e-19 
24.096135    8.3615460e-19 
24.118540    8.3525840e-19 
24.140945    8.3436220e-19 
24.163350    8.3346600e-19 
24.185755    8.3256980e-19 
24.208160    8.3167360e-19 
24.230565    8.3077740e-19 
24.252970    8.2988120e-19 
24.275375    8.2898500e-19 
24.297780    8.2808880e-19 
24.320185    8.2719260e-19 
24.342590    8.2629640e-19 
24.364995    8.2540020e-19 
24.387400    8.2450400e-19 
24.409805    8.2360780e-19 
24.432210    8.2271160e-19 
24.454615    8.2181540e-19 
24.477020    8.2091920e-19 
24.499425    8.2002300e-19 
24.521830    8.1912680e-19 
24.544235    8.1823060e-19 
24.566640    8.1733440e-19 
24.589045    8.1643820e-19 
24.611450    8.1554200e-19 
24.633855    8.1464580e-19 
24.656260    8.1374960e-19 
24.678665    8.1285340e-19 
24.701070    8.1195720e-19 
24.723475    8.1106100e-19 
24.745880    8.1016480e-19 
24.768285    8.0926860e-19 
24.790690    8.0837240e-19 
24.813095    8.0747620e-19 
24.835500    8.0658000e-19 
24.857905    8.0568380e-19 
24.880310    8.0478760e-19 
24.902715    8.0389140e-19 
24.925120    8.0299520e-19 
24.947525    8.0209900e-19 
24.969930    8.0120280e-19 
24.992335    8.0030660e-19 
25.014740    7.9941040e-19 
25.037145    7.9851420e-19 
25.059550    7.9761800e-19 
25.081955    7.9672180e-19 
25.104360    7.9582560e-19 
25.126765    7.9492940e-19 
25.149170    7.9403320e-19 
25.171575    7.9313700e-19 
25.193980    7.9224080e-19 
25.216385    7.9134460e-19 
25.238790    7.9044840e-19 
25.261195    7.8955220e-19 
25.283600    7.8865600e-19 
25.306005    7.8775980e-19 
25.328410    7.8686360e-19 
25.350815    7.8596740e-19 
25.373220    7.8507120e-19 
25.395625    7.8417500e-19 
25.418030    7.8327880e-19 
25.440435    7.8238260e-19 
25.462840    7.8148640e-19 
25.485245    7.8059020e-19 
25.507650    7.7969400e-19 
25.530055    7.7879780e-19 
25.552460    7.7790160e-19 
25.574865    7.7700540e-19 
25.597270    7.7610920e-19 
25.619675    7.7521300e-19 
25.642080    7.7431680e-19 
25.664485    7.7342060e-19 
25.686890    7.7252440e-19 
25.709295    7.7162820e-19 
25.731700    7.7073200e-19 
25.754105    7.6983580e-19 
25.776510    7.6893960e-19 
25.798915    7.6804340e-19 
25.821320    7.6714720e-19 
25.843725    7.6625100e-19 
25.866130    7.6535480e-19 
25.888535    7.6445860e-19 
25.910940    7.6356240e-19 
25.933345    7.6266620e-19 
25.955750    7.6177000e-19 
25.978155    7.6087380e-19 
26.000560    7.5997760e-19 
26.022965    7.5908140e-19 
26.045370    7.5818520e-19 
26.067775    7.5728900e-19 
26.090180    7.5639280e-19 
26.112585    7.5549660e-19 
26.134990    7.5460040e-19 
26.157395    7.5370420e-19 
26.179800    7.5280800e-19 
26.202205    7.5191180e-19 
26.224610    7.5101560e-19 
26.247015    7.5011940e-19 
26.269420    7.4922320e-19 
26.291825    7.4832700e-19 
26.314230    7.4743080e-19 
26.336635    7.4653460e-19 
26.359040    7.4563840e-19 
26.381445    7.4474220e-19 
26.403850    7.4384600e-19 
26.426255    7.4294980e-19 
26.448660    7.4205360e-19 
26.471065    7.4115740e-19 
26.493470    7.4026120e-19 
26.515875    7.3936500e-19 
26.538280    7.3846880e-19 
26.560685    7.3757260e-19 
26.583090    7.3667640e-19 
26.605495    7.3578020e-19 
26.627900    7.3488400e-19 
26.650305    7.3398780e-19 
26.672710    7.3309160e-19 
26.695115    7.3219540e-19 
26.717520    7.3129920e-19 
26.739925    7.3040300e-19 
26.762330    7.2950680e-19 
26.784735    7.2861060e-19 
26.807140    7.2771440e-19 
26.829545    7.2681820e-19 
26.851950    7.2592200e-19 
26.874355    7.2502580e-19 
26.896760    7.2412960e-19 
26.919165    7.2323340e-19 
26.941570    7.2233720e-19 
26.963975    7.2144100e-19 
26.986380    7.2054480e-19 
27.008785    7.1964860e-19 
27.031190    7.1875240e-19 
27.053595    7.1785620e-19 
27.076000    7.1696000e-19 
27.098405    7.1606380e-19 
27.120810    7.1516760e-19 
27.143215    7.1427140e-19 
27.165620    7.1337520e-19 
27.188025    7.1247900e-19 
27.210430    7.1158280e-19 
27.232835    7.1068660e-19 
27.255240    7.0979040e-19 
27.277645    7.0889420e-19 
27.300050    7.0799800e-19 
27.322455    7.0710180e-19 
27.344860    7.0620560e-19 
27.367265    7.0530940e-19 
27.389670    7.0441320e-19 
27.412075    7.0351700e-19 
27.434480    7.0262080e-19 
27.456885    7.0172460e-19 
27.479290    7.0082840e-19 
27.501695    6.9993220e-19 
27.524100    6.9903600e-19 
27.546505    6.9813980e-19 
27.568910    6.9724360e-19 
27.591315    6.9634740e-19 
27.613720    6.9545120e-19 
27.636125    6.9455500e-19 
27.658530    6.9365880e-19 
27.680935    6.9276260e-19 
27.703340    6.9186640e-19 
27.725745    6.9097020e-19 
27.748150    6.9007400e-19 
27.770555    6.8917780e-19 
27.792960    6.8828160e-19 
27.815365    6.8738540e-19 
27.837770    6.8648920e-19 
27.860175    6.8559300e-19 
27.882580    6.8469680e-19 
27.904985    6.8380060e-19 
27.927390    6.8290440e-19 
27.949795    6.8200820e-19 
27.972200    6.8111200e-19 
27.994605    6.8021580e-19 
28.017010    6.7931960e-19 
28.039415    6.7842340e-19 
28.061820    6.7752720e-19 
28.084225    6.7663100e-19 
28.106630    6.7573480e-19 
28.129035    6.7483860e-19 
28.151440    6.7394240e-19 
28.173845    6.7304620e-19 
28.196250    6.7215000e-19 
28.218655    6.7125380e-19 
28.241060    6.7035760e-19 
28.263465    6.6946140e-19 
28.285870    6.6856520e-19 
28.308275    6.6766900e-19 
28.330680    6.6677280e-19 
28.353085    6.6587660e-19 
28.375490    6.6498040e-19 
28.397895    6.6408420e-19 
28.420300    6.6318800e-19 
28.442705    6.6229180e-19 
28.465110    6.6139560e-19 
28.487515    6.6049940e-19 
28.509920    6.5960320e-19 
28.532325    6.5870700e-19 
28.554730    6.5781080e-19 
28.577135    6.5691460e-19 
28.599540    6.5601840e-19 
28.621945    6.5512220e-19 
28.644350    6.5422600e-19 
28.666755    6.5332980e-19 
28.689160    6.5243360e-19 
28.711565    6.5153740e-19 
28.733970    6.5064120e-19 
28.756375    6.4974500e-19 
28.778780    6.4884880e-19 
28.801185    6.4795260e-19 
28.823590    6.4705640e-19 
28.845995    6.4616020e-19 
28.868400    6.4526400e-19 
28.890805    6.4436780e-19 
28.913210    6.4347160e-19 
28.935615    6.4257540e-19 
28.958020    6.4167920e-19 
28.980425    6.4078300e-19 
29.002830    6.3988680e-19 
29.025235    6.3899060e-19 
29.047640    6.3809440e-19 
29.070045    6.3719820e-19 
29.092450    6.3630200e-19 
29.114855    6.3540580e-19 
29.137260    6.3450960e-19 
29.159665    6.3361340e-19 
29.182070    6.3271720e-19 
29.204475    6.3182100e-19 
29.226880    6.3092480e-19 
29.249285    6.3002860e-19 
29.271690    6.2913240e-19 
29.294095    6.2823620e-19 
29.316500    6.2734000e-19 
29.338905    6.2644380e-19 
29.361310    6.2554760e-19 
29.383715    6.2465140e-19 
29.406120    6.2375520e-19 
29.428525    6.2285900e-19 
29.450930    6.2196280e-19 
29.473335    6.2106660e-19 
29.495740    6.2017040e-19 
29.518145    6.1927420e-19 
29.540550    6.1837800e-19 
29.562955    6.1748180e-19 
29.585360    6.1658560e-19 
29.607765    6.1568940e-19 
29.630170    6.1479320e-19 
29.652575    6.1389700e-19 
29.674980    6.1300080e-19 
29.697385    6.1210460e-19 
29.719790    6.1120840e-19 
29.742195    6.1031220e-19 
29.764600    6.0941600e-19 
29.787005    6.0851980e-19 
29.809410    6.0762360e-19 
29.831815    6.0672740e-19 
29.854220    6.0583120e-19 
29.876625    6.0493500e-19 
29.899030    6.0403880e-19 
29.921435    6.0314260e-19 
29.943840    6.0224640e-19 
29.966245    6.0135020e-19 
29.988650    6.0045400e-19 
30.011055    5.9955780e-19 
30.033460    5.9866160e-19 
30.055865    5.9776540e-19 
30.078270    5.9686920e-19 
30.100675    5.9597300e-19 
30.123080    5.9507680e-19 
30.145485    5.9418060e-19 
30.167890    5.9328440e-19 
30.190295    5.9238820e-19 
30.212700    5.9149200e-19 
30.235105    5.9059580e-19 
30.257510    5.8969960e-19 
30.279915    5.8880340e-19 
30.302320    5.8790720e-19 
30.324725    5.8701100e-19 
30.347130    5.8611480e-19 
30.369535    5.8521860e-19 
30.391940    5.8432240e-19 
30.414345    5.8342620e-19 
30.436750    5.8253000e-19 
30.459155    5.8163380e-19 
30.481560    5.8073760e-19 
30.503965    5.7984140e-19 
30.526370    5.7894520e-19 
30.548775    5.7804900e-19 
30.571180    5.7715280e-19 
30.593585    5.7625660e-19 
30.615990    5.7536040e-19 
30.638395    5.7446420e-19 
30.660800    5.7356800e-19 
30.683205    5.7267180e-19 
30.705610    5.7177560e-19 
30.728015    5.7087940e-19 
30.750420    5.6998320e-19 
30.772825    5.6908700e-19 
30.795230    5.6819080e-19 
30.817635    5.6729460e-19 
30.840040    5.6639840e-19 
30.862445    5.6550220e-19 
30.884850    5.6460600e-19 
30.907255    5.6370980e-19 
30.929660    5.6281360e-19 
30.952065    5.6191740e-19 
30.974470    5.6102120e-19 
30.996875    5.6012500e-19 
31.019280    5.5922880e-19 
31.041685    5.5833260e-19 
31.064090    5.5743640e-19 
31.086495    5.5654020e-19 
31.108900    5.5564400e-19 
31.131305    5.5474780e-19 
31.153710    5.5385160e-19 
31.176115    5.5295540e-19 
31.198520    5.5205920e-19 
31.220925    5.5116300e-19 
31.243330    5.5026680e-19 
31.265735    5.4937060e-19 
31.288140    5.4847440e-19 
31.310545    5.4757820e-19 
31.332950    5.4668200e-19 
31.355355    5.4578580e-19 
31.377760    5.4488960e-19 
31.400165    5.4399340e-19 
31.422570    5.4309720e-19 
31.444975    5.4220100e-19 
31.467380    5.4130480e-19 
31.489785    5.4040860e-19 
31.512190    5.3951240e-19 
31.534595    5.3861620e-19 
31.557000    5.3772000e-19 
31.579405    5.3682380e-19 
31.601810    5.3592760e-19 
31.624215    5.3503140e-19 
31.646620    5.3413520e-19 
31.669025    5.3323900e-19 
31.691430    5.3234280e-19 
31.713835    5.3144660e-19 
31.736240    5.3055040e-19 
31.758645    5.2965420e-19 
31.781050    5.2875800e-19 
31.803455    5.2786180e-19 
31.825860    5.2696560e-19 
31.848265    5.2606940e-19 
31.870670    5.2517320e-19 
31.893075    5.2427700e-19 
31.915480    5.2338080e-19 
31.937885    5.2248460e-19 
31.960290    5.2158840e-19 
31.982695    5.2069220e-19 
32.005100    5.1979600e-19 
32.027505    5.1889980e-19 
32.049910    5.1800360e-19 
32.072315    5.1710740e-19 
32.094720    5.1621120e-19 
32.117125    5.1531500e-19 
32.139530    5.1441880e-19 
32.161935    5.1352260e-19 
32.184340    5.1262640e-19 
32.206745    5.1173020e-19 
32.229150    5.1083400e-19 
32.251555    5.0993780e-19 
32.273960    5.0904160e-19 
32.296365    5.0814540e-19 
32.318770    5.0724920e-19 
32.341175    5.0635300e-19 
32.363580    5.0545680e-19 
32.385985    5.0456060e-19 
32.408390    5.0366440e-19 
32.430795    5.0276820e-19 
32.453200    5.0187200e-19 
32.475605    5.0097580e-19 
32.498010    5.0007960e-19 
32.520415    4.9918340e-19 
32.542820    4.9828720e-19 
32.565225    4.9739100e-19 
32.587630    4.9649480e-19 
32.610035    4.9559860e-19 
32.632440    4.9470240e-19 
32.654845    4.9380620e-19 
32.677250    4.9291000e-19 
32.699655    4.9201380e-19 
32.722060    4.9111760e-19 
32.744465    4.9022140e-19 
32.766870    4.8932520e-19 
32.789275    4.8842900e-19 
32.811680    4.8753280e-19 
32.834085    4.8663660e-19 
32.856490    4.8574040e-19 
32.878895    4.8484420e-19 
32.901300    4.8394800e-19 
32.923705    4.8305180e-19 
32.946110    4.8215560e-19 
32.968515    4.8125940e-19 
32.990920    4.8036320e-19 
33.013325    4.7946700e-19 
33.035730    4.7857080e-19 
33.058135    4.7767460e-19 
33.080540    4.7677840e-19 
33.102945    4.7588220e-19 
33.125350    4.7498600e-19 
33.147755    4.7408980e-19 
33.170160    4.7319360e-19 
33.192565    4.7229740e-19 
33.214970    4.7140120e-19 
33.237375    4.7050500e-19 
33.259780    4.6960880e-19 
33.282185    4.6871260e-19 
33.304590    4.6781640e-19 
33.326995    4.6692020e-19 
33.349400    4.6602400e-19 
33.371805    4.6512780e-19 
33.394210    4.6423160e-19 
33.416615    4.6333540e-19 
33.439020    4.6243920e-19 
33.461425    4.6154300e-19 
33.483830    4.6064680e-19 
33.506235    4.5975060e-19 
33.528640    4.5885440e-19 
33.551045    4.5795820e-19 
33.573450    4.5706200e-19 
33.595855    4.5616580e-19 
33.618260    4.5526960e-19 
33.640665    4.5437340e-19 
33.663070    4.5347720e-19 
33.685475    4.5258100e-19 
33.707880    4.5168480e-19 
33.730285    4.5078860e-19 
33.752690    4.4989240e-19 
33.775095    4.4899620e-19 
33.797500    4.4810000e-19 
33.819905    4.4720380e-19 
33.842310    4.4630760e-19 
33.864715    4.4541140e-19 
33.887120    4.4451520e-19 
33.909525    4.4361900e-19 
33.931930    4.4272280e-19 
33.954335    4.4182660e-19 
33.976740    4.4093040e-19 
33.999145    4.4003420e-19 
34.021550    4.3913800e-19 
34.043955    4.3824180e-19 
34.066360    4.3734560e-19 
34.088765    4.3644940e-19 
34.111170    4.3555320e-19 
34.133575    4.3465700e-19 
34.155980    4.3376080e-19 
34.178385    4.3286460e-19 
34.200790    4.3196840e-19 
34.223195    4.3107220e-19 
34.245600    4.3017600e-19 
34.268005    4.2927980e-19 
34.290410    4.2838360e-19 
34.312815    4.2748740e-19 
34.335220    4.2659120e-19 
34.357625    4.2569500e-19 
34.380030    4.2479880e-19 
34.402435    4.2390260e-19 
34.424840    4.2300640e-19 
34.447245    4.2211020e-19 
34.469650    4.2121400e-19 
34.492055    4.2031780e-19 
34.514460    4.1942160e-19 
34.536865    4.1852540e-19 
34.559270    4.1762920e-19 
34.581675    4.1673300e-19 
34.604080    4.1583680e-19 
34.626485    4.1494060e-19 
34.648890    4.1404440e-19 
34.671295    4.1314820e-19 
34.693700    4.1225200e-19 
34.716105    4.1135580e-19 
34.738510    4.1045960e-19 
34.760915    4.0956340e-19 
34.783320    4.0866720e-19 
34.805725    4.0777100e-19 
34.828130    4.0687480e-19 
34.850535    4.0597860e-19 
34.872940    4.0508240e-19 
34.895345    4.0418620e-19 
34.917750    4.0329000e-19 
34.940155    4.0239380e-19 
34.962560    4.0149760e-19 
34.984965    4.0060140e-19 
35.007370    3.9970520e-19 
35.029775    3.9880900e-19 
35.052180    3.9791280e-19 
35.074585    3.9701660e-19 
35.096990    3.9612040e-19 
35.119395    3.9522420e-19 
35.141800    3.9432800e-19 
35.164205    3.9343180e-19 
35.186610    3.9253560e-19 
35.209015    3.9163940e-19 
35.231420    3.9074320e-19 
35.253825    3.8984700e-19 
35.276230    3.8895080e-19 
35.298635    3.8805460e-19 
35.321040    3.8715840e-19 
35.343445    3.8626220e-19 
35.365850    3.8536600e-19 
35.388255    3.8446980e-19 
35.410660    3.8357360e-19 
35.433065    3.8267740e-19 
35.455470    3.8178120e-19 
35.477875    3.8088500e-19 
35.500280    3.7998880e-19 
35.522685    3.7909260e-19 
35.545090    3.7819640e-19 
35.567495    3.7730020e-19 
35.589900    3.7640400e-19 
35.612305    3.7550780e-19 
35.634710    3.7461160e-19 
35.657115    3.7371540e-19 
35.679520    3.7281920e-19 
35.701925    3.7192300e-19 
35.724330    3.7102680e-19 
35.746735    3.7013060e-19 
35.769140    3.6923440e-19 
35.791545    3.6833820e-19 
35.813950    3.6744200e-19 
35.836355    3.6654580e-19 
35.858760    3.6564960e-19 
35.881165    3.6475340e-19 
35.903570    3.6385720e-19 
35.925975    3.6296100e-19 
35.948380    3.6206480e-19 
35.970785    3.6116860e-19 
35.993190    3.6027240e-19 
36.015595    3.5937620e-19 
36.038000    3.5848000e-19 
36.060405    3.5758380e-19 
36.082810    3.5668760e-19 
36.105215    3.5579140e-19 
36.127620    3.5489520e-19 
36.150025    3.5399900e-19 
36.172430    3.5310280e-19 
36.194835    3.5220660e-19 
36.217240    3.5131040e-19 
36.239645    3.5041420e-19 
36.262050    3.4951800e-19 
36.284455    3.4862180e-19 
36.306860    3.4772560e-19 
36.329265    3.4682940e-19 
36.351670    3.4593320e-19 
36.374075    3.4503700e-19 
36.396480    3.4414080e-19 
36.418885    3.4324460e-19 
36.441290    3.4234840e-19 
36.463695    3.4145220e-19 
36.486100    3.4055600e-19 
36.508505    3.3965980e-19 
36.530910    3.3876360e-19 
36.553315    3.3786740e-19 
36.575720    3.3697120e-19 
36.598125    3.3607500e-19 
36.620530    3.3517880e-19 
36.642935    3.3428260e-19 
36.665340    3.3338640e-19 
36.687745    3.3249020e-19 
36.710150    3.3159400e-19 
36.732555    3.3069780e-19 
36.754960    3.2980160e-19 
36.777365    3.2890540e-19 
36.799770    3.2800920e-19 
36.822175    3.2711300e-19 
36.844580    3.2621680e-19 
36.866985    3.2532060e-19 
36.889390    3.2442440e-19 
36.911795    3.2352820e-19 
36.934200    3.2263200e-19 
36.956605    3.2173580e-19 
36.979010    3.2083960e-19 
37.001415    3.1994340e-19 
37.023820    3.1904720e-19 
37.046225    3.1815100e-19 
37.068630    3.1725480e-19 
37.091035    3.1635860e-19 
37.113440    3.1546240e-19 
37.135845    3.1456620e-19 
37.158250    3.1367000e-19 
37.180655    3.1277380e-19 
37.203060    3.1187760e-19 
37.225465    3.1098140e-19 
37.247870    3.1008520e-19 
37.270275    3.0918900e-19 
37.292680    3.0829280e-19 
37.315085    3.0739660e-19 
37.337490    3.0650040e-19 
37.359895    3.0560420e-19 
37.382300    3.0470800e-19 
37.404705    3.0381180e-19 
37.427110    3.0291560e-19 
37.449515    3.0201940e-19 
37.471920    3.0112320e-19 
37.494325    3.0022700e-19 
37.516730    2.9933080e-19 
37.539135    2.9843460e-19 
37.561540    2.9753840e-19 
37.583945    2.9664220e-19 
37.606350    2.9574600e-19 
37.628755    2.9484980e-19 
37.651160    2.9395360e-19 
37.673565    2.9305740e-19 
37.695970    2.9216120e-19 
37.718375    2.9126500e-19 
37.740780    2.9036880e-19 
37.763185    2.8947260e-19 
37.785590    2.8857640e-19 
37.807995    2.8768020e-19 
37.830400    2.8678400e-19 
37.852805    2.8588780e-19 
37.875210    2.8499160e-19 
37.897615    2.8409540e-19 
37.920020    2.8319920e-19 
37.942425    2.8230300e-19 
37.964830    2.8140680e-19 
37.987235    2.8051060e-19 
38.009640    2.7961440e-19 
38.032045    2.7871820e-19 
38.054450    2.7782200e-19 
38.076855    2.7692580e-19 
38.099260    2.7602960e-19 
38.121665    2.7513340e-19 
38.144070    2.7423720e-19 
38.166475    2.7334100e-19 
38.188880    2.7244480e-19 
38.211285    2.7154860e-19 
38.233690    2.7065240e-19 
38.256095    2.6975620e-19 
38.278500    2.6886000e-19 
38.300905    2.6796380e-19 
38.323310    2.6706760e-19 
38.345715    2.6617140e-19 
38.368120    2.6527520e-19 
38.390525    2.6437900e-19 
38.412930    2.6348280e-19 
38.435335    2.6258660e-19 
38.457740    2.6169040e-19 
38.480145    2.6079420e-19 
38.502550    2.5989800e-19 
38.524955    2.5900180e-19 
38.547360    2.5810560e-19 
38.569765    2.5720940e-19 
38.592170    2.5631320e-19 
38.614575    2.5541700e-19 
38.636980    2.5452080e-19 
38.659385    2.5362460e-19 
38.681790    2.5272840e-19 
38.704195    2.5183220e-19 
38.726600    2.5093600e-19 
38.749005    2.5003980e-19 
38.771410    2.4914360e-19 
38.793815    2.4824740e-19 
38.816220    2.4735120e-19 
38.838625    2.4645500e-19 
38.861030    2.4555880e-19 
38.883435    2.4466260e-19 
38.905840    2.4376640e-19 
38.928245    2.4287020e-19 
38.950650    2.4197400e-19 
38.973055    2.4107780e-19 
38.995460    2.4018160e-19 
39.017865    2.3928540e-19 
39.040270    2.3838920e-19 
39.062675    2.3749300e-19 
39.085080    2.3659680e-19 
39.107485    2.3570060e-19 
39.129890    2.3480440e-19 
39.152295    2.3390820e-19 
39.174700    2.3301200e-19 
39.197105    2.3211580e-19 
39.219510    2.3121960e-19 
39.241915    2.3032340e-19 
39.264320    2.2942720e-19 
39.286725    2.2853100e-19 
39.309130    2.2763480e-19 
39.331535    2.2673860e-19 
39.353940    2.2584240e-19 
39.376345    2.2494620e-19 
39.398750    2.2405000e-19 
39.421155    2.2315380e-19 
39.443560    2.2225760e-19 
39.465965    2.2136140e-19 
39.488370    2.2046520e-19 
39.510775    2.1956900e-19 
39.533180    2.1867280e-19 
39.555585    2.1777660e-19 
39.577990    2.1688040e-19 
39.600395    2.1598420e-19 
39.622800    2.1508800e-19 
39.645205    2.1419180e-19 
39.667610    2.1329560e-19 
39.690015    2.1239940e-19 
39.712420    2.1150320e-19 
39.734825    2.1060700e-19 
39.757230    2.0971080e-19 
39.779635    2.0881460e-19 
39.802040    2.0791840e-19 
39.824445    2.0702220e-19 
39.846850    2.0612600e-19 
39.869255    2.0522980e-19 
39.891660    2.0433360e-19 
39.914065    2.0343740e-19 
39.936470    2.0254120e-19 
39.958875    2.0164500e-19 
39.981280    2.0074880e-19 
40.003685    1.9985260e-19 
40.026090    1.9895640e-19 
40.048495    1.9806020e-19 
40.070900    1.9716400e-19 
40.093305    1.9626780e-19 
40.115710    1.9537160e-19 
40.138115    1.9447540e-19 
40.160520    1.9357920e-19 
40.182925    1.9268300e-19 
40.205330    1.9178680e-19 
40.227735    1.9089060e-19 
40.250140    1.8999440e-19 
40.272545    1.8909820e-19 
40.294950    1.8820200e-19 
40.317355    1.8730580e-19 
40.339760    1.8640960e-19 
40.362165    1.8551340e-19 
40.384570    1.8461720e-19 
40.406975    1.8372100e-19 
40.429380    1.8282480e-19 
40.451785    1.8192860e-19 
40.474190    1.8103240e-19 
40.496595    1.8013620e-19 
40.519000    1.7924000e-19 
40.541405    1.7834380e-19 
40.563810    1.7744760e-19 
40.586215    1.7655140e-19 
40.608620    1.7565520e-19 
40.631025    1.7475900e-19 
40.653430    1.7386280e-19 
40.675835    1.7296660e-19 
40.698240    1.7207040e-19 
40.720645    1.7117420e-19 
40.743050    1.7027800e-19 
40.765455    1.6938180e-19 
40.787860    1.6848560e-19 
40.810265    1.6758940e-19 
40.832670    1.6669320e-19 
40.855075    1.6579700e-19 
40.877480    1.6490080e-19 
40.899885    1.6400460e-19 
40.922290    1.6310840e-19 
40.944695    1.6221220e-19 
40.967100    1.6131600e-19 
40.989505    1.6041980e-19 
41.011910    1.5952360e-19 
41.034315    1.5862740e-19 
41.056720    1.5773120e-19 
41.079125    1.5683500e-19 
41.101530    1.5593880e-19 
41.123935    1.5504260e-19 
41.146340    1.5414640e-19 
41.168745    1.5325020e-19 
41.191150    1.5235400e-19 
41.213555    1.5145780e-19 
41.235960    1.5056160e-19 
41.258365    1.4966540e-19 
41.280770    1.4876920e-19 
41.303175    1.4787300e-19 
41.325580    1.4697680e-19 
41.347985    1.4608060e-19 
41.370390    1.4518440e-19 
41.392795    1.4428820e-19 
41.415200    1.4339200e-19 
41.437605    1.4249580e-19 
41.460010    1.4159960e-19 
41.482415    1.4070340e-19 
41.504820    1.3980720e-19 
41.527225    1.3891100e-19 
41.549630    1.3801480e-19 
41.572035    1.3711860e-19 
41.594440    1.3622240e-19 
41.616845    1.3532620e-19 
41.639250    1.3443000e-19 
41.661655    1.3353380e-19 
41.684060    1.3263760e-19 
41.706465    1.3174140e-19 
41.728870    1.3084520e-19 
41.751275    1.2994900e-19 
41.773680    1.2905280e-19 
41.796085    1.2815660e-19 
41.818490    1.2726040e-19 
41.840895    1.2636420e-19 
41.863300    1.2546800e-19 
41.885705    1.2457180e-19 
41.908110    1.2367560e-19 
41.930515    1.2277940e-19 
41.952920    1.2188320e-19 
41.975325    1.2098700e-19 
41.997730    1.2009080e-19 
42.020135    1.1919460e-19 
42.042540    1.1829840e-19 
42.064945    1.1740220e-19 
42.087350    1.1650600e-19 
42.109755    1.1560980e-19 
42.132160    1.1471360e-19 
42.154565    1.1381740e-19 
42.176970    1.1292120e-19 
42.199375    1.1202500e-19 
42.221780    1.1112880e-19 
42.244185    1.1023260e-19 
42.266590    1.0933640e-19 
42.288995    1.0844020e-19 
42.311400    1.0754400e-19 
42.333805    1.0664780e-19 
42.356210    1.0575160e-19 
42.378615    1.0485540e-19 
42.401020    1.0395920e-19 
42.423425    1.0306300e-19 
42.445830    1.0216680e-19 
42.468235    1.0127060e-19 
42.490640    1.0037440e-19 
42.513045    9.9478200e-20 
42.535450    9.8582000e-20 
42.557855    9.7685800e-20 
42.580260    9.6789600e-20 
42.602665    9.5893400e-20 
42.625070    9.4997200e-20 
42.647475    9.4101000e-20 
42.669880    9.3204800e-20 
42.692285    9.2308600e-20 
42.714690    9.1412400e-20 
42.737095    9.0516200e-20 
42.759500    8.9620000e-20 
42.781905    8.8723800e-20 
42.804310    8.7827600e-20 
42.826715    8.6931400e-20 
42.849120    8.6035200e-20 
42.871525    8.5139000e-20 
42.893930    8.4242800e-20 
42.916335    8.3346600e-20 
42.938740    8.2450400e-20 
42.961145    8.1554200e-20 
42.983550    8.0658000e-20 
43.005955    7.9761800e-20 
43.028360    7.8865600e-20 
43.050765    7.7969400e-20 
43.073170    7.7073200e-20 
43.095575    7.6177000e-20 
43.117980    7.5280800e-20 
43.140385    7.4384600e-20 
43.162790    7.3488400e-20 
43.185195    7.2592200e-20 
43.207600    7.1696000e-20 
43.230005    7.0799800e-20 
43.252410    6.9903600e-20 
43.274815    6.9007400e-20 
43.297220    6.8111200e-20 
43.319625    6.7215000e-20 
43.342030    6.6318800e-20 
43.364435    6.5422600e-20 
43.386840    6.4526400e-20 
43.409245    6.3630200e-20 
43.431650    6.2734000e-20 
43.454055    6.1837800e-20 
43.476460    6.0941600e-20 
43.498865    6.0045400e-20 
43.521270    5.9149200e-20 
43.543675    5.8253000e-20 
43.566080    5.7356800e-20 
43.588485    5.6460600e-20 
43.610890    5.5564400e-20 
43.633295    5.4668200e-20 
43.655700    5.3772000e-20 
43.678105    5.2875800e-20 
43.700510    5.1979600e-20 
43.722915    5.1083400e-20 
43.745320    5.0187200e-20 
43.767725    4.9291000e-20 
43.790130    4.8394800e-20 
43.812535    4.7498600e-20 
43.834940    4.6602400e-20 
43.857345    4.5706200e-20 
43.879750    4.4810000e-20 
43.902155    4.3913800e-20 
43.924560    4.3017600e-20 
43.946965    4.2121400e-20 
43.969370    4.1225200e-20 
43.991775    4.0329000e-20 
44.014180    3.9432800e-20 
44.036585    3.8536600e-20 
44.058990    3.7640400e-20 
44.081395    3.6744200e-20 
44.103800    3.5848000e-20 
44.126205    3.4951800e-20 
44.148610    3.4055600e-20 
44.171015    3.3159400e-20 
44.193420    3.2263200e-20 
44.215825    3.1367000e-20 
44.238230    3.0470800e-20 
44.260635    2.9574600e-20 
44.283040    2.8678400e-20 
44.305445    2.7782200e-20 
44.327850    2.6886000e-20 
44.350255    2.5989800e-20 
44.372660    2.5093600e-20 
44.395065    2.4197400e-20 
44.417470    2.3301200e-20 
44.439875    2.2405000e-20 
44.462280    2.1508800e-20 
44.484685    2.0612600e-20 
44.507090    1.9716400e-20 
44.529495    1.8820200e-20 
44.551900    1.7924000e-20 
44.574305    1.7027800e-20 
44.596710    1.6131600e-20 
44.619115    1.5235400e-20 
44.641520    1.4339200e-20 
44.663925    1.3443000e-20 
44.686330    1.2546800e-20 
44.708735    1.1650600e-20 
44.731140    1.0754400e-20 
44.753545    9.8582000e-21 
44.775950    8.9620000e-21 
44.798355    8.0658000e-21 
44.820760    7.1696000e-21 
44.843165    6.2734000e-21 
44.865570    5.3772000e-21 
44.887975    4.4810000e-21 
44.910380    3.5848000e-21 
44.932785    2.6886000e-21 
44.955190    1.7924000e-21 
44.977595    8.9620000e-22 
45.000000    0.0000000e+00 
