0.000000    1.8000000e-15 
0.004500    1.8000000e-15 
0.009000    1.8000000e-15 
0.013500    1.7914634e-15 
0.018000    1.7804878e-15 
0.022500    1.7695122e-15 
0.027000    1.7585366e-15 
0.031500    1.7475610e-15 
0.036000    1.7365854e-15 
0.040500    1.7256098e-15 
0.045000    1.7146341e-15 
0.049500    1.7036585e-15 
0.054000    1.6926829e-15 
0.058500    1.6817073e-15 
0.063000    1.6707317e-15 
0.067500    1.6597561e-15 
0.072000    1.6487805e-15 
0.076500    1.6378049e-15 
0.081000    1.6268293e-15 
0.085500    1.6158537e-15 
0.090000    1.6048780e-15 
0.094500    1.5939024e-15 
0.099000    1.5829268e-15 
0.103500    1.5719512e-15 
0.108000    1.5609756e-15 
0.112500    1.5500000e-15 
0.117000    1.5390244e-15 
0.121500    1.5280488e-15 
0.126000    1.5170732e-15 
0.130500    1.5060976e-15 
0.135000    1.4975182e-15 
0.139500    1.4919343e-15 
0.144000    1.4863504e-15 
0.148500    1.4807664e-15 
0.153000    1.4751825e-15 
0.157500    1.4695985e-15 
0.162000    1.4640146e-15 
0.166500    1.4584307e-15 
0.171000    1.4528467e-15 
0.175500    1.4472628e-15 
0.180000    1.4416788e-15 
0.184500    1.4360949e-15 
0.189000    1.4305109e-15 
0.193500    1.4249270e-15 
0.198000    1.4193431e-15 
0.202500    1.4137591e-15 
0.207000    1.4081752e-15 
0.211500    1.4025912e-15 
0.216000    1.3970073e-15 
0.220500    1.3914234e-15 
0.225000    1.3858394e-15 
0.229500    1.3802555e-15 
0.234000    1.3746715e-15 
0.238500    1.3690876e-15 
0.243000    1.3635036e-15 
0.247500    1.3579197e-15 
0.252000    1.3523358e-15 
0.256500    1.3467518e-15 
0.261000    1.3411679e-15 
0.265500    1.3355839e-15 
0.270000    1.3300000e-15 
0.274500    1.3250500e-15 
0.279000    1.3201000e-15 
0.283500    1.3151500e-15 
0.288000    1.3102000e-15 
0.292500    1.3052500e-15 
0.297000    1.3003000e-15 
0.301500    1.2953500e-15 
0.306000    1.2904000e-15 
0.310500    1.2854500e-15 
0.315000    1.2805000e-15 
0.319500    1.2755500e-15 
0.324000    1.2706000e-15 
0.328500    1.2656500e-15 
0.333000    1.2607000e-15 
0.337500    1.2557500e-15 
0.342000    1.2508000e-15 
0.346500    1.2458500e-15 
0.351000    1.2409000e-15 
0.355500    1.2359500e-15 
0.360000    1.2310000e-15 
0.364500    1.2260500e-15 
0.369000    1.2211000e-15 
0.373500    1.2161500e-15 
0.378000    1.2112000e-15 
0.382500    1.2062500e-15 
0.387000    1.2013000e-15 
0.391500    1.1963500e-15 
0.396000    1.1914000e-15 
0.400500    1.1864500e-15 
0.405000    1.1815000e-15 
0.409500    1.1765500e-15 
0.414000    1.1716000e-15 
0.418500    1.1666500e-15 
0.423000    1.1617000e-15 
0.427500    1.1567500e-15 
0.432000    1.1518000e-15 
0.436500    1.1468500e-15 
0.441000    1.1419000e-15 
0.445500    1.1369500e-15 
0.450000    1.1320000e-15 
0.454500    1.1270500e-15 
0.459000    1.1221000e-15 
0.463500    1.1171500e-15 
0.468000    1.1122000e-15 
0.472500    1.1072500e-15 
0.477000    1.1023000e-15 
0.481500    1.0973500e-15 
0.486000    1.0924000e-15 
0.490500    1.0874500e-15 
0.495000    1.0825000e-15 
0.499500    1.0775500e-15 
0.504000    1.0726000e-15 
0.508500    1.0676500e-15 
0.513000    1.0627000e-15 
0.517500    1.0577500e-15 
0.522000    1.0528000e-15 
0.526500    1.0478500e-15 
0.531000    1.0429000e-15 
0.535500    1.0379500e-15 
0.540000    1.0330000e-15 
0.544500    1.0280500e-15 
0.549000    1.0231000e-15 
0.553500    1.0181500e-15 
0.558000    1.0132000e-15 
0.562500    1.0082500e-15 
0.567000    1.0033000e-15 
0.571500    9.9869565e-16 
0.576000    9.9478261e-16 
0.580500    9.9086957e-16 
0.585000    9.8695652e-16 
0.589500    9.8304348e-16 
0.594000    9.7913043e-16 
0.598500    9.7521739e-16 
0.603000    9.7130435e-16 
0.607500    9.6739130e-16 
0.612000    9.6347826e-16 
0.616500    9.5956522e-16 
0.621000    9.5565217e-16 
0.625500    9.5173913e-16 
0.630000    9.4782609e-16 
0.634500    9.4391304e-16 
0.639000    9.4000000e-16 
0.643500    9.3608696e-16 
0.648000    9.3217391e-16 
0.652500    9.2826087e-16 
0.657000    9.2434783e-16 
0.661500    9.2043478e-16 
0.666000    9.1652174e-16 
0.670500    9.1260870e-16 
0.675000    9.0869565e-16 
0.679500    9.0478261e-16 
0.684000    9.0086957e-16 
0.688500    8.9695652e-16 
0.693000    8.9304348e-16 
0.697500    8.8913043e-16 
0.702000    8.8521739e-16 
0.706500    8.8130435e-16 
0.711000    8.7739130e-16 
0.715500    8.7347826e-16 
0.720000    8.6956522e-16 
0.724500    8.6565217e-16 
0.729000    8.6173913e-16 
0.733500    8.5782609e-16 
0.738000    8.5391304e-16 
0.742500    8.5000000e-16 
0.747000    8.4608696e-16 
0.751500    8.4217391e-16 
0.756000    8.3826087e-16 
0.760500    8.3434783e-16 
0.765000    8.3043478e-16 
0.769500    8.2652174e-16 
0.774000    8.2260870e-16 
0.778500    8.1869565e-16 
0.783000    8.1478261e-16 
0.787500    8.1086957e-16 
0.792000    8.0695652e-16 
0.796500    8.0304348e-16 
0.801000    7.9925000e-16 
0.805500    7.9587500e-16 
0.810000    7.9250000e-16 
0.814500    7.8912500e-16 
0.819000    7.8575000e-16 
0.823500    7.8237500e-16 
0.828000    7.7900000e-16 
0.832500    7.7562500e-16 
0.837000    7.7225000e-16 
0.841500    7.6887500e-16 
0.846000    7.6550000e-16 
0.850500    7.6212500e-16 
0.855000    7.5875000e-16 
0.859500    7.5537500e-16 
0.864000    7.5200000e-16 
0.868500    7.4862500e-16 
0.873000    7.4525000e-16 
0.877500    7.4187500e-16 
0.882000    7.3850000e-16 
0.886500    7.3512500e-16 
0.891000    7.3175000e-16 
0.895500    7.2837500e-16 
0.900000    7.2500000e-16 
0.904500    7.2162500e-16 
0.909000    7.1825000e-16 
0.913500    7.1487500e-16 
0.918000    7.1150000e-16 
0.922500    7.0812500e-16 
0.927000    7.0475000e-16 
0.931500    7.0137500e-16 
0.936000    6.9800000e-16 
0.940500    6.9462500e-16 
0.945000    6.9125000e-16 
0.949500    6.8787500e-16 
0.954000    6.8450000e-16 
0.958500    6.8112500e-16 
0.963000    6.7775000e-16 
0.967500    6.7437500e-16 
0.972000    6.7100000e-16 
0.976500    6.6762500e-16 
0.981000    6.6425000e-16 
0.985500    6.6087500e-16 
0.990000    6.5750000e-16 
0.994500    6.5412500e-16 
0.999000    6.5075000e-16 
1.003500    6.4856500e-16 
1.008000    6.4672000e-16 
1.012500    6.4487500e-16 
1.017000    6.4303000e-16 
1.021500    6.4118500e-16 
1.026000    6.3934000e-16 
1.030500    6.3749500e-16 
1.035000    6.3565000e-16 
1.039500    6.3380500e-16 
1.044000    6.3196000e-16 
1.048500    6.3011500e-16 
1.053000    6.2827000e-16 
1.057500    6.2642500e-16 
1.062000    6.2458000e-16 
1.066500    6.2273500e-16 
1.071000    6.2089000e-16 
1.075500    6.1904500e-16 
1.080000    6.1720000e-16 
1.084500    6.1535500e-16 
1.089000    6.1351000e-16 
1.093500    6.1166500e-16 
1.098000    6.0982000e-16 
1.102500    6.0797500e-16 
1.107000    6.0613000e-16 
1.111500    6.0428500e-16 
1.116000    6.0244000e-16 
1.120500    6.0059500e-16 
1.125000    5.9875000e-16 
1.129500    5.9690500e-16 
1.134000    5.9506000e-16 
1.138500    5.9321500e-16 
1.143000    5.9137000e-16 
1.147500    5.8952500e-16 
1.152000    5.8768000e-16 
1.156500    5.8583500e-16 
1.161000    5.8399000e-16 
1.165500    5.8214500e-16 
1.170000    5.8030000e-16 
1.174500    5.7845500e-16 
1.179000    5.7661000e-16 
1.183500    5.7476500e-16 
1.188000    5.7292000e-16 
1.192500    5.7107500e-16 
1.197000    5.6923000e-16 
1.201500    5.6738500e-16 
1.206000    5.6554000e-16 
1.210500    5.6369500e-16 
1.215000    5.6185000e-16 
1.219500    5.6000500e-16 
1.224000    5.5816000e-16 
1.228500    5.5631500e-16 
1.233000    5.5447000e-16 
1.237500    5.5262500e-16 
1.242000    5.5078000e-16 
1.246500    5.4893500e-16 
1.251000    5.4709000e-16 
1.255500    5.4524500e-16 
1.260000    5.4340000e-16 
1.264500    5.4155500e-16 
1.269000    5.3971000e-16 
1.273500    5.3786500e-16 
1.278000    5.3602000e-16 
1.282500    5.3417500e-16 
1.287000    5.3233000e-16 
1.291500    5.3048500e-16 
1.296000    5.2864000e-16 
1.300500    5.2679500e-16 
1.305000    5.2495000e-16 
1.309500    5.2310500e-16 
1.314000    5.2126000e-16 
1.318500    5.1941500e-16 
1.323000    5.1757000e-16 
1.327500    5.1572500e-16 
1.332000    5.1388000e-16 
1.336500    5.1203500e-16 
1.341000    5.1019000e-16 
1.345500    5.0834500e-16 
1.350000    5.0650000e-16 
1.354500    5.0465500e-16 
1.359000    5.0281000e-16 
1.363500    5.0096500e-16 
1.368000    4.9912000e-16 
1.372500    4.9727500e-16 
1.377000    4.9543000e-16 
1.381500    4.9358500e-16 
1.386000    4.9174000e-16 
1.390500    4.8989500e-16 
1.395000    4.8805000e-16 
1.399500    4.8620500e-16 
1.404000    4.8436000e-16 
1.408500    4.8251500e-16 
1.413000    4.8067000e-16 
1.417500    4.7882500e-16 
1.422000    4.7698000e-16 
1.426500    4.7513500e-16 
1.431000    4.7329000e-16 
1.435500    4.7144500e-16 
1.440000    4.6960000e-16 
1.444500    4.6775500e-16 
1.449000    4.6591000e-16 
1.453500    4.6406500e-16 
1.458000    4.6222000e-16 
1.462500    4.6037500e-16 
1.467000    4.5853000e-16 
1.471500    4.5668500e-16 
1.476000    4.5484000e-16 
1.480500    4.5299500e-16 
1.485000    4.5115000e-16 
1.489500    4.4930500e-16 
1.494000    4.4746000e-16 
1.498500    4.4561500e-16 
1.503000    4.4377000e-16 
1.507500    4.4192500e-16 
1.512000    4.4008000e-16 
1.516500    4.3823500e-16 
1.521000    4.3639000e-16 
1.525500    4.3454500e-16 
1.530000    4.3270000e-16 
1.534500    4.3085500e-16 
1.539000    4.2901000e-16 
1.543500    4.2716500e-16 
1.548000    4.2532000e-16 
1.552500    4.2347500e-16 
1.557000    4.2163000e-16 
1.561500    4.1978500e-16 
1.566000    4.1794000e-16 
1.570500    4.1609500e-16 
1.575000    4.1425000e-16 
1.579500    4.1240500e-16 
1.584000    4.1056000e-16 
1.588500    4.0871500e-16 
1.593000    4.0687000e-16 
1.597500    4.0502500e-16 
1.602000    4.0318000e-16 
1.606500    4.0133500e-16 
1.611000    3.9949000e-16 
1.615500    3.9764500e-16 
1.620000    3.9580000e-16 
1.624500    3.9395500e-16 
1.629000    3.9211000e-16 
1.633500    3.9026500e-16 
1.638000    3.8842000e-16 
1.642500    3.8657500e-16 
1.647000    3.8473000e-16 
1.651500    3.8288500e-16 
1.656000    3.8104000e-16 
1.660500    3.7919500e-16 
1.665000    3.7735000e-16 
1.669500    3.7550500e-16 
1.674000    3.7366000e-16 
1.678500    3.7181500e-16 
1.683000    3.6997000e-16 
1.687500    3.6812500e-16 
1.692000    3.6628000e-16 
1.696500    3.6443500e-16 
1.701000    3.6259000e-16 
1.705500    3.6074500e-16 
1.710000    3.5890000e-16 
1.714500    3.5705500e-16 
1.719000    3.5521000e-16 
1.723500    3.5336500e-16 
1.728000    3.5152000e-16 
1.732500    3.4967500e-16 
1.737000    3.4783000e-16 
1.741500    3.4598500e-16 
1.746000    3.4414000e-16 
1.750500    3.4229500e-16 
1.755000    3.4045000e-16 
1.759500    3.3860500e-16 
1.764000    3.3676000e-16 
1.768500    3.3491500e-16 
1.773000    3.3307000e-16 
1.777500    3.3122500e-16 
1.782000    3.2938000e-16 
1.786500    3.2753500e-16 
1.791000    3.2569000e-16 
1.795500    3.2384500e-16 
1.800000    3.2200000e-16 
1.804500    3.2015500e-16 
1.809000    3.1831000e-16 
1.813500    3.1646500e-16 
1.818000    3.1462000e-16 
1.822500    3.1277500e-16 
1.827000    3.1093000e-16 
1.831500    3.0908500e-16 
1.836000    3.0724000e-16 
1.840500    3.0539500e-16 
1.845000    3.0355000e-16 
1.849500    3.0170500e-16 
1.854000    2.9986000e-16 
1.858500    2.9801500e-16 
1.863000    2.9617000e-16 
1.867500    2.9432500e-16 
1.872000    2.9248000e-16 
1.876500    2.9063500e-16 
1.881000    2.8879000e-16 
1.885500    2.8694500e-16 
1.890000    2.8510000e-16 
1.894500    2.8325500e-16 
1.899000    2.8141000e-16 
1.903500    2.7956500e-16 
1.908000    2.7772000e-16 
1.912500    2.7587500e-16 
1.917000    2.7403000e-16 
1.921500    2.7218500e-16 
1.926000    2.7034000e-16 
1.930500    2.6849500e-16 
1.935000    2.6665000e-16 
1.939500    2.6480500e-16 
1.944000    2.6296000e-16 
1.948500    2.6111500e-16 
1.953000    2.5927000e-16 
1.957500    2.5742500e-16 
1.962000    2.5558000e-16 
1.966500    2.5373500e-16 
1.971000    2.5189000e-16 
1.975500    2.5004500e-16 
1.980000    2.4820000e-16 
1.984500    2.4635500e-16 
1.989000    2.4451000e-16 
1.993500    2.4266500e-16 
1.998000    2.4082000e-16 
2.002500    2.3962500e-16 
2.007000    2.3895000e-16 
2.011500    2.3827500e-16 
2.016000    2.3760000e-16 
2.020500    2.3692500e-16 
2.025000    2.3625000e-16 
2.029500    2.3557500e-16 
2.034000    2.3490000e-16 
2.038500    2.3422500e-16 
2.043000    2.3355000e-16 
2.047500    2.3287500e-16 
2.052000    2.3220000e-16 
2.056500    2.3152500e-16 
2.061000    2.3085000e-16 
2.065500    2.3017500e-16 
2.070000    2.2950000e-16 
2.074500    2.2882500e-16 
2.079000    2.2815000e-16 
2.083500    2.2747500e-16 
2.088000    2.2680000e-16 
2.092500    2.2612500e-16 
2.097000    2.2545000e-16 
2.101500    2.2477500e-16 
2.106000    2.2410000e-16 
2.110500    2.2342500e-16 
2.115000    2.2275000e-16 
2.119500    2.2207500e-16 
2.124000    2.2140000e-16 
2.128500    2.2072500e-16 
2.133000    2.2005000e-16 
2.137500    2.1937500e-16 
2.142000    2.1870000e-16 
2.146500    2.1802500e-16 
2.151000    2.1735000e-16 
2.155500    2.1667500e-16 
2.160000    2.1600000e-16 
2.164500    2.1532500e-16 
2.169000    2.1465000e-16 
2.173500    2.1397500e-16 
2.178000    2.1330000e-16 
2.182500    2.1262500e-16 
2.187000    2.1195000e-16 
2.191500    2.1127500e-16 
2.196000    2.1060000e-16 
2.200500    2.0992500e-16 
2.205000    2.0925000e-16 
2.209500    2.0857500e-16 
2.214000    2.0790000e-16 
2.218500    2.0722500e-16 
2.223000    2.0655000e-16 
2.227500    2.0587500e-16 
2.232000    2.0520000e-16 
2.236500    2.0452500e-16 
2.241000    2.0385000e-16 
2.245500    2.0317500e-16 
2.250000    2.0250000e-16 
2.254500    2.0182500e-16 
2.259000    2.0115000e-16 
2.263500    2.0047500e-16 
2.268000    1.9980000e-16 
2.272500    1.9912500e-16 
2.277000    1.9845000e-16 
2.281500    1.9777500e-16 
2.286000    1.9710000e-16 
2.290500    1.9642500e-16 
2.295000    1.9575000e-16 
2.299500    1.9507500e-16 
2.304000    1.9440000e-16 
2.308500    1.9372500e-16 
2.313000    1.9305000e-16 
2.317500    1.9237500e-16 
2.322000    1.9170000e-16 
2.326500    1.9102500e-16 
2.331000    1.9035000e-16 
2.335500    1.8967500e-16 
2.340000    1.8900000e-16 
2.344500    1.8832500e-16 
2.349000    1.8765000e-16 
2.353500    1.8697500e-16 
2.358000    1.8630000e-16 
2.362500    1.8562500e-16 
2.367000    1.8495000e-16 
2.371500    1.8427500e-16 
2.376000    1.8360000e-16 
2.380500    1.8292500e-16 
2.385000    1.8225000e-16 
2.389500    1.8157500e-16 
2.394000    1.8090000e-16 
2.398500    1.8022500e-16 
2.403000    1.7955000e-16 
2.407500    1.7887500e-16 
2.412000    1.7820000e-16 
2.416500    1.7752500e-16 
2.421000    1.7685000e-16 
2.425500    1.7617500e-16 
2.430000    1.7550000e-16 
2.434500    1.7482500e-16 
2.439000    1.7415000e-16 
2.443500    1.7347500e-16 
2.448000    1.7280000e-16 
2.452500    1.7212500e-16 
2.457000    1.7145000e-16 
2.461500    1.7077500e-16 
2.466000    1.7010000e-16 
2.470500    1.6942500e-16 
2.475000    1.6875000e-16 
2.479500    1.6807500e-16 
2.484000    1.6740000e-16 
2.488500    1.6672500e-16 
2.493000    1.6605000e-16 
2.497500    1.6537500e-16 
2.502000    1.6470000e-16 
2.506500    1.6402500e-16 
2.511000    1.6335000e-16 
2.515500    1.6267500e-16 
2.520000    1.6200000e-16 
2.524500    1.6132500e-16 
2.529000    1.6065000e-16 
2.533500    1.5997500e-16 
2.538000    1.5930000e-16 
2.542500    1.5862500e-16 
2.547000    1.5795000e-16 
2.551500    1.5727500e-16 
2.556000    1.5660000e-16 
2.560500    1.5592500e-16 
2.565000    1.5525000e-16 
2.569500    1.5457500e-16 
2.574000    1.5390000e-16 
2.578500    1.5322500e-16 
2.583000    1.5255000e-16 
2.587500    1.5187500e-16 
2.592000    1.5120000e-16 
2.596500    1.5052500e-16 
2.601000    1.4985000e-16 
2.605500    1.4917500e-16 
2.610000    1.4850000e-16 
2.614500    1.4782500e-16 
2.619000    1.4715000e-16 
2.623500    1.4647500e-16 
2.628000    1.4580000e-16 
2.632500    1.4512500e-16 
2.637000    1.4445000e-16 
2.641500    1.4377500e-16 
2.646000    1.4310000e-16 
2.650500    1.4242500e-16 
2.655000    1.4175000e-16 
2.659500    1.4107500e-16 
2.664000    1.4040000e-16 
2.668500    1.3972500e-16 
2.673000    1.3905000e-16 
2.677500    1.3837500e-16 
2.682000    1.3770000e-16 
2.686500    1.3702500e-16 
2.691000    1.3635000e-16 
2.695500    1.3567500e-16 
2.700000    1.3500000e-16 
2.704500    1.3432500e-16 
2.709000    1.3365000e-16 
2.713500    1.3297500e-16 
2.718000    1.3230000e-16 
2.722500    1.3162500e-16 
2.727000    1.3095000e-16 
2.731500    1.3027500e-16 
2.736000    1.2960000e-16 
2.740500    1.2892500e-16 
2.745000    1.2825000e-16 
2.749500    1.2757500e-16 
2.754000    1.2690000e-16 
2.758500    1.2622500e-16 
2.763000    1.2555000e-16 
2.767500    1.2487500e-16 
2.772000    1.2420000e-16 
2.776500    1.2352500e-16 
2.781000    1.2285000e-16 
2.785500    1.2217500e-16 
2.790000    1.2150000e-16 
2.794500    1.2082500e-16 
2.799000    1.2015000e-16 
2.803500    1.1947500e-16 
2.808000    1.1880000e-16 
2.812500    1.1812500e-16 
2.817000    1.1745000e-16 
2.821500    1.1677500e-16 
2.826000    1.1610000e-16 
2.830500    1.1542500e-16 
2.835000    1.1475000e-16 
2.839500    1.1407500e-16 
2.844000    1.1340000e-16 
2.848500    1.1272500e-16 
2.853000    1.1205000e-16 
2.857500    1.1137500e-16 
2.862000    1.1070000e-16 
2.866500    1.1002500e-16 
2.871000    1.0935000e-16 
2.875500    1.0867500e-16 
2.880000    1.0800000e-16 
2.884500    1.0732500e-16 
2.889000    1.0665000e-16 
2.893500    1.0597500e-16 
2.898000    1.0530000e-16 
2.902500    1.0462500e-16 
2.907000    1.0395000e-16 
2.911500    1.0327500e-16 
2.916000    1.0260000e-16 
2.920500    1.0192500e-16 
2.925000    1.0125000e-16 
2.929500    1.0057500e-16 
2.934000    9.9900000e-17 
2.938500    9.9225000e-17 
2.943000    9.8550000e-17 
2.947500    9.7875000e-17 
2.952000    9.7200000e-17 
2.956500    9.6525000e-17 
2.961000    9.5850000e-17 
2.965500    9.5175000e-17 
2.970000    9.4500000e-17 
2.974500    9.3825000e-17 
2.979000    9.3150000e-17 
2.983500    9.2475000e-17 
2.988000    9.1800000e-17 
2.992500    9.1125000e-17 
2.997000    9.0450000e-17 
3.001500    8.9940750e-17 
3.006000    8.9763000e-17 
3.010500    8.9585250e-17 
3.015000    8.9407500e-17 
3.019500    8.9229750e-17 
3.024000    8.9052000e-17 
3.028500    8.8874250e-17 
3.033000    8.8696500e-17 
3.037500    8.8518750e-17 
3.042000    8.8341000e-17 
3.046500    8.8163250e-17 
3.051000    8.7985500e-17 
3.055500    8.7807750e-17 
3.060000    8.7630000e-17 
3.064500    8.7452250e-17 
3.069000    8.7274500e-17 
3.073500    8.7096750e-17 
3.078000    8.6919000e-17 
3.082500    8.6741250e-17 
3.087000    8.6563500e-17 
3.091500    8.6385750e-17 
3.096000    8.6208000e-17 
3.100500    8.6030250e-17 
3.105000    8.5852500e-17 
3.109500    8.5674750e-17 
3.114000    8.5497000e-17 
3.118500    8.5319250e-17 
3.123000    8.5141500e-17 
3.127500    8.4963750e-17 
3.132000    8.4786000e-17 
3.136500    8.4608250e-17 
3.141000    8.4430500e-17 
3.145500    8.4252750e-17 
3.150000    8.4075000e-17 
3.154500    8.3897250e-17 
3.159000    8.3719500e-17 
3.163500    8.3541750e-17 
3.168000    8.3364000e-17 
3.172500    8.3186250e-17 
3.177000    8.3008500e-17 
3.181500    8.2830750e-17 
3.186000    8.2653000e-17 
3.190500    8.2475250e-17 
3.195000    8.2297500e-17 
3.199500    8.2119750e-17 
3.204000    8.1942000e-17 
3.208500    8.1764250e-17 
3.213000    8.1586500e-17 
3.217500    8.1408750e-17 
3.222000    8.1231000e-17 
3.226500    8.1053250e-17 
3.231000    8.0875500e-17 
3.235500    8.0697750e-17 
3.240000    8.0520000e-17 
3.244500    8.0342250e-17 
3.249000    8.0164500e-17 
3.253500    7.9986750e-17 
3.258000    7.9809000e-17 
3.262500    7.9631250e-17 
3.267000    7.9453500e-17 
3.271500    7.9275750e-17 
3.276000    7.9098000e-17 
3.280500    7.8920250e-17 
3.285000    7.8742500e-17 
3.289500    7.8564750e-17 
3.294000    7.8387000e-17 
3.298500    7.8209250e-17 
3.303000    7.8031500e-17 
3.307500    7.7853750e-17 
3.312000    7.7676000e-17 
3.316500    7.7498250e-17 
3.321000    7.7320500e-17 
3.325500    7.7142750e-17 
3.330000    7.6965000e-17 
3.334500    7.6787250e-17 
3.339000    7.6609500e-17 
3.343500    7.6431750e-17 
3.348000    7.6254000e-17 
3.352500    7.6076250e-17 
3.357000    7.5898500e-17 
3.361500    7.5720750e-17 
3.366000    7.5543000e-17 
3.370500    7.5365250e-17 
3.375000    7.5187500e-17 
3.379500    7.5009750e-17 
3.384000    7.4832000e-17 
3.388500    7.4654250e-17 
3.393000    7.4476500e-17 
3.397500    7.4298750e-17 
3.402000    7.4121000e-17 
3.406500    7.3943250e-17 
3.411000    7.3765500e-17 
3.415500    7.3587750e-17 
3.420000    7.3410000e-17 
3.424500    7.3232250e-17 
3.429000    7.3054500e-17 
3.433500    7.2876750e-17 
3.438000    7.2699000e-17 
3.442500    7.2521250e-17 
3.447000    7.2343500e-17 
3.451500    7.2165750e-17 
3.456000    7.1988000e-17 
3.460500    7.1810250e-17 
3.465000    7.1632500e-17 
3.469500    7.1454750e-17 
3.474000    7.1277000e-17 
3.478500    7.1099250e-17 
3.483000    7.0921500e-17 
3.487500    7.0743750e-17 
3.492000    7.0566000e-17 
3.496500    7.0388250e-17 
3.501000    7.0210500e-17 
3.505500    7.0032750e-17 
3.510000    6.9855000e-17 
3.514500    6.9677250e-17 
3.519000    6.9499500e-17 
3.523500    6.9321750e-17 
3.528000    6.9144000e-17 
3.532500    6.8966250e-17 
3.537000    6.8788500e-17 
3.541500    6.8610750e-17 
3.546000    6.8433000e-17 
3.550500    6.8255250e-17 
3.555000    6.8077500e-17 
3.559500    6.7899750e-17 
3.564000    6.7722000e-17 
3.568500    6.7544250e-17 
3.573000    6.7366500e-17 
3.577500    6.7188750e-17 
3.582000    6.7011000e-17 
3.586500    6.6833250e-17 
3.591000    6.6655500e-17 
3.595500    6.6477750e-17 
3.600000    6.6300000e-17 
3.604500    6.6122250e-17 
3.609000    6.5944500e-17 
3.613500    6.5766750e-17 
3.618000    6.5589000e-17 
3.622500    6.5411250e-17 
3.627000    6.5233500e-17 
3.631500    6.5055750e-17 
3.636000    6.4878000e-17 
3.640500    6.4700250e-17 
3.645000    6.4522500e-17 
3.649500    6.4344750e-17 
3.654000    6.4167000e-17 
3.658500    6.3989250e-17 
3.663000    6.3811500e-17 
3.667500    6.3633750e-17 
3.672000    6.3456000e-17 
3.676500    6.3278250e-17 
3.681000    6.3100500e-17 
3.685500    6.2922750e-17 
3.690000    6.2745000e-17 
3.694500    6.2567250e-17 
3.699000    6.2389500e-17 
3.703500    6.2211750e-17 
3.708000    6.2034000e-17 
3.712500    6.1856250e-17 
3.717000    6.1678500e-17 
3.721500    6.1500750e-17 
3.726000    6.1323000e-17 
3.730500    6.1145250e-17 
3.735000    6.0967500e-17 
3.739500    6.0789750e-17 
3.744000    6.0612000e-17 
3.748500    6.0434250e-17 
3.753000    6.0256500e-17 
3.757500    6.0078750e-17 
3.762000    5.9901000e-17 
3.766500    5.9723250e-17 
3.771000    5.9545500e-17 
3.775500    5.9367750e-17 
3.780000    5.9190000e-17 
3.784500    5.9012250e-17 
3.789000    5.8834500e-17 
3.793500    5.8656750e-17 
3.798000    5.8479000e-17 
3.802500    5.8301250e-17 
3.807000    5.8123500e-17 
3.811500    5.7945750e-17 
3.816000    5.7768000e-17 
3.820500    5.7590250e-17 
3.825000    5.7412500e-17 
3.829500    5.7234750e-17 
3.834000    5.7057000e-17 
3.838500    5.6879250e-17 
3.843000    5.6701500e-17 
3.847500    5.6523750e-17 
3.852000    5.6346000e-17 
3.856500    5.6168250e-17 
3.861000    5.5990500e-17 
3.865500    5.5812750e-17 
3.870000    5.5635000e-17 
3.874500    5.5457250e-17 
3.879000    5.5279500e-17 
3.883500    5.5101750e-17 
3.888000    5.4924000e-17 
3.892500    5.4746250e-17 
3.897000    5.4568500e-17 
3.901500    5.4390750e-17 
3.906000    5.4213000e-17 
3.910500    5.4035250e-17 
3.915000    5.3857500e-17 
3.919500    5.3679750e-17 
3.924000    5.3502000e-17 
3.928500    5.3324250e-17 
3.933000    5.3146500e-17 
3.937500    5.2968750e-17 
3.942000    5.2791000e-17 
3.946500    5.2613250e-17 
3.951000    5.2435500e-17 
3.955500    5.2257750e-17 
3.960000    5.2080000e-17 
3.964500    5.1902250e-17 
3.969000    5.1724500e-17 
3.973500    5.1546750e-17 
3.978000    5.1369000e-17 
3.982500    5.1191250e-17 
3.987000    5.1013500e-17 
3.991500    5.0835750e-17 
3.996000    5.0658000e-17 
4.000500    5.0480250e-17 
4.005000    5.0302500e-17 
4.009500    5.0124750e-17 
4.014000    4.9947000e-17 
4.018500    4.9769250e-17 
4.023000    4.9591500e-17 
4.027500    4.9413750e-17 
4.032000    4.9236000e-17 
4.036500    4.9058250e-17 
4.041000    4.8880500e-17 
4.045500    4.8702750e-17 
4.050000    4.8525000e-17 
4.054500    4.8347250e-17 
4.059000    4.8169500e-17 
4.063500    4.7991750e-17 
4.068000    4.7814000e-17 
4.072500    4.7636250e-17 
4.077000    4.7458500e-17 
4.081500    4.7280750e-17 
4.086000    4.7103000e-17 
4.090500    4.6925250e-17 
4.095000    4.6747500e-17 
4.099500    4.6569750e-17 
4.104000    4.6392000e-17 
4.108500    4.6214250e-17 
4.113000    4.6036500e-17 
4.117500    4.5858750e-17 
4.122000    4.5681000e-17 
4.126500    4.5503250e-17 
4.131000    4.5325500e-17 
4.135500    4.5147750e-17 
4.140000    4.4970000e-17 
4.144500    4.4792250e-17 
4.149000    4.4614500e-17 
4.153500    4.4436750e-17 
4.158000    4.4259000e-17 
4.162500    4.4081250e-17 
4.167000    4.3903500e-17 
4.171500    4.3725750e-17 
4.176000    4.3548000e-17 
4.180500    4.3370250e-17 
4.185000    4.3192500e-17 
4.189500    4.3014750e-17 
4.194000    4.2837000e-17 
4.198500    4.2659250e-17 
4.203000    4.2481500e-17 
4.207500    4.2303750e-17 
4.212000    4.2126000e-17 
4.216500    4.1948250e-17 
4.221000    4.1770500e-17 
4.225500    4.1592750e-17 
4.230000    4.1415000e-17 
4.234500    4.1237250e-17 
4.239000    4.1059500e-17 
4.243500    4.0881750e-17 
4.248000    4.0704000e-17 
4.252500    4.0526250e-17 
4.257000    4.0348500e-17 
4.261500    4.0170750e-17 
4.266000    3.9993000e-17 
4.270500    3.9815250e-17 
4.275000    3.9637500e-17 
4.279500    3.9459750e-17 
4.284000    3.9282000e-17 
4.288500    3.9104250e-17 
4.293000    3.8926500e-17 
4.297500    3.8748750e-17 
4.302000    3.8571000e-17 
4.306500    3.8393250e-17 
4.311000    3.8215500e-17 
4.315500    3.8037750e-17 
4.320000    3.7860000e-17 
4.324500    3.7682250e-17 
4.329000    3.7504500e-17 
4.333500    3.7326750e-17 
4.338000    3.7149000e-17 
4.342500    3.6971250e-17 
4.347000    3.6793500e-17 
4.351500    3.6615750e-17 
4.356000    3.6438000e-17 
4.360500    3.6260250e-17 
4.365000    3.6082500e-17 
4.369500    3.5904750e-17 
4.374000    3.5727000e-17 
4.378500    3.5549250e-17 
4.383000    3.5371500e-17 
4.387500    3.5193750e-17 
4.392000    3.5016000e-17 
4.396500    3.4838250e-17 
4.401000    3.4660500e-17 
4.405500    3.4482750e-17 
4.410000    3.4305000e-17 
4.414500    3.4127250e-17 
4.419000    3.3949500e-17 
4.423500    3.3771750e-17 
4.428000    3.3594000e-17 
4.432500    3.3416250e-17 
4.437000    3.3238500e-17 
4.441500    3.3060750e-17 
4.446000    3.2883000e-17 
4.450500    3.2705250e-17 
4.455000    3.2527500e-17 
4.459500    3.2349750e-17 
4.464000    3.2172000e-17 
4.468500    3.1994250e-17 
4.473000    3.1816500e-17 
4.477500    3.1638750e-17 
4.482000    3.1461000e-17 
4.486500    3.1283250e-17 
4.491000    3.1105500e-17 
4.495500    3.0927750e-17 
4.500000    3.0750000e-17 
4.504500    3.0572250e-17 
4.509000    3.0394500e-17 
4.513500    3.0216750e-17 
4.518000    3.0039000e-17 
4.522500    2.9861250e-17 
4.527000    2.9683500e-17 
4.531500    2.9505750e-17 
4.536000    2.9328000e-17 
4.540500    2.9150250e-17 
4.545000    2.8972500e-17 
4.549500    2.8794750e-17 
4.554000    2.8617000e-17 
4.558500    2.8439250e-17 
4.563000    2.8261500e-17 
4.567500    2.8083750e-17 
4.572000    2.7906000e-17 
4.576500    2.7728250e-17 
4.581000    2.7550500e-17 
4.585500    2.7372750e-17 
4.590000    2.7195000e-17 
4.594500    2.7017250e-17 
4.599000    2.6839500e-17 
4.603500    2.6661750e-17 
4.608000    2.6484000e-17 
4.612500    2.6306250e-17 
4.617000    2.6128500e-17 
4.621500    2.5950750e-17 
4.626000    2.5773000e-17 
4.630500    2.5595250e-17 
4.635000    2.5417500e-17 
4.639500    2.5239750e-17 
4.644000    2.5062000e-17 
4.648500    2.4884250e-17 
4.653000    2.4706500e-17 
4.657500    2.4528750e-17 
4.662000    2.4351000e-17 
4.666500    2.4173250e-17 
4.671000    2.3995500e-17 
4.675500    2.3817750e-17 
4.680000    2.3640000e-17 
4.684500    2.3462250e-17 
4.689000    2.3284500e-17 
4.693500    2.3106750e-17 
4.698000    2.2929000e-17 
4.702500    2.2751250e-17 
4.707000    2.2573500e-17 
4.711500    2.2395750e-17 
4.716000    2.2218000e-17 
4.720500    2.2040250e-17 
4.725000    2.1862500e-17 
4.729500    2.1684750e-17 
4.734000    2.1507000e-17 
4.738500    2.1329250e-17 
4.743000    2.1151500e-17 
4.747500    2.0973750e-17 
4.752000    2.0796000e-17 
4.756500    2.0618250e-17 
4.761000    2.0440500e-17 
4.765500    2.0262750e-17 
4.770000    2.0085000e-17 
4.774500    1.9907250e-17 
4.779000    1.9729500e-17 
4.783500    1.9551750e-17 
4.788000    1.9374000e-17 
4.792500    1.9196250e-17 
4.797000    1.9018500e-17 
4.801500    1.8840750e-17 
4.806000    1.8663000e-17 
4.810500    1.8485250e-17 
4.815000    1.8307500e-17 
4.819500    1.8129750e-17 
4.824000    1.7952000e-17 
4.828500    1.7774250e-17 
4.833000    1.7596500e-17 
4.837500    1.7418750e-17 
4.842000    1.7241000e-17 
4.846500    1.7063250e-17 
4.851000    1.6885500e-17 
4.855500    1.6707750e-17 
4.860000    1.6530000e-17 
4.864500    1.6352250e-17 
4.869000    1.6174500e-17 
4.873500    1.5996750e-17 
4.878000    1.5819000e-17 
4.882500    1.5641250e-17 
4.887000    1.5463500e-17 
4.891500    1.5285750e-17 
4.896000    1.5108000e-17 
4.900500    1.4930250e-17 
4.905000    1.4752500e-17 
4.909500    1.4574750e-17 
4.914000    1.4397000e-17 
4.918500    1.4219250e-17 
4.923000    1.4041500e-17 
4.927500    1.3863750e-17 
4.932000    1.3686000e-17 
4.936500    1.3508250e-17 
4.941000    1.3330500e-17 
4.945500    1.3152750e-17 
4.950000    1.2975000e-17 
4.954500    1.2797250e-17 
4.959000    1.2619500e-17 
4.963500    1.2441750e-17 
4.968000    1.2264000e-17 
4.972500    1.2086250e-17 
4.977000    1.1908500e-17 
4.981500    1.1730750e-17 
4.986000    1.1553000e-17 
4.990500    1.1375250e-17 
4.995000    1.1197500e-17 
4.999500    1.1019750e-17 
5.004000    1.0980000e-17 
5.008500    1.0957500e-17 
5.013000    1.0935000e-17 
5.017500    1.0912500e-17 
5.022000    1.0890000e-17 
5.026500    1.0867500e-17 
5.031000    1.0845000e-17 
5.035500    1.0822500e-17 
5.040000    1.0800000e-17 
5.044500    1.0777500e-17 
5.049000    1.0755000e-17 
5.053500    1.0732500e-17 
5.058000    1.0710000e-17 
5.062500    1.0687500e-17 
5.067000    1.0665000e-17 
5.071500    1.0642500e-17 
5.076000    1.0620000e-17 
5.080500    1.0597500e-17 
5.085000    1.0575000e-17 
5.089500    1.0552500e-17 
5.094000    1.0530000e-17 
5.098500    1.0507500e-17 
5.103000    1.0485000e-17 
5.107500    1.0462500e-17 
5.112000    1.0440000e-17 
5.116500    1.0417500e-17 
5.121000    1.0395000e-17 
5.125500    1.0372500e-17 
5.130000    1.0350000e-17 
5.134500    1.0327500e-17 
5.139000    1.0305000e-17 
5.143500    1.0282500e-17 
5.148000    1.0260000e-17 
5.152500    1.0237500e-17 
5.157000    1.0215000e-17 
5.161500    1.0192500e-17 
5.166000    1.0170000e-17 
5.170500    1.0147500e-17 
5.175000    1.0125000e-17 
5.179500    1.0102500e-17 
5.184000    1.0080000e-17 
5.188500    1.0057500e-17 
5.193000    1.0035000e-17 
5.197500    1.0012500e-17 
5.202000    9.9900000e-18 
5.206500    9.9675000e-18 
5.211000    9.9450000e-18 
5.215500    9.9225000e-18 
5.220000    9.9000000e-18 
5.224500    9.8775000e-18 
5.229000    9.8550000e-18 
5.233500    9.8325000e-18 
5.238000    9.8100000e-18 
5.242500    9.7875000e-18 
5.247000    9.7650000e-18 
5.251500    9.7425000e-18 
5.256000    9.7200000e-18 
5.260500    9.6975000e-18 
5.265000    9.6750000e-18 
5.269500    9.6525000e-18 
5.274000    9.6300000e-18 
5.278500    9.6075000e-18 
5.283000    9.5850000e-18 
5.287500    9.5625000e-18 
5.292000    9.5400000e-18 
5.296500    9.5175000e-18 
5.301000    9.4950000e-18 
5.305500    9.4725000e-18 
5.310000    9.4500000e-18 
5.314500    9.4275000e-18 
5.319000    9.4050000e-18 
5.323500    9.3825000e-18 
5.328000    9.3600000e-18 
5.332500    9.3375000e-18 
5.337000    9.3150000e-18 
5.341500    9.2925000e-18 
5.346000    9.2700000e-18 
5.350500    9.2475000e-18 
5.355000    9.2250000e-18 
5.359500    9.2025000e-18 
5.364000    9.1800000e-18 
5.368500    9.1575000e-18 
5.373000    9.1350000e-18 
5.377500    9.1125000e-18 
5.382000    9.0900000e-18 
5.386500    9.0675000e-18 
5.391000    9.0450000e-18 
5.395500    9.0225000e-18 
5.400000    9.0000000e-18 
5.404500    8.9775000e-18 
5.409000    8.9550000e-18 
5.413500    8.9325000e-18 
5.418000    8.9100000e-18 
5.422500    8.8875000e-18 
5.427000    8.8650000e-18 
5.431500    8.8425000e-18 
5.436000    8.8200000e-18 
5.440500    8.7975000e-18 
5.445000    8.7750000e-18 
5.449500    8.7525000e-18 
5.454000    8.7300000e-18 
5.458500    8.7075000e-18 
5.463000    8.6850000e-18 
5.467500    8.6625000e-18 
5.472000    8.6400000e-18 
5.476500    8.6175000e-18 
5.481000    8.5950000e-18 
5.485500    8.5725000e-18 
5.490000    8.5500000e-18 
5.494500    8.5275000e-18 
5.499000    8.5050000e-18 
5.503500    8.4825000e-18 
5.508000    8.4600000e-18 
5.512500    8.4375000e-18 
5.517000    8.4150000e-18 
5.521500    8.3925000e-18 
5.526000    8.3700000e-18 
5.530500    8.3475000e-18 
5.535000    8.3250000e-18 
5.539500    8.3025000e-18 
5.544000    8.2800000e-18 
5.548500    8.2575000e-18 
5.553000    8.2350000e-18 
5.557500    8.2125000e-18 
5.562000    8.1900000e-18 
5.566500    8.1675000e-18 
5.571000    8.1450000e-18 
5.575500    8.1225000e-18 
5.580000    8.1000000e-18 
5.584500    8.0775000e-18 
5.589000    8.0550000e-18 
5.593500    8.0325000e-18 
5.598000    8.0100000e-18 
5.602500    7.9875000e-18 
5.607000    7.9650000e-18 
5.611500    7.9425000e-18 
5.616000    7.9200000e-18 
5.620500    7.8975000e-18 
5.625000    7.8750000e-18 
5.629500    7.8525000e-18 
5.634000    7.8300000e-18 
5.638500    7.8075000e-18 
5.643000    7.7850000e-18 
5.647500    7.7625000e-18 
5.652000    7.7400000e-18 
5.656500    7.7175000e-18 
5.661000    7.6950000e-18 
5.665500    7.6725000e-18 
5.670000    7.6500000e-18 
5.674500    7.6275000e-18 
5.679000    7.6050000e-18 
5.683500    7.5825000e-18 
5.688000    7.5600000e-18 
5.692500    7.5375000e-18 
5.697000    7.5150000e-18 
5.701500    7.4925000e-18 
5.706000    7.4700000e-18 
5.710500    7.4475000e-18 
5.715000    7.4250000e-18 
5.719500    7.4025000e-18 
5.724000    7.3800000e-18 
5.728500    7.3575000e-18 
5.733000    7.3350000e-18 
5.737500    7.3125000e-18 
5.742000    7.2900000e-18 
5.746500    7.2675000e-18 
5.751000    7.2450000e-18 
5.755500    7.2225000e-18 
5.760000    7.2000000e-18 
5.764500    7.1775000e-18 
5.769000    7.1550000e-18 
5.773500    7.1325000e-18 
5.778000    7.1100000e-18 
5.782500    7.0875000e-18 
5.787000    7.0650000e-18 
5.791500    7.0425000e-18 
5.796000    7.0200000e-18 
5.800500    6.9975000e-18 
5.805000    6.9750000e-18 
5.809500    6.9525000e-18 
5.814000    6.9300000e-18 
5.818500    6.9075000e-18 
5.823000    6.8850000e-18 
5.827500    6.8625000e-18 
5.832000    6.8400000e-18 
5.836500    6.8175000e-18 
5.841000    6.7950000e-18 
5.845500    6.7725000e-18 
5.850000    6.7500000e-18 
5.854500    6.7275000e-18 
5.859000    6.7050000e-18 
5.863500    6.6825000e-18 
5.868000    6.6600000e-18 
5.872500    6.6375000e-18 
5.877000    6.6150000e-18 
5.881500    6.5925000e-18 
5.886000    6.5700000e-18 
5.890500    6.5475000e-18 
5.895000    6.5250000e-18 
5.899500    6.5025000e-18 
5.904000    6.4800000e-18 
5.908500    6.4575000e-18 
5.913000    6.4350000e-18 
5.917500    6.4125000e-18 
5.922000    6.3900000e-18 
5.926500    6.3675000e-18 
5.931000    6.3450000e-18 
5.935500    6.3225000e-18 
5.940000    6.3000000e-18 
5.944500    6.2775000e-18 
5.949000    6.2550000e-18 
5.953500    6.2325000e-18 
5.958000    6.2100000e-18 
5.962500    6.1875000e-18 
5.967000    6.1650000e-18 
5.971500    6.1425000e-18 
5.976000    6.1200000e-18 
5.980500    6.0975000e-18 
5.985000    6.0750000e-18 
5.989500    6.0525000e-18 
5.994000    6.0300000e-18 
5.998500    6.0075000e-18 
6.003000    5.9850000e-18 
6.007500    5.9625000e-18 
6.012000    5.9400000e-18 
6.016500    5.9175000e-18 
6.021000    5.8950000e-18 
6.025500    5.8725000e-18 
6.030000    5.8500000e-18 
6.034500    5.8275000e-18 
6.039000    5.8050000e-18 
6.043500    5.7825000e-18 
6.048000    5.7600000e-18 
6.052500    5.7375000e-18 
6.057000    5.7150000e-18 
6.061500    5.6925000e-18 
6.066000    5.6700000e-18 
6.070500    5.6475000e-18 
6.075000    5.6250000e-18 
6.079500    5.6025000e-18 
6.084000    5.5800000e-18 
6.088500    5.5575000e-18 
6.093000    5.5350000e-18 
6.097500    5.5125000e-18 
6.102000    5.4900000e-18 
6.106500    5.4675000e-18 
6.111000    5.4450000e-18 
6.115500    5.4225000e-18 
6.120000    5.4000000e-18 
6.124500    5.3775000e-18 
6.129000    5.3550000e-18 
6.133500    5.3325000e-18 
6.138000    5.3100000e-18 
6.142500    5.2875000e-18 
6.147000    5.2650000e-18 
6.151500    5.2425000e-18 
6.156000    5.2200000e-18 
6.160500    5.1975000e-18 
6.165000    5.1750000e-18 
6.169500    5.1525000e-18 
6.174000    5.1300000e-18 
6.178500    5.1075000e-18 
6.183000    5.0850000e-18 
6.187500    5.0625000e-18 
6.192000    5.0400000e-18 
6.196500    5.0175000e-18 
6.201000    4.9950000e-18 
6.205500    4.9725000e-18 
6.210000    4.9500000e-18 
6.214500    4.9275000e-18 
6.219000    4.9050000e-18 
6.223500    4.8825000e-18 
6.228000    4.8600000e-18 
6.232500    4.8375000e-18 
6.237000    4.8150000e-18 
6.241500    4.7925000e-18 
6.246000    4.7700000e-18 
6.250500    4.7475000e-18 
6.255000    4.7250000e-18 
6.259500    4.7025000e-18 
6.264000    4.6800000e-18 
6.268500    4.6575000e-18 
6.273000    4.6350000e-18 
6.277500    4.6125000e-18 
6.282000    4.5900000e-18 
6.286500    4.5675000e-18 
6.291000    4.5450000e-18 
6.295500    4.5225000e-18 
6.300000    4.5000000e-18 
6.304500    4.4775000e-18 
6.309000    4.4550000e-18 
6.313500    4.4325000e-18 
6.318000    4.4100000e-18 
6.322500    4.3875000e-18 
6.327000    4.3650000e-18 
6.331500    4.3425000e-18 
6.336000    4.3200000e-18 
6.340500    4.2975000e-18 
6.345000    4.2750000e-18 
6.349500    4.2525000e-18 
6.354000    4.2300000e-18 
6.358500    4.2075000e-18 
6.363000    4.1850000e-18 
6.367500    4.1625000e-18 
6.372000    4.1400000e-18 
6.376500    4.1175000e-18 
6.381000    4.0950000e-18 
6.385500    4.0725000e-18 
6.390000    4.0500000e-18 
6.394500    4.0275000e-18 
6.399000    4.0050000e-18 
6.403500    3.9825000e-18 
6.408000    3.9600000e-18 
6.412500    3.9375000e-18 
6.417000    3.9150000e-18 
6.421500    3.8925000e-18 
6.426000    3.8700000e-18 
6.430500    3.8475000e-18 
6.435000    3.8250000e-18 
6.439500    3.8025000e-18 
6.444000    3.7800000e-18 
6.448500    3.7575000e-18 
6.453000    3.7350000e-18 
6.457500    3.7125000e-18 
6.462000    3.6900000e-18 
6.466500    3.6675000e-18 
6.471000    3.6450000e-18 
6.475500    3.6225000e-18 
6.480000    3.6000000e-18 
6.484500    3.5775000e-18 
6.489000    3.5550000e-18 
6.493500    3.5325000e-18 
6.498000    3.5100000e-18 
6.502500    3.4875000e-18 
6.507000    3.4650000e-18 
6.511500    3.4425000e-18 
6.516000    3.4200000e-18 
6.520500    3.3975000e-18 
6.525000    3.3750000e-18 
6.529500    3.3525000e-18 
6.534000    3.3300000e-18 
6.538500    3.3075000e-18 
6.543000    3.2850000e-18 
6.547500    3.2625000e-18 
6.552000    3.2400000e-18 
6.556500    3.2175000e-18 
6.561000    3.1950000e-18 
6.565500    3.1725000e-18 
6.570000    3.1500000e-18 
6.574500    3.1275000e-18 
6.579000    3.1050000e-18 
6.583500    3.0825000e-18 
6.588000    3.0600000e-18 
6.592500    3.0375000e-18 
6.597000    3.0150000e-18 
6.601500    2.9925000e-18 
6.606000    2.9700000e-18 
6.610500    2.9475000e-18 
6.615000    2.9250000e-18 
6.619500    2.9025000e-18 
6.624000    2.8800000e-18 
6.628500    2.8575000e-18 
6.633000    2.8350000e-18 
6.637500    2.8125000e-18 
6.642000    2.7900000e-18 
6.646500    2.7675000e-18 
6.651000    2.7450000e-18 
6.655500    2.7225000e-18 
6.660000    2.7000000e-18 
6.664500    2.6775000e-18 
6.669000    2.6550000e-18 
6.673500    2.6325000e-18 
6.678000    2.6100000e-18 
6.682500    2.5875000e-18 
6.687000    2.5650000e-18 
6.691500    2.5425000e-18 
6.696000    2.5200000e-18 
6.700500    2.4975000e-18 
6.705000    2.4750000e-18 
6.709500    2.4525000e-18 
6.714000    2.4300000e-18 
6.718500    2.4075000e-18 
6.723000    2.3850000e-18 
6.727500    2.3625000e-18 
6.732000    2.3400000e-18 
6.736500    2.3175000e-18 
6.741000    2.2950000e-18 
6.745500    2.2725000e-18 
6.750000    2.2500000e-18 
6.754500    2.2275000e-18 
6.759000    2.2050000e-18 
6.763500    2.1825000e-18 
6.768000    2.1600000e-18 
6.772500    2.1375000e-18 
6.777000    2.1150000e-18 
6.781500    2.0925000e-18 
6.786000    2.0700000e-18 
6.790500    2.0475000e-18 
6.795000    2.0250000e-18 
6.799500    2.0025000e-18 
6.804000    1.9800000e-18 
6.808500    1.9575000e-18 
6.813000    1.9350000e-18 
6.817500    1.9125000e-18 
6.822000    1.8900000e-18 
6.826500    1.8675000e-18 
6.831000    1.8450000e-18 
6.835500    1.8225000e-18 
6.840000    1.8000000e-18 
6.844500    1.7775000e-18 
6.849000    1.7550000e-18 
6.853500    1.7325000e-18 
6.858000    1.7100000e-18 
6.862500    1.6875000e-18 
6.867000    1.6650000e-18 
6.871500    1.6425000e-18 
6.876000    1.6200000e-18 
6.880500    1.5975000e-18 
6.885000    1.5750000e-18 
6.889500    1.5525000e-18 
6.894000    1.5300000e-18 
6.898500    1.5075000e-18 
6.903000    1.4850000e-18 
6.907500    1.4625000e-18 
6.912000    1.4400000e-18 
6.916500    1.4175000e-18 
6.921000    1.3950000e-18 
6.925500    1.3725000e-18 
6.930000    1.3500000e-18 
6.934500    1.3275000e-18 
6.939000    1.3050000e-18 
6.943500    1.2825000e-18 
6.948000    1.2600000e-18 
6.952500    1.2375000e-18 
6.957000    1.2150000e-18 
6.961500    1.1925000e-18 
6.966000    1.1700000e-18 
6.970500    1.1475000e-18 
6.975000    1.1250000e-18 
6.979500    1.1025000e-18 
6.984000    1.0800000e-18 
6.988500    1.0575000e-18 
6.993000    1.0350000e-18 
6.997500    1.0125000e-18 
7.002000    9.9900000e-19 
7.006500    9.9675000e-19 
7.011000    9.9450000e-19 
7.015500    9.9225000e-19 
7.020000    9.9000000e-19 
7.024500    9.8775000e-19 
7.029000    9.8550000e-19 
7.033500    9.8325000e-19 
7.038000    9.8100000e-19 
7.042500    9.7875000e-19 
7.047000    9.7650000e-19 
7.051500    9.7425000e-19 
7.056000    9.7200000e-19 
7.060500    9.6975000e-19 
7.065000    9.6750000e-19 
7.069500    9.6525000e-19 
7.074000    9.6300000e-19 
7.078500    9.6075000e-19 
7.083000    9.5850000e-19 
7.087500    9.5625000e-19 
7.092000    9.5400000e-19 
7.096500    9.5175000e-19 
7.101000    9.4950000e-19 
7.105500    9.4725000e-19 
7.110000    9.4500000e-19 
7.114500    9.4275000e-19 
7.119000    9.4050000e-19 
7.123500    9.3825000e-19 
7.128000    9.3600000e-19 
7.132500    9.3375000e-19 
7.137000    9.3150000e-19 
7.141500    9.2925000e-19 
7.146000    9.2700000e-19 
7.150500    9.2475000e-19 
7.155000    9.2250000e-19 
7.159500    9.2025000e-19 
7.164000    9.1800000e-19 
7.168500    9.1575000e-19 
7.173000    9.1350000e-19 
7.177500    9.1125000e-19 
7.182000    9.0900000e-19 
7.186500    9.0675000e-19 
7.191000    9.0450000e-19 
7.195500    9.0225000e-19 
7.200000    9.0000000e-19 
7.204500    8.9775000e-19 
7.209000    8.9550000e-19 
7.213500    8.9325000e-19 
7.218000    8.9100000e-19 
7.222500    8.8875000e-19 
7.227000    8.8650000e-19 
7.231500    8.8425000e-19 
7.236000    8.8200000e-19 
7.240500    8.7975000e-19 
7.245000    8.7750000e-19 
7.249500    8.7525000e-19 
7.254000    8.7300000e-19 
7.258500    8.7075000e-19 
7.263000    8.6850000e-19 
7.267500    8.6625000e-19 
7.272000    8.6400000e-19 
7.276500    8.6175000e-19 
7.281000    8.5950000e-19 
7.285500    8.5725000e-19 
7.290000    8.5500000e-19 
7.294500    8.5275000e-19 
7.299000    8.5050000e-19 
7.303500    8.4825000e-19 
7.308000    8.4600000e-19 
7.312500    8.4375000e-19 
7.317000    8.4150000e-19 
7.321500    8.3925000e-19 
7.326000    8.3700000e-19 
7.330500    8.3475000e-19 
7.335000    8.3250000e-19 
7.339500    8.3025000e-19 
7.344000    8.2800000e-19 
7.348500    8.2575000e-19 
7.353000    8.2350000e-19 
7.357500    8.2125000e-19 
7.362000    8.1900000e-19 
7.366500    8.1675000e-19 
7.371000    8.1450000e-19 
7.375500    8.1225000e-19 
7.380000    8.1000000e-19 
7.384500    8.0775000e-19 
7.389000    8.0550000e-19 
7.393500    8.0325000e-19 
7.398000    8.0100000e-19 
7.402500    7.9875000e-19 
7.407000    7.9650000e-19 
7.411500    7.9425000e-19 
7.416000    7.9200000e-19 
7.420500    7.8975000e-19 
7.425000    7.8750000e-19 
7.429500    7.8525000e-19 
7.434000    7.8300000e-19 
7.438500    7.8075000e-19 
7.443000    7.7850000e-19 
7.447500    7.7625000e-19 
7.452000    7.7400000e-19 
7.456500    7.7175000e-19 
7.461000    7.6950000e-19 
7.465500    7.6725000e-19 
7.470000    7.6500000e-19 
7.474500    7.6275000e-19 
7.479000    7.6050000e-19 
7.483500    7.5825000e-19 
7.488000    7.5600000e-19 
7.492500    7.5375000e-19 
7.497000    7.5150000e-19 
7.501500    7.4925000e-19 
7.506000    7.4700000e-19 
7.510500    7.4475000e-19 
7.515000    7.4250000e-19 
7.519500    7.4025000e-19 
7.524000    7.3800000e-19 
7.528500    7.3575000e-19 
7.533000    7.3350000e-19 
7.537500    7.3125000e-19 
7.542000    7.2900000e-19 
7.546500    7.2675000e-19 
7.551000    7.2450000e-19 
7.555500    7.2225000e-19 
7.560000    7.2000000e-19 
7.564500    7.1775000e-19 
7.569000    7.1550000e-19 
7.573500    7.1325000e-19 
7.578000    7.1100000e-19 
7.582500    7.0875000e-19 
7.587000    7.0650000e-19 
7.591500    7.0425000e-19 
7.596000    7.0200000e-19 
7.600500    6.9975000e-19 
7.605000    6.9750000e-19 
7.609500    6.9525000e-19 
7.614000    6.9300000e-19 
7.618500    6.9075000e-19 
7.623000    6.8850000e-19 
7.627500    6.8625000e-19 
7.632000    6.8400000e-19 
7.636500    6.8175000e-19 
7.641000    6.7950000e-19 
7.645500    6.7725000e-19 
7.650000    6.7500000e-19 
7.654500    6.7275000e-19 
7.659000    6.7050000e-19 
7.663500    6.6825000e-19 
7.668000    6.6600000e-19 
7.672500    6.6375000e-19 
7.677000    6.6150000e-19 
7.681500    6.5925000e-19 
7.686000    6.5700000e-19 
7.690500    6.5475000e-19 
7.695000    6.5250000e-19 
7.699500    6.5025000e-19 
7.704000    6.4800000e-19 
7.708500    6.4575000e-19 
7.713000    6.4350000e-19 
7.717500    6.4125000e-19 
7.722000    6.3900000e-19 
7.726500    6.3675000e-19 
7.731000    6.3450000e-19 
7.735500    6.3225000e-19 
7.740000    6.3000000e-19 
7.744500    6.2775000e-19 
7.749000    6.2550000e-19 
7.753500    6.2325000e-19 
7.758000    6.2100000e-19 
7.762500    6.1875000e-19 
7.767000    6.1650000e-19 
7.771500    6.1425000e-19 
7.776000    6.1200000e-19 
7.780500    6.0975000e-19 
7.785000    6.0750000e-19 
7.789500    6.0525000e-19 
7.794000    6.0300000e-19 
7.798500    6.0075000e-19 
7.803000    5.9850000e-19 
7.807500    5.9625000e-19 
7.812000    5.9400000e-19 
7.816500    5.9175000e-19 
7.821000    5.8950000e-19 
7.825500    5.8725000e-19 
7.830000    5.8500000e-19 
7.834500    5.8275000e-19 
7.839000    5.8050000e-19 
7.843500    5.7825000e-19 
7.848000    5.7600000e-19 
7.852500    5.7375000e-19 
7.857000    5.7150000e-19 
7.861500    5.6925000e-19 
7.866000    5.6700000e-19 
7.870500    5.6475000e-19 
7.875000    5.6250000e-19 
7.879500    5.6025000e-19 
7.884000    5.5800000e-19 
7.888500    5.5575000e-19 
7.893000    5.5350000e-19 
7.897500    5.5125000e-19 
7.902000    5.4900000e-19 
7.906500    5.4675000e-19 
7.911000    5.4450000e-19 
7.915500    5.4225000e-19 
7.920000    5.4000000e-19 
7.924500    5.3775000e-19 
7.929000    5.3550000e-19 
7.933500    5.3325000e-19 
7.938000    5.3100000e-19 
7.942500    5.2875000e-19 
7.947000    5.2650000e-19 
7.951500    5.2425000e-19 
7.956000    5.2200000e-19 
7.960500    5.1975000e-19 
7.965000    5.1750000e-19 
7.969500    5.1525000e-19 
7.974000    5.1300000e-19 
7.978500    5.1075000e-19 
7.983000    5.0850000e-19 
7.987500    5.0625000e-19 
7.992000    5.0400000e-19 
7.996500    5.0175000e-19 
8.001000    4.9950000e-19 
8.005500    4.9725000e-19 
8.010000    4.9500000e-19 
8.014500    4.9275000e-19 
8.019000    4.9050000e-19 
8.023500    4.8825000e-19 
8.028000    4.8600000e-19 
8.032500    4.8375000e-19 
8.037000    4.8150000e-19 
8.041500    4.7925000e-19 
8.046000    4.7700000e-19 
8.050500    4.7475000e-19 
8.055000    4.7250000e-19 
8.059500    4.7025000e-19 
8.064000    4.6800000e-19 
8.068500    4.6575000e-19 
8.073000    4.6350000e-19 
8.077500    4.6125000e-19 
8.082000    4.5900000e-19 
8.086500    4.5675000e-19 
8.091000    4.5450000e-19 
8.095500    4.5225000e-19 
8.100000    4.5000000e-19 
8.104500    4.4775000e-19 
8.109000    4.4550000e-19 
8.113500    4.4325000e-19 
8.118000    4.4100000e-19 
8.122500    4.3875000e-19 
8.127000    4.3650000e-19 
8.131500    4.3425000e-19 
8.136000    4.3200000e-19 
8.140500    4.2975000e-19 
8.145000    4.2750000e-19 
8.149500    4.2525000e-19 
8.154000    4.2300000e-19 
8.158500    4.2075000e-19 
8.163000    4.1850000e-19 
8.167500    4.1625000e-19 
8.172000    4.1400000e-19 
8.176500    4.1175000e-19 
8.181000    4.0950000e-19 
8.185500    4.0725000e-19 
8.190000    4.0500000e-19 
8.194500    4.0275000e-19 
8.199000    4.0050000e-19 
8.203500    3.9825000e-19 
8.208000    3.9600000e-19 
8.212500    3.9375000e-19 
8.217000    3.9150000e-19 
8.221500    3.8925000e-19 
8.226000    3.8700000e-19 
8.230500    3.8475000e-19 
8.235000    3.8250000e-19 
8.239500    3.8025000e-19 
8.244000    3.7800000e-19 
8.248500    3.7575000e-19 
8.253000    3.7350000e-19 
8.257500    3.7125000e-19 
8.262000    3.6900000e-19 
8.266500    3.6675000e-19 
8.271000    3.6450000e-19 
8.275500    3.6225000e-19 
8.280000    3.6000000e-19 
8.284500    3.5775000e-19 
8.289000    3.5550000e-19 
8.293500    3.5325000e-19 
8.298000    3.5100000e-19 
8.302500    3.4875000e-19 
8.307000    3.4650000e-19 
8.311500    3.4425000e-19 
8.316000    3.4200000e-19 
8.320500    3.3975000e-19 
8.325000    3.3750000e-19 
8.329500    3.3525000e-19 
8.334000    3.3300000e-19 
8.338500    3.3075000e-19 
8.343000    3.2850000e-19 
8.347500    3.2625000e-19 
8.352000    3.2400000e-19 
8.356500    3.2175000e-19 
8.361000    3.1950000e-19 
8.365500    3.1725000e-19 
8.370000    3.1500000e-19 
8.374500    3.1275000e-19 
8.379000    3.1050000e-19 
8.383500    3.0825000e-19 
8.388000    3.0600000e-19 
8.392500    3.0375000e-19 
8.397000    3.0150000e-19 
8.401500    2.9925000e-19 
8.406000    2.9700000e-19 
8.410500    2.9475000e-19 
8.415000    2.9250000e-19 
8.419500    2.9025000e-19 
8.424000    2.8800000e-19 
8.428500    2.8575000e-19 
8.433000    2.8350000e-19 
8.437500    2.8125000e-19 
8.442000    2.7900000e-19 
8.446500    2.7675000e-19 
8.451000    2.7450000e-19 
8.455500    2.7225000e-19 
8.460000    2.7000000e-19 
8.464500    2.6775000e-19 
8.469000    2.6550000e-19 
8.473500    2.6325000e-19 
8.478000    2.6100000e-19 
8.482500    2.5875000e-19 
8.487000    2.5650000e-19 
8.491500    2.5425000e-19 
8.496000    2.5200000e-19 
8.500500    2.4975000e-19 
8.505000    2.4750000e-19 
8.509500    2.4525000e-19 
8.514000    2.4300000e-19 
8.518500    2.4075000e-19 
8.523000    2.3850000e-19 
8.527500    2.3625000e-19 
8.532000    2.3400000e-19 
8.536500    2.3175000e-19 
8.541000    2.2950000e-19 
8.545500    2.2725000e-19 
8.550000    2.2500000e-19 
8.554500    2.2275000e-19 
8.559000    2.2050000e-19 
8.563500    2.1825000e-19 
8.568000    2.1600000e-19 
8.572500    2.1375000e-19 
8.577000    2.1150000e-19 
8.581500    2.0925000e-19 
8.586000    2.0700000e-19 
8.590500    2.0475000e-19 
8.595000    2.0250000e-19 
8.599500    2.0025000e-19 
8.604000    1.9800000e-19 
8.608500    1.9575000e-19 
8.613000    1.9350000e-19 
8.617500    1.9125000e-19 
8.622000    1.8900000e-19 
8.626500    1.8675000e-19 
8.631000    1.8450000e-19 
8.635500    1.8225000e-19 
8.640000    1.8000000e-19 
8.644500    1.7775000e-19 
8.649000    1.7550000e-19 
8.653500    1.7325000e-19 
8.658000    1.7100000e-19 
8.662500    1.6875000e-19 
8.667000    1.6650000e-19 
8.671500    1.6425000e-19 
8.676000    1.6200000e-19 
8.680500    1.5975000e-19 
8.685000    1.5750000e-19 
8.689500    1.5525000e-19 
8.694000    1.5300000e-19 
8.698500    1.5075000e-19 
8.703000    1.4850000e-19 
8.707500    1.4625000e-19 
8.712000    1.4400000e-19 
8.716500    1.4175000e-19 
8.721000    1.3950000e-19 
8.725500    1.3725000e-19 
8.730000    1.3500000e-19 
8.734500    1.3275000e-19 
8.739000    1.3050000e-19 
8.743500    1.2825000e-19 
8.748000    1.2600000e-19 
8.752500    1.2375000e-19 
8.757000    1.2150000e-19 
8.761500    1.1925000e-19 
8.766000    1.1700000e-19 
8.770500    1.1475000e-19 
8.775000    1.1250000e-19 
8.779500    1.1025000e-19 
8.784000    1.0800000e-19 
8.788500    1.0575000e-19 
8.793000    1.0350000e-19 
8.797500    1.0125000e-19 
8.802000    9.9000000e-20 
8.806500    9.6750000e-20 
8.811000    9.4500000e-20 
8.815500    9.2250000e-20 
8.820000    9.0000000e-20 
8.824500    8.7750000e-20 
8.829000    8.5500000e-20 
8.833500    8.3250000e-20 
8.838000    8.1000000e-20 
8.842500    7.8750000e-20 
8.847000    7.6500000e-20 
8.851500    7.4250000e-20 
8.856000    7.2000000e-20 
8.860500    6.9750000e-20 
8.865000    6.7500000e-20 
8.869500    6.5250000e-20 
8.874000    6.3000000e-20 
8.878500    6.0750000e-20 
8.883000    5.8500000e-20 
8.887500    5.6250000e-20 
8.892000    5.4000000e-20 
8.896500    5.1750000e-20 
8.901000    4.9500000e-20 
8.905500    4.7250000e-20 
8.910000    4.5000000e-20 
8.914500    4.2750000e-20 
8.919000    4.0500000e-20 
8.923500    3.8250000e-20 
8.928000    3.6000000e-20 
8.932500    3.3750000e-20 
8.937000    3.1500000e-20 
8.941500    2.9250000e-20 
8.946000    2.7000000e-20 
8.950500    2.4750000e-20 
8.955000    2.2500000e-20 
8.959500    2.0250000e-20 
8.964000    1.8000000e-20 
8.968500    1.5750000e-20 
8.973000    1.3500000e-20 
8.977500    1.1250000e-20 
8.982000    9.0000000e-21 
8.986500    6.7500000e-21 
8.991000    4.5000000e-21 
8.995500    2.2500000e-21 
9.000000    0.0000000e+00 
