1.460000    0.0000000e+00 
1.954270    3.0230581e-17 
2.448540    6.0461162e-17 
2.942810    9.0691743e-17 
3.437080    1.2092232e-16 
3.931350    1.5115291e-16 
4.425620    1.8138349e-16 
4.919890    2.1161407e-16 
5.414160    2.4184465e-16 
5.908430    2.7207523e-16 
6.402700    3.0230581e-16 
6.896970    3.3253639e-16 
7.391240    3.6276697e-16 
7.885510    3.9299755e-16 
8.379780    4.0854505e-16 
8.874050    4.1966612e-16 
9.368320    4.3078720e-16 
9.862590    4.4190828e-16 
10.356860    4.5302935e-16 
10.851130    4.6415042e-16 
11.345400    4.7527150e-16 
11.839670    4.8639258e-16 
12.333940    4.9333940e-16 
12.828210    4.9828210e-16 
13.322480    5.0322480e-16 
13.816750    5.0816750e-16 
14.311020    5.1311020e-16 
14.805290    5.1805290e-16 
15.299560    5.2299560e-16 
15.793830    5.2793830e-16 
16.288100    5.3000000e-16 
16.782370    5.3000000e-16 
17.276640    5.3000000e-16 
17.770910    5.3000000e-16 
18.265180    5.3000000e-16 
18.759450    5.3000000e-16 
19.253720    5.3000000e-16 
19.747990    5.3000000e-16 
20.242260    5.3000000e-16 
20.736530    5.3000000e-16 
21.230800    5.3000000e-16 
21.725070    5.3000000e-16 
22.219340    5.3000000e-16 
22.713610    5.3000000e-16 
23.207880    5.3000000e-16 
23.702150    5.3000000e-16 
24.196420    5.3000000e-16 
24.690690    5.3000000e-16 
25.184960    5.3000000e-16 
25.679230    5.3000000e-16 
26.173500    5.3000000e-16 
26.667770    5.3000000e-16 
27.162040    5.3000000e-16 
27.656310    5.3000000e-16 
28.150580    5.3000000e-16 
28.644850    5.3000000e-16 
29.139120    5.3000000e-16 
29.633390    5.3000000e-16 
30.127660    5.3000000e-16 
30.621930    5.3000000e-16 
31.116200    5.3000000e-16 
31.610470    5.3000000e-16 
32.104740    5.3000000e-16 
32.599010    5.3000000e-16 
33.093280    5.3000000e-16 
33.587550    5.3000000e-16 
34.081820    5.3000000e-16 
34.576090    5.3000000e-16 
35.070360    5.3000000e-16 
35.564630    5.3000000e-16 
36.058900    5.3000000e-16 
36.553170    5.3000000e-16 
37.047440    5.3000000e-16 
37.541710    5.3000000e-16 
38.035980    5.3000000e-16 
38.530250    5.3000000e-16 
39.024520    5.3000000e-16 
39.518790    5.3000000e-16 
40.013060    5.3000000e-16 
40.507330    5.3000000e-16 
41.001600    5.3000000e-16 
41.495870    5.3000000e-16 
41.990140    5.3000000e-16 
42.484410    5.3000000e-16 
42.978680    5.3000000e-16 
43.472950    5.3000000e-16 
43.967220    5.3000000e-16 
44.461490    5.3000000e-16 
44.955760    5.3000000e-16 
45.450030    5.3000000e-16 
45.944300    5.3000000e-16 
46.438570    5.3000000e-16 
46.932840    5.3000000e-16 
47.427110    5.3000000e-16 
47.921380    5.3000000e-16 
48.415650    5.3000000e-16 
48.909920    5.3000000e-16 
49.404190    5.3000000e-16 
49.898460    5.3000000e-16 
50.392730    5.3000000e-16 
50.887000    5.3000000e-16 
51.381270    5.3000000e-16 
51.875540    5.3000000e-16 
52.369810    5.3000000e-16 
52.864080    5.3000000e-16 
53.358350    5.3000000e-16 
53.852620    5.3000000e-16 
54.346890    5.3000000e-16 
54.841160    5.3000000e-16 
55.335430    5.3000000e-16 
55.829700    5.3000000e-16 
56.323970    5.3000000e-16 
56.818240    5.3000000e-16 
57.312510    5.3000000e-16 
57.806780    5.3000000e-16 
58.301050    5.3000000e-16 
58.795320    5.3000000e-16 
59.289590    5.3000000e-16 
59.783860    5.3000000e-16 
60.278130    5.3000000e-16 
60.772400    5.3000000e-16 
61.266670    5.3000000e-16 
61.760940    5.3000000e-16 
62.255210    5.3000000e-16 
62.749480    5.3000000e-16 
63.243750    5.3000000e-16 
63.738020    5.3000000e-16 
64.232290    5.3000000e-16 
64.726560    5.3000000e-16 
65.220830    5.3000000e-16 
65.715100    5.3000000e-16 
66.209370    5.3000000e-16 
66.703640    5.3000000e-16 
67.197910    5.3000000e-16 
67.692180    5.3000000e-16 
68.186450    5.2975140e-16 
68.680720    5.2909237e-16 
69.174990    5.2843335e-16 
69.669260    5.2777432e-16 
70.163530    5.2711529e-16 
70.657800    5.2645627e-16 
71.152070    5.2579724e-16 
71.646340    5.2513821e-16 
72.140610    5.2447919e-16 
72.634880    5.2382016e-16 
73.129150    5.2316113e-16 
73.623420    5.2250211e-16 
74.117690    5.2184308e-16 
74.611960    5.2118405e-16 
75.106230    5.2052503e-16 
75.600500    5.1986600e-16 
76.094770    5.1920697e-16 
76.589040    5.1854795e-16 
77.083310    5.1788892e-16 
77.577580    5.1722989e-16 
78.071850    5.1657087e-16 
78.566120    5.1591184e-16 
79.060390    5.1525281e-16 
79.554660    5.1459379e-16 
80.048930    5.1393476e-16 
80.543200    5.1327573e-16 
81.037470    5.1261671e-16 
81.531740    5.1195768e-16 
82.026010    5.1129865e-16 
82.520280    5.1063963e-16 
83.014550    5.0998060e-16 
83.508820    5.0932157e-16 
84.003090    5.0866255e-16 
84.497360    5.0800352e-16 
84.991630    5.0734449e-16 
85.485900    5.0668547e-16 
85.980170    5.0602644e-16 
86.474440    5.0536741e-16 
86.968710    5.0470839e-16 
87.462980    5.0404936e-16 
87.957250    5.0339033e-16 
88.451520    5.0273131e-16 
88.945790    5.0207228e-16 
89.440060    5.0141325e-16 
89.934330    5.0075423e-16 
90.428600    5.0009520e-16 
90.922870    4.9943617e-16 
91.417140    4.9877715e-16 
91.911410    4.9811812e-16 
92.405680    4.9745909e-16 
92.899950    4.9680007e-16 
93.394220    4.9614104e-16 
93.888490    4.9548201e-16 
94.382760    4.9482299e-16 
94.877030    4.9416396e-16 
95.371300    4.9350493e-16 
95.865570    4.9284591e-16 
96.359840    4.9218688e-16 
96.854110    4.9152785e-16 
97.348380    4.9086883e-16 
97.842650    4.9020980e-16 
98.336920    4.8932616e-16 
98.831190    4.8833762e-16 
99.325460    4.8734908e-16 
99.819730    4.8636054e-16 
100.314000    4.8537200e-16 
100.808270    4.8438346e-16 
101.302540    4.8339492e-16 
101.796810    4.8240638e-16 
102.291080    4.8141784e-16 
102.785350    4.8042930e-16 
103.279620    4.7944076e-16 
103.773890    4.7845222e-16 
104.268160    4.7746368e-16 
104.762430    4.7647514e-16 
105.256700    4.7548660e-16 
105.750970    4.7449806e-16 
106.245240    4.7350952e-16 
106.739510    4.7252098e-16 
107.233780    4.7153244e-16 
107.728050    4.7054390e-16 
108.222320    4.6966096e-16 
108.716590    4.6890720e-16 
109.210860    4.6815344e-16 
109.705130    4.6739968e-16 
110.199400    4.6664592e-16 
110.693670    4.6589215e-16 
111.187940    4.6513839e-16 
111.682210    4.6438463e-16 
112.176480    4.6363087e-16 
112.670750    4.6287711e-16 
113.165020    4.6212334e-16 
113.659290    4.6136958e-16 
114.153560    4.6061582e-16 
114.647830    4.5986206e-16 
115.142100    4.5910830e-16 
115.636370    4.5835454e-16 
116.130640    4.5760077e-16 
116.624910    4.5684701e-16 
117.119180    4.5609325e-16 
117.613450    4.5533949e-16 
118.107720    4.5458573e-16 
118.601990    4.5383197e-16 
119.096260    4.5307820e-16 
119.590530    4.5232444e-16 
120.084800    4.5157068e-16 
120.579070    4.5081692e-16 
121.073340    4.5006316e-16 
121.567610    4.4930939e-16 
122.061880    4.4855563e-16 
122.556150    4.4780187e-16 
123.050420    4.4704811e-16 
123.544690    4.4629435e-16 
124.038960    4.4554059e-16 
124.533230    4.4478682e-16 
125.027500    4.4403306e-16 
125.521770    4.4327930e-16 
126.016040    4.4252554e-16 
126.510310    4.4177178e-16 
127.004580    4.4101802e-16 
127.498850    4.4026425e-16 
127.993120    4.3951049e-16 
128.487390    4.3875673e-16 
128.981660    4.3800297e-16 
129.475930    4.3724921e-16 
129.970200    4.3649545e-16 
130.464470    4.3574168e-16 
130.958740    4.3498792e-16 
131.453010    4.3423416e-16 
131.947280    4.3348040e-16 
132.441550    4.3272664e-16 
132.935820    4.3197287e-16 
133.430090    4.3121911e-16 
133.924360    4.3046535e-16 
134.418630    4.2971159e-16 
134.912900    4.2895783e-16 
135.407170    4.2820407e-16 
135.901440    4.2745030e-16 
136.395710    4.2669654e-16 
136.889980    4.2594278e-16 
137.384250    4.2518902e-16 
137.878520    4.2443526e-16 
138.372790    4.2368150e-16 
138.867060    4.2292773e-16 
139.361330    4.2217397e-16 
139.855600    4.2142021e-16 
140.349870    4.2066645e-16 
140.844140    4.1991269e-16 
141.338410    4.1915892e-16 
141.832680    4.1840516e-16 
142.326950    4.1765140e-16 
142.821220    4.1689764e-16 
143.315490    4.1614388e-16 
143.809760    4.1539012e-16 
144.304030    4.1463635e-16 
144.798300    4.1388259e-16 
145.292570    4.1312883e-16 
145.786840    4.1237507e-16 
146.281110    4.1162131e-16 
146.775380    4.1086755e-16 
147.269650    4.1011378e-16 
147.763920    4.0936002e-16 
148.258190    4.0878671e-16 
148.752460    4.0837840e-16 
149.246730    4.0797009e-16 
149.741000    4.0756178e-16 
150.235270    4.0715347e-16 
150.729540    4.0674516e-16 
151.223810    4.0633685e-16 
151.718080    4.0592854e-16 
152.212350    4.0552023e-16 
152.706620    4.0511192e-16 
153.200890    4.0470361e-16 
153.695160    4.0429530e-16 
154.189430    4.0388699e-16 
154.683700    4.0347868e-16 
155.177970    4.0307037e-16 
155.672240    4.0266206e-16 
156.166510    4.0225375e-16 
156.660780    4.0184544e-16 
157.155050    4.0143713e-16 
157.649320    4.0102882e-16 
158.143590    4.0062051e-16 
158.637860    4.0021220e-16 
159.132130    3.9980389e-16 
159.626400    3.9939558e-16 
160.120670    3.9898727e-16 
160.614940    3.9857896e-16 
161.109210    3.9817065e-16 
161.603480    3.9776234e-16 
162.097750    3.9735403e-16 
162.592020    3.9694572e-16 
163.086290    3.9653741e-16 
163.580560    3.9612910e-16 
164.074830    3.9572079e-16 
164.569100    3.9531248e-16 
165.063370    3.9490417e-16 
165.557640    3.9449586e-16 
166.051910    3.9408755e-16 
166.546180    3.9367924e-16 
167.040450    3.9327093e-16 
167.534720    3.9286262e-16 
168.028990    3.9245431e-16 
168.523260    3.9204600e-16 
169.017530    3.9163769e-16 
169.511800    3.9122938e-16 
170.006070    3.9082107e-16 
170.500340    3.9041276e-16 
170.994610    3.9000445e-16 
171.488880    3.8959614e-16 
171.983150    3.8918783e-16 
172.477420    3.8877952e-16 
172.971690    3.8837121e-16 
173.465960    3.8796290e-16 
173.960230    3.8755459e-16 
174.454500    3.8714628e-16 
174.948770    3.8673797e-16 
175.443040    3.8632966e-16 
175.937310    3.8592135e-16 
176.431580    3.8551304e-16 
176.925850    3.8510473e-16 
177.420120    3.8469642e-16 
177.914390    3.8428811e-16 
178.408660    3.8387980e-16 
178.902930    3.8347149e-16 
179.397200    3.8306318e-16 
179.891470    3.8265487e-16 
180.385740    3.8224656e-16 
180.880010    3.8183825e-16 
181.374280    3.8142994e-16 
181.868550    3.8102163e-16 
182.362820    3.8061332e-16 
182.857090    3.8020501e-16 
183.351360    3.7979670e-16 
183.845630    3.7938839e-16 
184.339900    3.7898008e-16 
184.834170    3.7857177e-16 
185.328440    3.7816346e-16 
185.822710    3.7775515e-16 
186.316980    3.7734684e-16 
186.811250    3.7693853e-16 
187.305520    3.7653022e-16 
187.799790    3.7612191e-16 
188.294060    3.7571360e-16 
188.788330    3.7530529e-16 
189.282600    3.7489698e-16 
189.776870    3.7448867e-16 
190.271140    3.7408036e-16 
190.765410    3.7367205e-16 
191.259680    3.7326374e-16 
191.753950    3.7285543e-16 
192.248220    3.7244712e-16 
192.742490    3.7203881e-16 
193.236760    3.7163050e-16 
193.731030    3.7122219e-16 
194.225300    3.7081667e-16 
194.719570    3.7041447e-16 
195.213840    3.7001227e-16 
195.708110    3.6961007e-16 
196.202380    3.6920787e-16 
196.696650    3.6880567e-16 
197.190920    3.6840347e-16 
197.685190    3.6800127e-16 
198.179460    3.6759907e-16 
198.673730    3.6719687e-16 
199.168000    3.6679467e-16 
199.662270    3.6639247e-16 
200.156540    3.6599027e-16 
200.650810    3.6558807e-16 
201.145080    3.6518587e-16 
201.639350    3.6478367e-16 
202.133620    3.6438147e-16 
202.627890    3.6397927e-16 
203.122160    3.6357707e-16 
203.616430    3.6317487e-16 
204.110700    3.6277267e-16 
204.604970    3.6237047e-16 
205.099240    3.6196827e-16 
205.593510    3.6156607e-16 
206.087780    3.6116387e-16 
206.582050    3.6076167e-16 
207.076320    3.6035947e-16 
207.570590    3.5995726e-16 
208.064860    3.5955506e-16 
208.559130    3.5915286e-16 
209.053400    3.5875066e-16 
209.547670    3.5834846e-16 
210.041940    3.5794626e-16 
210.536210    3.5754406e-16 
211.030480    3.5714186e-16 
211.524750    3.5673966e-16 
212.019020    3.5633746e-16 
212.513290    3.5593526e-16 
213.007560    3.5553306e-16 
213.501830    3.5513086e-16 
213.996100    3.5472866e-16 
214.490370    3.5432646e-16 
214.984640    3.5392426e-16 
215.478910    3.5352206e-16 
215.973180    3.5311986e-16 
216.467450    3.5271766e-16 
216.961720    3.5231546e-16 
217.455990    3.5191326e-16 
217.950260    3.5151106e-16 
218.444530    3.5110886e-16 
218.938800    3.5070666e-16 
219.433070    3.5030446e-16 
219.927340    3.4990226e-16 
220.421610    3.4950006e-16 
220.915880    3.4909786e-16 
221.410150    3.4869566e-16 
221.904420    3.4829346e-16 
222.398690    3.4789126e-16 
222.892960    3.4748906e-16 
223.387230    3.4708686e-16 
223.881500    3.4668466e-16 
224.375770    3.4628246e-16 
224.870040    3.4588026e-16 
225.364310    3.4547806e-16 
225.858580    3.4507586e-16 
226.352850    3.4467366e-16 
226.847120    3.4427146e-16 
227.341390    3.4386926e-16 
227.835660    3.4346706e-16 
228.329930    3.4306486e-16 
228.824200    3.4266266e-16 
229.318470    3.4226046e-16 
229.812740    3.4185826e-16 
230.307010    3.4145606e-16 
230.801280    3.4105386e-16 
231.295550    3.4065166e-16 
231.789820    3.4024946e-16 
232.284090    3.3984726e-16 
232.778360    3.3944506e-16 
233.272630    3.3904286e-16 
233.766900    3.3864066e-16 
234.261170    3.3823846e-16 
234.755440    3.3783626e-16 
235.249710    3.3743406e-16 
235.743980    3.3703186e-16 
236.238250    3.3662966e-16 
236.732520    3.3622746e-16 
237.226790    3.3582526e-16 
237.721060    3.3542306e-16 
238.215330    3.3502086e-16 
238.709600    3.3461866e-16 
239.203870    3.3421646e-16 
239.698140    3.3381426e-16 
240.192410    3.3341206e-16 
240.686680    3.3300986e-16 
241.180950    3.3260766e-16 
241.675220    3.3220546e-16 
242.169490    3.3180326e-16 
242.663760    3.3140106e-16 
243.158030    3.3099886e-16 
243.652300    3.3059666e-16 
244.146570    3.3019446e-16 
244.640840    3.2979226e-16 
245.135110    3.2939006e-16 
245.629380    3.2898786e-16 
246.123650    3.2858566e-16 
246.617920    3.2818346e-16 
247.112190    3.2778126e-16 
247.606460    3.2737906e-16 
248.100730    3.2697686e-16 
248.595000    3.2657466e-16 
249.089270    3.2617246e-16 
249.583540    3.2577026e-16 
250.077810    3.2536806e-16 
250.572080    3.2496586e-16 
251.066350    3.2456366e-16 
251.560620    3.2416146e-16 
252.054890    3.2375926e-16 
252.549160    3.2335706e-16 
253.043430    3.2295486e-16 
253.537700    3.2255266e-16 
254.031970    3.2215046e-16 
254.526240    3.2174826e-16 
255.020510    3.2134606e-16 
255.514780    3.2094386e-16 
256.009050    3.2054166e-16 
256.503320    3.2013946e-16 
256.997590    3.1973726e-16 
257.491860    3.1933506e-16 
257.986130    3.1893285e-16 
258.480400    3.1853065e-16 
258.974670    3.1812845e-16 
259.468940    3.1772625e-16 
259.963210    3.1732405e-16 
260.457480    3.1692185e-16 
260.951750    3.1651965e-16 
261.446020    3.1611745e-16 
261.940290    3.1571525e-16 
262.434560    3.1531305e-16 
262.928830    3.1491085e-16 
263.423100    3.1450865e-16 
263.917370    3.1410645e-16 
264.411640    3.1370425e-16 
264.905910    3.1330205e-16 
265.400180    3.1289985e-16 
265.894450    3.1249765e-16 
266.388720    3.1209545e-16 
266.882990    3.1169325e-16 
267.377260    3.1129105e-16 
267.871530    3.1088885e-16 
268.365800    3.1048665e-16 
268.860070    3.1008445e-16 
269.354340    3.0968225e-16 
269.848610    3.0928005e-16 
270.342880    3.0887785e-16 
270.837150    3.0847565e-16 
271.331420    3.0807345e-16 
271.825690    3.0767125e-16 
272.319960    3.0726905e-16 
272.814230    3.0686685e-16 
273.308500    3.0646465e-16 
273.802770    3.0606245e-16 
274.297040    3.0566025e-16 
274.791310    3.0525805e-16 
275.285580    3.0485585e-16 
275.779850    3.0445365e-16 
276.274120    3.0405145e-16 
276.768390    3.0364925e-16 
277.262660    3.0324705e-16 
277.756930    3.0284485e-16 
278.251200    3.0244265e-16 
278.745470    3.0204045e-16 
279.239740    3.0163825e-16 
279.734010    3.0123605e-16 
280.228280    3.0083385e-16 
280.722550    3.0043165e-16 
281.216820    3.0002945e-16 
281.711090    2.9962725e-16 
282.205360    2.9922505e-16 
282.699630    2.9882285e-16 
283.193900    2.9842065e-16 
283.688170    2.9801845e-16 
284.182440    2.9761625e-16 
284.676710    2.9721405e-16 
285.170980    2.9681185e-16 
285.665250    2.9640965e-16 
286.159520    2.9600745e-16 
286.653790    2.9560525e-16 
287.148060    2.9520305e-16 
287.642330    2.9480085e-16 
288.136600    2.9439865e-16 
288.630870    2.9399645e-16 
289.125140    2.9359425e-16 
289.619410    2.9319205e-16 
290.113680    2.9278985e-16 
290.607950    2.9238765e-16 
291.102220    2.9198545e-16 
291.596490    2.9158325e-16 
292.090760    2.9118105e-16 
292.585030    2.9077885e-16 
293.079300    2.9037665e-16 
293.573570    2.8997445e-16 
294.067840    2.8957225e-16 
294.562110    2.8917005e-16 
295.056380    2.8876785e-16 
295.550650    2.8836565e-16 
296.044920    2.8797305e-16 
296.539190    2.8767649e-16 
297.033460    2.8737992e-16 
297.527730    2.8708336e-16 
298.022000    2.8678680e-16 
298.516270    2.8649024e-16 
299.010540    2.8619368e-16 
299.504810    2.8589711e-16 
299.999080    2.8560055e-16 
300.493350    2.8530399e-16 
300.987620    2.8500743e-16 
301.481890    2.8471087e-16 
301.976160    2.8441430e-16 
302.470430    2.8411774e-16 
302.964700    2.8382118e-16 
303.458970    2.8352462e-16 
303.953240    2.8322806e-16 
304.447510    2.8293149e-16 
304.941780    2.8263493e-16 
305.436050    2.8233837e-16 
305.930320    2.8204181e-16 
306.424590    2.8174525e-16 
306.918860    2.8144868e-16 
307.413130    2.8115212e-16 
307.907400    2.8085556e-16 
308.401670    2.8055900e-16 
308.895940    2.8026244e-16 
309.390210    2.7996587e-16 
309.884480    2.7966931e-16 
310.378750    2.7937275e-16 
310.873020    2.7907619e-16 
311.367290    2.7877963e-16 
311.861560    2.7848306e-16 
312.355830    2.7818650e-16 
312.850100    2.7788994e-16 
313.344370    2.7759338e-16 
313.838640    2.7729682e-16 
314.332910    2.7700025e-16 
314.827180    2.7670369e-16 
315.321450    2.7640713e-16 
315.815720    2.7611057e-16 
316.309990    2.7581401e-16 
316.804260    2.7551744e-16 
317.298530    2.7522088e-16 
317.792800    2.7492432e-16 
318.287070    2.7462776e-16 
318.781340    2.7433120e-16 
319.275610    2.7403463e-16 
319.769880    2.7373807e-16 
320.264150    2.7344151e-16 
320.758420    2.7314495e-16 
321.252690    2.7284839e-16 
321.746960    2.7255182e-16 
322.241230    2.7225526e-16 
322.735500    2.7195870e-16 
323.229770    2.7166214e-16 
323.724040    2.7136558e-16 
324.218310    2.7106901e-16 
324.712580    2.7077245e-16 
325.206850    2.7047589e-16 
325.701120    2.7017933e-16 
326.195390    2.6988277e-16 
326.689660    2.6958620e-16 
327.183930    2.6928964e-16 
327.678200    2.6899308e-16 
328.172470    2.6869652e-16 
328.666740    2.6839996e-16 
329.161010    2.6810339e-16 
329.655280    2.6780683e-16 
330.149550    2.6751027e-16 
330.643820    2.6721371e-16 
331.138090    2.6691715e-16 
331.632360    2.6662058e-16 
332.126630    2.6632402e-16 
332.620900    2.6602746e-16 
333.115170    2.6573090e-16 
333.609440    2.6543434e-16 
334.103710    2.6513777e-16 
334.597980    2.6484121e-16 
335.092250    2.6454465e-16 
335.586520    2.6424809e-16 
336.080790    2.6395153e-16 
336.575060    2.6365496e-16 
337.069330    2.6335840e-16 
337.563600    2.6306184e-16 
338.057870    2.6276528e-16 
338.552140    2.6246872e-16 
339.046410    2.6217215e-16 
339.540680    2.6187559e-16 
340.034950    2.6157903e-16 
340.529220    2.6128247e-16 
341.023490    2.6098591e-16 
341.517760    2.6068934e-16 
342.012030    2.6039278e-16 
342.506300    2.6009622e-16 
343.000570    2.5979966e-16 
343.494840    2.5950310e-16 
343.989110    2.5920653e-16 
344.483380    2.5890997e-16 
344.977650    2.5861341e-16 
345.471920    2.5831685e-16 
345.966190    2.5802029e-16 
346.460460    2.5772372e-16 
346.954730    2.5742716e-16 
347.449000    2.5713060e-16 
347.943270    2.5683404e-16 
348.437540    2.5653748e-16 
348.931810    2.5624091e-16 
349.426080    2.5594435e-16 
349.920350    2.5564779e-16 
350.414620    2.5535123e-16 
350.908890    2.5505467e-16 
351.403160    2.5475810e-16 
351.897430    2.5446154e-16 
352.391700    2.5416498e-16 
352.885970    2.5386842e-16 
353.380240    2.5357186e-16 
353.874510    2.5327529e-16 
354.368780    2.5297873e-16 
354.863050    2.5268217e-16 
355.357320    2.5238561e-16 
355.851590    2.5208905e-16 
356.345860    2.5179248e-16 
356.840130    2.5149592e-16 
357.334400    2.5119936e-16 
357.828670    2.5090280e-16 
358.322940    2.5060624e-16 
358.817210    2.5030967e-16 
359.311480    2.5001311e-16 
359.805750    2.4971655e-16 
360.300020    2.4941999e-16 
360.794290    2.4912343e-16 
361.288560    2.4882686e-16 
361.782830    2.4853030e-16 
362.277100    2.4823374e-16 
362.771370    2.4793718e-16 
363.265640    2.4764062e-16 
363.759910    2.4734405e-16 
364.254180    2.4704749e-16 
364.748450    2.4675093e-16 
365.242720    2.4645437e-16 
365.736990    2.4615781e-16 
366.231260    2.4586124e-16 
366.725530    2.4556468e-16 
367.219800    2.4526812e-16 
367.714070    2.4497156e-16 
368.208340    2.4467500e-16 
368.702610    2.4437843e-16 
369.196880    2.4408187e-16 
369.691150    2.4378531e-16 
370.185420    2.4348875e-16 
370.679690    2.4319219e-16 
371.173960    2.4289562e-16 
371.668230    2.4259906e-16 
372.162500    2.4230250e-16 
372.656770    2.4200594e-16 
373.151040    2.4170938e-16 
373.645310    2.4141281e-16 
374.139580    2.4111625e-16 
374.633850    2.4081969e-16 
375.128120    2.4052313e-16 
375.622390    2.4022657e-16 
376.116660    2.3993000e-16 
376.610930    2.3963344e-16 
377.105200    2.3933688e-16 
377.599470    2.3904032e-16 
378.093740    2.3874376e-16 
378.588010    2.3844719e-16 
379.082280    2.3815063e-16 
379.576550    2.3785407e-16 
380.070820    2.3755751e-16 
380.565090    2.3726095e-16 
381.059360    2.3696438e-16 
381.553630    2.3666782e-16 
382.047900    2.3637126e-16 
382.542170    2.3607470e-16 
383.036440    2.3577814e-16 
383.530710    2.3548157e-16 
384.024980    2.3518501e-16 
384.519250    2.3488845e-16 
385.013520    2.3459189e-16 
385.507790    2.3429533e-16 
386.002060    2.3399876e-16 
386.496330    2.3370220e-16 
386.990600    2.3340564e-16 
387.484870    2.3310908e-16 
387.979140    2.3281252e-16 
388.473410    2.3251595e-16 
388.967680    2.3221939e-16 
389.461950    2.3192283e-16 
389.956220    2.3162627e-16 
390.450490    2.3132971e-16 
390.944760    2.3103314e-16 
391.439030    2.3073658e-16 
391.933300    2.3044002e-16 
392.427570    2.3014346e-16 
392.921840    2.2984690e-16 
393.416110    2.2955033e-16 
393.910380    2.2925377e-16 
394.404650    2.2895721e-16 
394.898920    2.2866065e-16 
395.393190    2.2836409e-16 
395.887460    2.2806752e-16 
396.381730    2.2784962e-16 
396.876000    2.2765491e-16 
397.370270    2.2746020e-16 
397.864540    2.2726548e-16 
398.358810    2.2707077e-16 
398.853080    2.2687606e-16 
399.347350    2.2668135e-16 
399.841620    2.2648663e-16 
400.335890    2.2629192e-16 
400.830160    2.2609721e-16 
401.324430    2.2590250e-16 
401.818700    2.2570778e-16 
402.312970    2.2551307e-16 
402.807240    2.2531836e-16 
403.301510    2.2512365e-16 
403.795780    2.2492894e-16 
404.290050    2.2473422e-16 
404.784320    2.2453951e-16 
405.278590    2.2434480e-16 
405.772860    2.2415009e-16 
406.267130    2.2395537e-16 
406.761400    2.2376066e-16 
407.255670    2.2356595e-16 
407.749940    2.2337124e-16 
408.244210    2.2317652e-16 
408.738480    2.2298181e-16 
409.232750    2.2278710e-16 
409.727020    2.2259239e-16 
410.221290    2.2239767e-16 
410.715560    2.2220296e-16 
411.209830    2.2200825e-16 
411.704100    2.2181354e-16 
412.198370    2.2161882e-16 
412.692640    2.2142411e-16 
413.186910    2.2122940e-16 
413.681180    2.2103469e-16 
414.175450    2.2083997e-16 
414.669720    2.2064526e-16 
415.163990    2.2045055e-16 
415.658260    2.2025584e-16 
416.152530    2.2006112e-16 
416.646800    2.1986641e-16 
417.141070    2.1967170e-16 
417.635340    2.1947699e-16 
418.129610    2.1928227e-16 
418.623880    2.1908756e-16 
419.118150    2.1889285e-16 
419.612420    2.1869814e-16 
420.106690    2.1850343e-16 
420.600960    2.1830871e-16 
421.095230    2.1811400e-16 
421.589500    2.1791929e-16 
422.083770    2.1772458e-16 
422.578040    2.1752986e-16 
423.072310    2.1733515e-16 
423.566580    2.1714044e-16 
424.060850    2.1694573e-16 
424.555120    2.1675101e-16 
425.049390    2.1655630e-16 
425.543660    2.1636159e-16 
426.037930    2.1616688e-16 
426.532200    2.1597216e-16 
427.026470    2.1577745e-16 
427.520740    2.1558274e-16 
428.015010    2.1538803e-16 
428.509280    2.1519331e-16 
429.003550    2.1499860e-16 
429.497820    2.1480389e-16 
429.992090    2.1460918e-16 
430.486360    2.1441446e-16 
430.980630    2.1421975e-16 
431.474900    2.1402504e-16 
431.969170    2.1383033e-16 
432.463440    2.1363561e-16 
432.957710    2.1344090e-16 
433.451980    2.1324619e-16 
433.946250    2.1305148e-16 
434.440520    2.1285676e-16 
434.934790    2.1266205e-16 
435.429060    2.1246734e-16 
435.923330    2.1227263e-16 
436.417600    2.1207792e-16 
436.911870    2.1188320e-16 
437.406140    2.1168849e-16 
437.900410    2.1149378e-16 
438.394680    2.1129907e-16 
438.888950    2.1110435e-16 
439.383220    2.1090964e-16 
439.877490    2.1071493e-16 
440.371760    2.1052022e-16 
440.866030    2.1032550e-16 
441.360300    2.1013079e-16 
441.854570    2.0993608e-16 
442.348840    2.0974137e-16 
442.843110    2.0954665e-16 
443.337380    2.0935194e-16 
443.831650    2.0915723e-16 
444.325920    2.0896252e-16 
444.820190    2.0876780e-16 
445.314460    2.0857309e-16 
445.808730    2.0837838e-16 
446.303000    2.0818367e-16 
446.797270    2.0798895e-16 
447.291540    2.0779424e-16 
447.785810    2.0759953e-16 
448.280080    2.0740482e-16 
448.774350    2.0721010e-16 
449.268620    2.0701539e-16 
449.762890    2.0682068e-16 
450.257160    2.0662597e-16 
450.751430    2.0643125e-16 
451.245700    2.0623654e-16 
451.739970    2.0604183e-16 
452.234240    2.0584712e-16 
452.728510    2.0565241e-16 
453.222780    2.0545769e-16 
453.717050    2.0526298e-16 
454.211320    2.0506827e-16 
454.705590    2.0487356e-16 
455.199860    2.0467884e-16 
455.694130    2.0448413e-16 
456.188400    2.0428942e-16 
456.682670    2.0409471e-16 
457.176940    2.0389999e-16 
457.671210    2.0370528e-16 
458.165480    2.0351057e-16 
458.659750    2.0331586e-16 
459.154020    2.0312114e-16 
459.648290    2.0292643e-16 
460.142560    2.0273172e-16 
460.636830    2.0253701e-16 
461.131100    2.0234229e-16 
461.625370    2.0214758e-16 
462.119640    2.0195287e-16 
462.613910    2.0175816e-16 
463.108180    2.0156344e-16 
463.602450    2.0136873e-16 
464.096720    2.0117402e-16 
464.590990    2.0097931e-16 
465.085260    2.0078459e-16 
465.579530    2.0058988e-16 
466.073800    2.0039517e-16 
466.568070    2.0020046e-16 
467.062340    2.0000574e-16 
467.556610    1.9981103e-16 
468.050880    1.9961632e-16 
468.545150    1.9942161e-16 
469.039420    1.9922690e-16 
469.533690    1.9903218e-16 
470.027960    1.9883747e-16 
470.522230    1.9864276e-16 
471.016500    1.9844805e-16 
471.510770    1.9825333e-16 
472.005040    1.9805862e-16 
472.499310    1.9786391e-16 
472.993580    1.9766920e-16 
473.487850    1.9747448e-16 
473.982120    1.9727977e-16 
474.476390    1.9708506e-16 
474.970660    1.9689035e-16 
475.464930    1.9669563e-16 
475.959200    1.9650092e-16 
476.453470    1.9630621e-16 
476.947740    1.9611150e-16 
477.442010    1.9591678e-16 
477.936280    1.9572207e-16 
478.430550    1.9552736e-16 
478.924820    1.9533265e-16 
479.419090    1.9513793e-16 
479.913360    1.9494322e-16 
480.407630    1.9474851e-16 
480.901900    1.9455380e-16 
481.396170    1.9435908e-16 
481.890440    1.9416437e-16 
482.384710    1.9396966e-16 
482.878980    1.9377495e-16 
483.373250    1.9358023e-16 
483.867520    1.9338552e-16 
484.361790    1.9319081e-16 
484.856060    1.9299610e-16 
485.350330    1.9280139e-16 
485.844600    1.9260667e-16 
486.338870    1.9241196e-16 
486.833140    1.9221725e-16 
487.327410    1.9202254e-16 
487.821680    1.9182782e-16 
488.315950    1.9163311e-16 
488.810220    1.9143840e-16 
489.304490    1.9124369e-16 
489.798760    1.9104897e-16 
490.293030    1.9085426e-16 
490.787300    1.9065955e-16 
491.281570    1.9046484e-16 
491.775840    1.9027012e-16 
492.270110    1.9007541e-16 
492.764380    1.8988070e-16 
493.258650    1.8968599e-16 
493.752920    1.8949127e-16 
494.247190    1.8929656e-16 
494.741460    1.8910185e-16 
495.235730    1.8893635e-16 
495.730000    1.8880290e-16 
496.224270    1.8866945e-16 
496.718540    1.8853599e-16 
497.212810    1.8840254e-16 
497.707080    1.8826909e-16 
498.201350    1.8813564e-16 
498.695620    1.8800218e-16 
499.189890    1.8786873e-16 
499.684160    1.8773528e-16 
500.178430    1.8760182e-16 
500.672700    1.8746837e-16 
501.166970    1.8733492e-16 
501.661240    1.8720147e-16 
502.155510    1.8706801e-16 
502.649780    1.8693456e-16 
503.144050    1.8680111e-16 
503.638320    1.8666765e-16 
504.132590    1.8653420e-16 
504.626860    1.8640075e-16 
505.121130    1.8626729e-16 
505.615400    1.8613384e-16 
506.109670    1.8600039e-16 
506.603940    1.8586694e-16 
507.098210    1.8573348e-16 
507.592480    1.8560003e-16 
508.086750    1.8546658e-16 
508.581020    1.8533312e-16 
509.075290    1.8519967e-16 
509.569560    1.8506622e-16 
510.063830    1.8493277e-16 
510.558100    1.8479931e-16 
511.052370    1.8466586e-16 
511.546640    1.8453241e-16 
512.040910    1.8439895e-16 
512.535180    1.8426550e-16 
513.029450    1.8413205e-16 
513.523720    1.8399860e-16 
514.017990    1.8386514e-16 
514.512260    1.8373169e-16 
515.006530    1.8359824e-16 
515.500800    1.8346478e-16 
515.995070    1.8333133e-16 
516.489340    1.8319788e-16 
516.983610    1.8306443e-16 
517.477880    1.8293097e-16 
517.972150    1.8279752e-16 
518.466420    1.8266407e-16 
518.960690    1.8253061e-16 
519.454960    1.8239716e-16 
519.949230    1.8226371e-16 
520.443500    1.8213025e-16 
520.937770    1.8199680e-16 
521.432040    1.8186335e-16 
521.926310    1.8172990e-16 
522.420580    1.8159644e-16 
522.914850    1.8146299e-16 
523.409120    1.8132954e-16 
523.903390    1.8119608e-16 
524.397660    1.8106263e-16 
524.891930    1.8092918e-16 
525.386200    1.8079573e-16 
525.880470    1.8066227e-16 
526.374740    1.8052882e-16 
526.869010    1.8039537e-16 
527.363280    1.8026191e-16 
527.857550    1.8012846e-16 
528.351820    1.7999501e-16 
528.846090    1.7986156e-16 
529.340360    1.7972810e-16 
529.834630    1.7959465e-16 
530.328900    1.7946120e-16 
530.823170    1.7932774e-16 
531.317440    1.7919429e-16 
531.811710    1.7906084e-16 
532.305980    1.7892739e-16 
532.800250    1.7879393e-16 
533.294520    1.7866048e-16 
533.788790    1.7852703e-16 
534.283060    1.7839357e-16 
534.777330    1.7826012e-16 
535.271600    1.7812667e-16 
535.765870    1.7799322e-16 
536.260140    1.7785976e-16 
536.754410    1.7772631e-16 
537.248680    1.7759286e-16 
537.742950    1.7745940e-16 
538.237220    1.7732595e-16 
538.731490    1.7719250e-16 
539.225760    1.7705904e-16 
539.720030    1.7692559e-16 
540.214300    1.7679214e-16 
540.708570    1.7665869e-16 
541.202840    1.7652523e-16 
541.697110    1.7639178e-16 
542.191380    1.7625833e-16 
542.685650    1.7612487e-16 
543.179920    1.7599142e-16 
543.674190    1.7585797e-16 
544.168460    1.7572452e-16 
544.662730    1.7559106e-16 
545.157000    1.7545761e-16 
545.651270    1.7532416e-16 
546.145540    1.7519070e-16 
546.639810    1.7505725e-16 
547.134080    1.7492380e-16 
547.628350    1.7479035e-16 
548.122620    1.7465689e-16 
548.616890    1.7452344e-16 
549.111160    1.7438999e-16 
549.605430    1.7425653e-16 
550.099700    1.7412308e-16 
550.593970    1.7398963e-16 
551.088240    1.7385618e-16 
551.582510    1.7372272e-16 
552.076780    1.7358927e-16 
552.571050    1.7345582e-16 
553.065320    1.7332236e-16 
553.559590    1.7318891e-16 
554.053860    1.7305546e-16 
554.548130    1.7292200e-16 
555.042400    1.7278855e-16 
555.536670    1.7265510e-16 
556.030940    1.7252165e-16 
556.525210    1.7238819e-16 
557.019480    1.7225474e-16 
557.513750    1.7212129e-16 
558.008020    1.7198783e-16 
558.502290    1.7185438e-16 
558.996560    1.7172093e-16 
559.490830    1.7158748e-16 
559.985100    1.7145402e-16 
560.479370    1.7132057e-16 
560.973640    1.7118712e-16 
561.467910    1.7105366e-16 
561.962180    1.7092021e-16 
562.456450    1.7078676e-16 
562.950720    1.7065331e-16 
563.444990    1.7051985e-16 
563.939260    1.7038640e-16 
564.433530    1.7025295e-16 
564.927800    1.7011949e-16 
565.422070    1.6998604e-16 
565.916340    1.6985259e-16 
566.410610    1.6971914e-16 
566.904880    1.6958568e-16 
567.399150    1.6945223e-16 
567.893420    1.6931878e-16 
568.387690    1.6918532e-16 
568.881960    1.6905187e-16 
569.376230    1.6891842e-16 
569.870500    1.6878496e-16 
570.364770    1.6865151e-16 
570.859040    1.6851806e-16 
571.353310    1.6838461e-16 
571.847580    1.6825115e-16 
572.341850    1.6811770e-16 
572.836120    1.6798425e-16 
573.330390    1.6785079e-16 
573.824660    1.6771734e-16 
574.318930    1.6758389e-16 
574.813200    1.6745044e-16 
575.307470    1.6731698e-16 
575.801740    1.6718353e-16 
576.296010    1.6705008e-16 
576.790280    1.6691662e-16 
577.284550    1.6678317e-16 
577.778820    1.6664972e-16 
578.273090    1.6651627e-16 
578.767360    1.6638281e-16 
579.261630    1.6624936e-16 
579.755900    1.6611591e-16 
580.250170    1.6598245e-16 
580.744440    1.6584900e-16 
581.238710    1.6571555e-16 
581.732980    1.6558210e-16 
582.227250    1.6544864e-16 
582.721520    1.6531519e-16 
583.215790    1.6518174e-16 
583.710060    1.6504828e-16 
584.204330    1.6491483e-16 
584.698600    1.6478138e-16 
585.192870    1.6464793e-16 
585.687140    1.6451447e-16 
586.181410    1.6438102e-16 
586.675680    1.6424757e-16 
587.169950    1.6411411e-16 
587.664220    1.6398066e-16 
588.158490    1.6384721e-16 
588.652760    1.6371375e-16 
589.147030    1.6358030e-16 
589.641300    1.6344685e-16 
590.135570    1.6331340e-16 
590.629840    1.6317994e-16 
591.124110    1.6304649e-16 
591.618380    1.6291304e-16 
592.112650    1.6277958e-16 
592.606920    1.6264613e-16 
593.101190    1.6251268e-16 
593.595460    1.6237923e-16 
594.089730    1.6224577e-16 
594.584000    1.6211232e-16 
595.078270    1.6198656e-16 
595.572540    1.6190169e-16 
596.066810    1.6181681e-16 
596.561080    1.6173194e-16 
597.055350    1.6164706e-16 
597.549620    1.6156219e-16 
598.043890    1.6147731e-16 
598.538160    1.6139244e-16 
599.032430    1.6130756e-16 
599.526700    1.6122269e-16 
600.020970    1.6113781e-16 
600.515240    1.6105294e-16 
601.009510    1.6096806e-16 
601.503780    1.6088319e-16 
601.998050    1.6079831e-16 
602.492320    1.6071344e-16 
602.986590    1.6062857e-16 
603.480860    1.6054369e-16 
603.975130    1.6045882e-16 
604.469400    1.6037394e-16 
604.963670    1.6028907e-16 
605.457940    1.6020419e-16 
605.952210    1.6011932e-16 
606.446480    1.6003444e-16 
606.940750    1.5994957e-16 
607.435020    1.5986469e-16 
607.929290    1.5977982e-16 
608.423560    1.5969494e-16 
608.917830    1.5961007e-16 
609.412100    1.5952519e-16 
609.906370    1.5944032e-16 
610.400640    1.5935545e-16 
610.894910    1.5927057e-16 
611.389180    1.5918570e-16 
611.883450    1.5910082e-16 
612.377720    1.5901595e-16 
612.871990    1.5893107e-16 
613.366260    1.5884620e-16 
613.860530    1.5876132e-16 
614.354800    1.5867645e-16 
614.849070    1.5859157e-16 
615.343340    1.5850670e-16 
615.837610    1.5842182e-16 
616.331880    1.5833695e-16 
616.826150    1.5825208e-16 
617.320420    1.5816720e-16 
617.814690    1.5808233e-16 
618.308960    1.5799745e-16 
618.803230    1.5791258e-16 
619.297500    1.5782770e-16 
619.791770    1.5774283e-16 
620.286040    1.5765795e-16 
620.780310    1.5757308e-16 
621.274580    1.5748820e-16 
621.768850    1.5740333e-16 
622.263120    1.5731845e-16 
622.757390    1.5723358e-16 
623.251660    1.5714870e-16 
623.745930    1.5706383e-16 
624.240200    1.5697896e-16 
624.734470    1.5689408e-16 
625.228740    1.5680921e-16 
625.723010    1.5672433e-16 
626.217280    1.5663946e-16 
626.711550    1.5655458e-16 
627.205820    1.5646971e-16 
627.700090    1.5638483e-16 
628.194360    1.5629996e-16 
628.688630    1.5621508e-16 
629.182900    1.5613021e-16 
629.677170    1.5604533e-16 
630.171440    1.5596046e-16 
630.665710    1.5587559e-16 
631.159980    1.5579071e-16 
631.654250    1.5570584e-16 
632.148520    1.5562096e-16 
632.642790    1.5553609e-16 
633.137060    1.5545121e-16 
633.631330    1.5536634e-16 
634.125600    1.5528146e-16 
634.619870    1.5519659e-16 
635.114140    1.5511171e-16 
635.608410    1.5502684e-16 
636.102680    1.5494196e-16 
636.596950    1.5485709e-16 
637.091220    1.5477221e-16 
637.585490    1.5468734e-16 
638.079760    1.5460247e-16 
638.574030    1.5451759e-16 
639.068300    1.5443272e-16 
639.562570    1.5434784e-16 
640.056840    1.5426297e-16 
640.551110    1.5417809e-16 
641.045380    1.5409322e-16 
641.539650    1.5400834e-16 
642.033920    1.5392347e-16 
642.528190    1.5383859e-16 
643.022460    1.5375372e-16 
643.516730    1.5366884e-16 
644.011000    1.5358397e-16 
644.505270    1.5349910e-16 
644.999540    1.5341422e-16 
645.493810    1.5332935e-16 
645.988080    1.5324447e-16 
646.482350    1.5315960e-16 
646.976620    1.5307472e-16 
647.470890    1.5298985e-16 
647.965160    1.5290497e-16 
648.459430    1.5282010e-16 
648.953700    1.5273522e-16 
649.447970    1.5265035e-16 
649.942240    1.5256547e-16 
650.436510    1.5248060e-16 
650.930780    1.5239572e-16 
651.425050    1.5231085e-16 
651.919320    1.5222598e-16 
652.413590    1.5214110e-16 
652.907860    1.5205623e-16 
653.402130    1.5197135e-16 
653.896400    1.5188648e-16 
654.390670    1.5180160e-16 
654.884940    1.5171673e-16 
655.379210    1.5163185e-16 
655.873480    1.5154698e-16 
656.367750    1.5146210e-16 
656.862020    1.5137723e-16 
657.356290    1.5129235e-16 
657.850560    1.5120748e-16 
658.344830    1.5112260e-16 
658.839100    1.5103773e-16 
659.333370    1.5095286e-16 
659.827640    1.5086798e-16 
660.321910    1.5078311e-16 
660.816180    1.5069823e-16 
661.310450    1.5061336e-16 
661.804720    1.5052848e-16 
662.298990    1.5044361e-16 
662.793260    1.5035873e-16 
663.287530    1.5027386e-16 
663.781800    1.5018898e-16 
664.276070    1.5010411e-16 
664.770340    1.5001923e-16 
665.264610    1.4993436e-16 
665.758880    1.4984949e-16 
666.253150    1.4976461e-16 
666.747420    1.4967974e-16 
667.241690    1.4959486e-16 
667.735960    1.4950999e-16 
668.230230    1.4942511e-16 
668.724500    1.4934024e-16 
669.218770    1.4925536e-16 
669.713040    1.4917049e-16 
670.207310    1.4908561e-16 
670.701580    1.4900074e-16 
671.195850    1.4891586e-16 
671.690120    1.4883099e-16 
672.184390    1.4874611e-16 
672.678660    1.4866124e-16 
673.172930    1.4857637e-16 
673.667200    1.4849149e-16 
674.161470    1.4840662e-16 
674.655740    1.4832174e-16 
675.150010    1.4823687e-16 
675.644280    1.4815199e-16 
676.138550    1.4806712e-16 
676.632820    1.4798224e-16 
677.127090    1.4789737e-16 
677.621360    1.4781249e-16 
678.115630    1.4772762e-16 
678.609900    1.4764274e-16 
679.104170    1.4755787e-16 
679.598440    1.4747300e-16 
680.092710    1.4738812e-16 
680.586980    1.4730325e-16 
681.081250    1.4721837e-16 
681.575520    1.4713350e-16 
682.069790    1.4704862e-16 
682.564060    1.4696375e-16 
683.058330    1.4687887e-16 
683.552600    1.4679400e-16 
684.046870    1.4670912e-16 
684.541140    1.4662425e-16 
685.035410    1.4653937e-16 
685.529680    1.4645450e-16 
686.023950    1.4636962e-16 
686.518220    1.4628475e-16 
687.012490    1.4619988e-16 
687.506760    1.4611500e-16 
688.001030    1.4603013e-16 
688.495300    1.4594525e-16 
688.989570    1.4586038e-16 
689.483840    1.4577550e-16 
689.978110    1.4569063e-16 
690.472380    1.4560575e-16 
690.966650    1.4552088e-16 
691.460920    1.4543600e-16 
691.955190    1.4535113e-16 
692.449460    1.4526625e-16 
692.943730    1.4518138e-16 
693.438000    1.4509651e-16 
693.932270    1.4501163e-16 
694.426540    1.4494882e-16 
694.920810    1.4488950e-16 
695.415080    1.4483019e-16 
695.909350    1.4477088e-16 
696.403620    1.4471157e-16 
696.897890    1.4465225e-16 
697.392160    1.4459294e-16 
697.886430    1.4453363e-16 
698.380700    1.4447432e-16 
698.874970    1.4441500e-16 
699.369240    1.4435569e-16 
699.863510    1.4429638e-16 
700.357780    1.4423707e-16 
700.852050    1.4417775e-16 
701.346320    1.4411844e-16 
701.840590    1.4405913e-16 
702.334860    1.4399982e-16 
702.829130    1.4394050e-16 
703.323400    1.4388119e-16 
703.817670    1.4382188e-16 
704.311940    1.4376257e-16 
704.806210    1.4370325e-16 
705.300480    1.4364394e-16 
705.794750    1.4358463e-16 
706.289020    1.4352532e-16 
706.783290    1.4346601e-16 
707.277560    1.4340669e-16 
707.771830    1.4334738e-16 
708.266100    1.4328807e-16 
708.760370    1.4322876e-16 
709.254640    1.4316944e-16 
709.748910    1.4311013e-16 
710.243180    1.4305082e-16 
710.737450    1.4299151e-16 
711.231720    1.4293219e-16 
711.725990    1.4287288e-16 
712.220260    1.4281357e-16 
712.714530    1.4275426e-16 
713.208800    1.4269494e-16 
713.703070    1.4263563e-16 
714.197340    1.4257632e-16 
714.691610    1.4251701e-16 
715.185880    1.4245769e-16 
715.680150    1.4239838e-16 
716.174420    1.4233907e-16 
716.668690    1.4227976e-16 
717.162960    1.4222044e-16 
717.657230    1.4216113e-16 
718.151500    1.4210182e-16 
718.645770    1.4204251e-16 
719.140040    1.4198320e-16 
719.634310    1.4192388e-16 
720.128580    1.4186457e-16 
720.622850    1.4180526e-16 
721.117120    1.4174595e-16 
721.611390    1.4168663e-16 
722.105660    1.4162732e-16 
722.599930    1.4156801e-16 
723.094200    1.4150870e-16 
723.588470    1.4144938e-16 
724.082740    1.4139007e-16 
724.577010    1.4133076e-16 
725.071280    1.4127145e-16 
725.565550    1.4121213e-16 
726.059820    1.4115282e-16 
726.554090    1.4109351e-16 
727.048360    1.4103420e-16 
727.542630    1.4097488e-16 
728.036900    1.4091557e-16 
728.531170    1.4085626e-16 
729.025440    1.4079695e-16 
729.519710    1.4073763e-16 
730.013980    1.4067832e-16 
730.508250    1.4061901e-16 
731.002520    1.4055970e-16 
731.496790    1.4050039e-16 
731.991060    1.4044107e-16 
732.485330    1.4038176e-16 
732.979600    1.4032245e-16 
733.473870    1.4026314e-16 
733.968140    1.4020382e-16 
734.462410    1.4014451e-16 
734.956680    1.4008520e-16 
735.450950    1.4002589e-16 
735.945220    1.3996657e-16 
736.439490    1.3990726e-16 
736.933760    1.3984795e-16 
737.428030    1.3978864e-16 
737.922300    1.3972932e-16 
738.416570    1.3967001e-16 
738.910840    1.3961070e-16 
739.405110    1.3955139e-16 
739.899380    1.3949207e-16 
740.393650    1.3943276e-16 
740.887920    1.3937345e-16 
741.382190    1.3931414e-16 
741.876460    1.3925482e-16 
742.370730    1.3919551e-16 
742.865000    1.3913620e-16 
743.359270    1.3907689e-16 
743.853540    1.3901758e-16 
744.347810    1.3895826e-16 
744.842080    1.3889895e-16 
745.336350    1.3883964e-16 
745.830620    1.3878033e-16 
746.324890    1.3872101e-16 
746.819160    1.3866170e-16 
747.313430    1.3860239e-16 
747.807700    1.3854308e-16 
748.301970    1.3848376e-16 
748.796240    1.3842445e-16 
749.290510    1.3836514e-16 
749.784780    1.3830583e-16 
750.279050    1.3824651e-16 
750.773320    1.3818720e-16 
751.267590    1.3812789e-16 
751.761860    1.3806858e-16 
752.256130    1.3800926e-16 
752.750400    1.3794995e-16 
753.244670    1.3789064e-16 
753.738940    1.3783133e-16 
754.233210    1.3777201e-16 
754.727480    1.3771270e-16 
755.221750    1.3765339e-16 
755.716020    1.3759408e-16 
756.210290    1.3753477e-16 
756.704560    1.3747545e-16 
757.198830    1.3741614e-16 
757.693100    1.3735683e-16 
758.187370    1.3729752e-16 
758.681640    1.3723820e-16 
759.175910    1.3717889e-16 
759.670180    1.3711958e-16 
760.164450    1.3706027e-16 
760.658720    1.3700095e-16 
761.152990    1.3694164e-16 
761.647260    1.3688233e-16 
762.141530    1.3682302e-16 
762.635800    1.3676370e-16 
763.130070    1.3670439e-16 
763.624340    1.3664508e-16 
764.118610    1.3658577e-16 
764.612880    1.3652645e-16 
765.107150    1.3646714e-16 
765.601420    1.3640783e-16 
766.095690    1.3634852e-16 
766.589960    1.3628920e-16 
767.084230    1.3622989e-16 
767.578500    1.3617058e-16 
768.072770    1.3611127e-16 
768.567040    1.3605196e-16 
769.061310    1.3599264e-16 
769.555580    1.3593333e-16 
770.049850    1.3587402e-16 
770.544120    1.3581471e-16 
771.038390    1.3575539e-16 
771.532660    1.3569608e-16 
772.026930    1.3563677e-16 
772.521200    1.3557746e-16 
773.015470    1.3551814e-16 
773.509740    1.3545883e-16 
774.004010    1.3539952e-16 
774.498280    1.3534021e-16 
774.992550    1.3528089e-16 
775.486820    1.3522158e-16 
775.981090    1.3516227e-16 
776.475360    1.3510296e-16 
776.969630    1.3504364e-16 
777.463900    1.3498433e-16 
777.958170    1.3492502e-16 
778.452440    1.3486571e-16 
778.946710    1.3480639e-16 
779.440980    1.3474708e-16 
779.935250    1.3468777e-16 
780.429520    1.3462846e-16 
780.923790    1.3456915e-16 
781.418060    1.3450983e-16 
781.912330    1.3445052e-16 
782.406600    1.3439121e-16 
782.900870    1.3433190e-16 
783.395140    1.3427258e-16 
783.889410    1.3421327e-16 
784.383680    1.3415396e-16 
784.877950    1.3409465e-16 
785.372220    1.3403533e-16 
785.866490    1.3397602e-16 
786.360760    1.3391671e-16 
786.855030    1.3385740e-16 
787.349300    1.3379808e-16 
787.843570    1.3373877e-16 
788.337840    1.3367946e-16 
788.832110    1.3362015e-16 
789.326380    1.3356083e-16 
789.820650    1.3350152e-16 
790.314920    1.3344221e-16 
790.809190    1.3338290e-16 
791.303460    1.3332358e-16 
791.797730    1.3326427e-16 
792.292000    1.3320496e-16 
792.786270    1.3314565e-16 
793.280540    1.3308634e-16 
793.774810    1.3302702e-16 
794.269080    1.3297941e-16 
794.763350    1.3294158e-16 
795.257620    1.3290375e-16 
795.751890    1.3286593e-16 
796.246160    1.3282810e-16 
796.740430    1.3279027e-16 
797.234700    1.3275245e-16 
797.728970    1.3271462e-16 
798.223240    1.3267679e-16 
798.717510    1.3263897e-16 
799.211780    1.3260114e-16 
799.706050    1.3256331e-16 
800.200320    1.3252549e-16 
800.694590    1.3248766e-16 
801.188860    1.3244983e-16 
801.683130    1.3241201e-16 
802.177400    1.3237418e-16 
802.671670    1.3233635e-16 
803.165940    1.3229853e-16 
803.660210    1.3226070e-16 
804.154480    1.3222287e-16 
804.648750    1.3218504e-16 
805.143020    1.3214722e-16 
805.637290    1.3210939e-16 
806.131560    1.3207156e-16 
806.625830    1.3203374e-16 
807.120100    1.3199591e-16 
807.614370    1.3195808e-16 
808.108640    1.3192026e-16 
808.602910    1.3188243e-16 
809.097180    1.3184460e-16 
809.591450    1.3180678e-16 
810.085720    1.3176895e-16 
810.579990    1.3173112e-16 
811.074260    1.3169330e-16 
811.568530    1.3165547e-16 
812.062800    1.3161764e-16 
812.557070    1.3157982e-16 
813.051340    1.3154199e-16 
813.545610    1.3150416e-16 
814.039880    1.3146634e-16 
814.534150    1.3142851e-16 
815.028420    1.3139068e-16 
815.522690    1.3135286e-16 
816.016960    1.3131503e-16 
816.511230    1.3127720e-16 
817.005500    1.3123938e-16 
817.499770    1.3120155e-16 
817.994040    1.3116372e-16 
818.488310    1.3112589e-16 
818.982580    1.3108807e-16 
819.476850    1.3105024e-16 
819.971120    1.3101241e-16 
820.465390    1.3097459e-16 
820.959660    1.3093676e-16 
821.453930    1.3089893e-16 
821.948200    1.3086111e-16 
822.442470    1.3082328e-16 
822.936740    1.3078545e-16 
823.431010    1.3074763e-16 
823.925280    1.3070980e-16 
824.419550    1.3067197e-16 
824.913820    1.3063415e-16 
825.408090    1.3059632e-16 
825.902360    1.3055849e-16 
826.396630    1.3052067e-16 
826.890900    1.3048284e-16 
827.385170    1.3044501e-16 
827.879440    1.3040719e-16 
828.373710    1.3036936e-16 
828.867980    1.3033153e-16 
829.362250    1.3029371e-16 
829.856520    1.3025588e-16 
830.350790    1.3021805e-16 
830.845060    1.3018023e-16 
831.339330    1.3014240e-16 
831.833600    1.3010457e-16 
832.327870    1.3006674e-16 
832.822140    1.3002892e-16 
833.316410    1.2999109e-16 
833.810680    1.2995326e-16 
834.304950    1.2991544e-16 
834.799220    1.2987761e-16 
835.293490    1.2983978e-16 
835.787760    1.2980196e-16 
836.282030    1.2976413e-16 
836.776300    1.2972630e-16 
837.270570    1.2968848e-16 
837.764840    1.2965065e-16 
838.259110    1.2961282e-16 
838.753380    1.2957500e-16 
839.247650    1.2953717e-16 
839.741920    1.2949934e-16 
840.236190    1.2946152e-16 
840.730460    1.2942369e-16 
841.224730    1.2938586e-16 
841.719000    1.2934804e-16 
842.213270    1.2931021e-16 
842.707540    1.2927238e-16 
843.201810    1.2923456e-16 
843.696080    1.2919673e-16 
844.190350    1.2915890e-16 
844.684620    1.2912108e-16 
845.178890    1.2908325e-16 
845.673160    1.2904542e-16 
846.167430    1.2900759e-16 
846.661700    1.2896977e-16 
847.155970    1.2893194e-16 
847.650240    1.2889411e-16 
848.144510    1.2885629e-16 
848.638780    1.2881846e-16 
849.133050    1.2878063e-16 
849.627320    1.2874281e-16 
850.121590    1.2870498e-16 
850.615860    1.2866715e-16 
851.110130    1.2862933e-16 
851.604400    1.2859150e-16 
852.098670    1.2855367e-16 
852.592940    1.2851585e-16 
853.087210    1.2847802e-16 
853.581480    1.2844019e-16 
854.075750    1.2840237e-16 
854.570020    1.2836454e-16 
855.064290    1.2832671e-16 
855.558560    1.2828889e-16 
856.052830    1.2825106e-16 
856.547100    1.2821323e-16 
857.041370    1.2817541e-16 
857.535640    1.2813758e-16 
858.029910    1.2809975e-16 
858.524180    1.2806193e-16 
859.018450    1.2802410e-16 
859.512720    1.2798627e-16 
860.006990    1.2794844e-16 
860.501260    1.2791062e-16 
860.995530    1.2787279e-16 
861.489800    1.2783496e-16 
861.984070    1.2779714e-16 
862.478340    1.2775931e-16 
862.972610    1.2772148e-16 
863.466880    1.2768366e-16 
863.961150    1.2764583e-16 
864.455420    1.2760800e-16 
864.949690    1.2757018e-16 
865.443960    1.2753235e-16 
865.938230    1.2749452e-16 
866.432500    1.2745670e-16 
866.926770    1.2741887e-16 
867.421040    1.2738104e-16 
867.915310    1.2734322e-16 
868.409580    1.2730539e-16 
868.903850    1.2726756e-16 
869.398120    1.2722974e-16 
869.892390    1.2719191e-16 
870.386660    1.2715408e-16 
870.880930    1.2711626e-16 
871.375200    1.2707843e-16 
871.869470    1.2704060e-16 
872.363740    1.2700278e-16 
872.858010    1.2696495e-16 
873.352280    1.2692712e-16 
873.846550    1.2688929e-16 
874.340820    1.2685147e-16 
874.835090    1.2681364e-16 
875.329360    1.2677581e-16 
875.823630    1.2673799e-16 
876.317900    1.2670016e-16 
876.812170    1.2666233e-16 
877.306440    1.2662451e-16 
877.800710    1.2658668e-16 
878.294980    1.2654885e-16 
878.789250    1.2651103e-16 
879.283520    1.2647320e-16 
879.777790    1.2643537e-16 
880.272060    1.2639755e-16 
880.766330    1.2635972e-16 
881.260600    1.2632189e-16 
881.754870    1.2628407e-16 
882.249140    1.2624624e-16 
882.743410    1.2620841e-16 
883.237680    1.2617059e-16 
883.731950    1.2613276e-16 
884.226220    1.2609493e-16 
884.720490    1.2605711e-16 
885.214760    1.2601928e-16 
885.709030    1.2598145e-16 
886.203300    1.2594362e-16 
886.697570    1.2590580e-16 
887.191840    1.2586797e-16 
887.686110    1.2583014e-16 
888.180380    1.2579232e-16 
888.674650    1.2575449e-16 
889.168920    1.2571666e-16 
889.663190    1.2567884e-16 
890.157460    1.2564101e-16 
890.651730    1.2560318e-16 
891.146000    1.2556536e-16 
891.640270    1.2552753e-16 
892.134540    1.2548970e-16 
892.628810    1.2545188e-16 
893.123080    1.2541405e-16 
893.617350    1.2537622e-16 
894.111620    1.2533840e-16 
894.605890    1.2530057e-16 
895.100160    1.2526274e-16 
895.594430    1.2522492e-16 
896.088700    1.2518709e-16 
896.582970    1.2514926e-16 
897.077240    1.2511144e-16 
897.571510    1.2507361e-16 
898.065780    1.2503578e-16 
898.560050    1.2499796e-16 
899.054320    1.2496013e-16 
899.548590    1.2492230e-16 
900.042860    1.2488448e-16 
900.537130    1.2484665e-16 
901.031400    1.2480882e-16 
901.525670    1.2477099e-16 
902.019940    1.2473317e-16 
902.514210    1.2469534e-16 
903.008480    1.2465751e-16 
903.502750    1.2461969e-16 
903.997020    1.2458186e-16 
904.491290    1.2454403e-16 
904.985560    1.2450621e-16 
905.479830    1.2446838e-16 
905.974100    1.2443055e-16 
906.468370    1.2439273e-16 
906.962640    1.2435490e-16 
907.456910    1.2431707e-16 
907.951180    1.2427925e-16 
908.445450    1.2424142e-16 
908.939720    1.2420359e-16 
909.433990    1.2416577e-16 
909.928260    1.2412794e-16 
910.422530    1.2409011e-16 
910.916800    1.2405229e-16 
911.411070    1.2401446e-16 
911.905340    1.2397663e-16 
912.399610    1.2393881e-16 
912.893880    1.2390098e-16 
913.388150    1.2386315e-16 
913.882420    1.2382533e-16 
914.376690    1.2378750e-16 
914.870960    1.2374967e-16 
915.365230    1.2371184e-16 
915.859500    1.2367402e-16 
916.353770    1.2363619e-16 
916.848040    1.2359836e-16 
917.342310    1.2356054e-16 
917.836580    1.2352271e-16 
918.330850    1.2348488e-16 
918.825120    1.2344706e-16 
919.319390    1.2340923e-16 
919.813660    1.2337140e-16 
920.307930    1.2333358e-16 
920.802200    1.2329575e-16 
921.296470    1.2325792e-16 
921.790740    1.2322010e-16 
922.285010    1.2318227e-16 
922.779280    1.2314444e-16 
923.273550    1.2310662e-16 
923.767820    1.2306879e-16 
924.262090    1.2303096e-16 
924.756360    1.2299314e-16 
925.250630    1.2295531e-16 
925.744900    1.2291748e-16 
926.239170    1.2287966e-16 
926.733440    1.2284183e-16 
927.227710    1.2280400e-16 
927.721980    1.2276617e-16 
928.216250    1.2272835e-16 
928.710520    1.2269052e-16 
929.204790    1.2265269e-16 
929.699060    1.2261487e-16 
930.193330    1.2257704e-16 
930.687600    1.2253921e-16 
931.181870    1.2250139e-16 
931.676140    1.2246356e-16 
932.170410    1.2242573e-16 
932.664680    1.2238791e-16 
933.158950    1.2235008e-16 
933.653220    1.2231225e-16 
934.147490    1.2227443e-16 
934.641760    1.2223660e-16 
935.136030    1.2219877e-16 
935.630300    1.2216095e-16 
936.124570    1.2212312e-16 
936.618840    1.2208529e-16 
937.113110    1.2204747e-16 
937.607380    1.2200964e-16 
938.101650    1.2197181e-16 
938.595920    1.2193399e-16 
939.090190    1.2189616e-16 
939.584460    1.2185833e-16 
940.078730    1.2182051e-16 
940.573000    1.2178268e-16 
941.067270    1.2174485e-16 
941.561540    1.2170703e-16 
942.055810    1.2166920e-16 
942.550080    1.2163137e-16 
943.044350    1.2159354e-16 
943.538620    1.2155572e-16 
944.032890    1.2151789e-16 
944.527160    1.2148006e-16 
945.021430    1.2144224e-16 
945.515700    1.2140441e-16 
946.009970    1.2136658e-16 
946.504240    1.2132876e-16 
946.998510    1.2129093e-16 
947.492780    1.2125310e-16 
947.987050    1.2121528e-16 
948.481320    1.2117745e-16 
948.975590    1.2113962e-16 
949.469860    1.2110180e-16 
949.964130    1.2106397e-16 
950.458400    1.2102614e-16 
950.952670    1.2098832e-16 
951.446940    1.2095049e-16 
951.941210    1.2091266e-16 
952.435480    1.2087484e-16 
952.929750    1.2083701e-16 
953.424020    1.2079918e-16 
953.918290    1.2076136e-16 
954.412560    1.2072353e-16 
954.906830    1.2068570e-16 
955.401100    1.2064787e-16 
955.895370    1.2061005e-16 
956.389640    1.2057222e-16 
956.883910    1.2053439e-16 
957.378180    1.2049657e-16 
957.872450    1.2045874e-16 
958.366720    1.2042091e-16 
958.860990    1.2038309e-16 
959.355260    1.2034526e-16 
959.849530    1.2030743e-16 
960.343800    1.2026961e-16 
960.838070    1.2023178e-16 
961.332340    1.2019395e-16 
961.826610    1.2015613e-16 
962.320880    1.2011830e-16 
962.815150    1.2008047e-16 
963.309420    1.2004265e-16 
963.803690    1.2000482e-16 
964.297960    1.1996699e-16 
964.792230    1.1992917e-16 
965.286500    1.1989134e-16 
965.780770    1.1985351e-16 
966.275040    1.1981569e-16 
966.769310    1.1977786e-16 
967.263580    1.1974003e-16 
967.757850    1.1970221e-16 
968.252120    1.1966438e-16 
968.746390    1.1962655e-16 
969.240660    1.1958872e-16 
969.734930    1.1955090e-16 
970.229200    1.1951307e-16 
970.723470    1.1947524e-16 
971.217740    1.1943742e-16 
971.712010    1.1939959e-16 
972.206280    1.1936176e-16 
972.700550    1.1932394e-16 
973.194820    1.1928611e-16 
973.689090    1.1924828e-16 
974.183360    1.1921046e-16 
974.677630    1.1917263e-16 
975.171900    1.1913480e-16 
975.666170    1.1909698e-16 
976.160440    1.1905915e-16 
976.654710    1.1902132e-16 
977.148980    1.1898350e-16 
977.643250    1.1894567e-16 
978.137520    1.1890784e-16 
978.631790    1.1887002e-16 
979.126060    1.1883219e-16 
979.620330    1.1879436e-16 
980.114600    1.1875654e-16 
980.608870    1.1871871e-16 
981.103140    1.1868088e-16 
981.597410    1.1864306e-16 
982.091680    1.1860523e-16 
982.585950    1.1856740e-16 
983.080220    1.1852958e-16 
983.574490    1.1849175e-16 
984.068760    1.1845392e-16 
984.563030    1.1841609e-16 
985.057300    1.1837827e-16 
985.551570    1.1834044e-16 
986.045840    1.1830261e-16 
986.540110    1.1826479e-16 
987.034380    1.1822696e-16 
987.528650    1.1818913e-16 
988.022920    1.1815131e-16 
988.517190    1.1811348e-16 
989.011460    1.1807565e-16 
989.505730    1.1803783e-16 
990.000000    1.1800000e-16 
